0 0.000000 0.036330 1.000000 3.333333
1 0.000691 0.058834 1.000000 3.333333
2 0.000977 0.070206 1.000000 3.333333
3 0.000846 0.072906 1.000000 3.333333
4 0.001381 0.065598 1.000000 3.333333
5 0.000000 0.045780 1.000000 3.333333
6 0.000000 0.027639 1.000000 3.333333
7 0.000691 0.028080 1.000000 3.333333
8 0.000977 0.027421 1.000000 3.333333
9 0.000691 0.022471 1.000000 3.333333
10 0.000000 0.048754 1.000000 3.333333
11 0.000000 0.033071 1.000000 3.333333
12 0.000488 0.048732 1.000000 3.333333
13 0.000691 0.057242 1.000000 3.333333
14 0.000000 0.054262 1.000000 3.333333
15 0.000000 0.031350 1.000000 3.333333
16 0.000000 0.019859 1.000000 3.333333
17 0.000846 0.016009 1.000000 3.333333
18 0.000691 0.015307 1.000000 3.333333
19 0.000488 0.015514 1.000000 3.333333
20 0.000691 0.015670 1.000000 3.333333
21 0.000977 0.018918 1.000000 3.333333
22 0.000977 0.013479 1.000000 3.333333
23 0.000846 0.030621 1.000000 3.333333
24 0.000000 0.009626 1.000000 3.333333
25 0.000000 0.010646 1.000000 3.333333
26 0.000691 0.008349 1.000000 3.333333
27 0.000000 0.026918 1.000000 3.333333
28 0.001092 0.025069 1.000000 3.333333
29 0.000846 0.012608 1.000000 3.333333
30 0.000488 0.020278 1.000000 3.333333
31 0.000000 0.015023 1.000000 3.333333
32 0.000488 0.009981 1.000000 3.333333
33 0.000488 0.021406 1.000000 3.333333
34 0.000691 0.020025 1.000000 3.333333
35 0.000691 0.018100 1.000000 3.333333
36 0.000000 0.020943 1.000000 3.333333
37 0.000000 0.015208 1.000000 3.333333
38 0.000691 0.036968 1.000000 3.333333
39 0.000691 0.010637 1.000000 3.333333
40 0.000691 0.045806 1.000000 3.333333
41 0.000488 0.024488 1.000000 3.333333
42 0.000488 0.013715 1.000000 3.333333
43 0.000977 0.019306 1.000000 3.333333
44 0.000000 0.013583 1.000000 3.333333
45 0.000488 0.011294 1.000000 3.333333
46 0.000488 0.025657 1.000000 3.333333
47 0.000977 0.014321 1.000000 3.333333
48 0.001196 0.021951 1.000000 3.333333
49 0.000000 0.021160 1.000000 3.333333
50 0.000000 0.009269 1.000000 3.333333
51 0.000000 0.010032 1.000000 3.333333
52 0.000691 0.017430 1.000000 3.333333
53 0.000691 0.019730 1.000000 3.333333
54 0.000000 0.006733 1.000000 3.333333
55 0.001196 0.019409 1.000000 2.500000
56 0.000977 0.040150 1.000000 2.500000
57 0.000691 0.030655 1.000000 2.500000
58 0.000691 0.025003 1.000000 2.500000
59 0.000691 0.025011 1.000000 2.500000
60 0.000691 0.017116 1.000000 2.500000
61 0.000691 0.033704 1.000000 2.500000
62 0.000691 0.027905 1.000000 2.000000
63 0.000000 0.045389 1.000000 2.000000
64 0.000977 0.028732 1.000000 2.000000
65 0.000977 0.040539 1.000000 2.000000
66 0.000691 0.039122 1.000000 2.000000
67 0.001196 0.017625 1.000000 2.000000
68 0.000488 0.034976 1.000000 2.000000
69 0.000977 0.037158 1.000000 2.000000
70 0.000846 0.025487 1.000000 2.000000
71 0.000488 0.040182 1.000000 1.666667
72 0.000488 0.019653 1.000000 1.666667
73 0.000846 0.016861 1.000000 1.666667
74 0.000846 0.023131 1.000000 1.666667
75 0.000977 0.014671 1.000000 2.000000
76 0.001381 0.008345 1.000000 2.000000
77 0.001381 0.018051 1.000000 2.000000
78 0.001196 0.026941 1.000000 2.000000
79 0.000691 0.036286 1.000000 2.000000
80 0.000000 0.034134 1.000000 2.000000
81 0.000691 0.025200 1.000000 2.000000
82 0.001092 0.014927 1.000000 2.000000
83 0.001465 0.012683 1.000000 2.000000
84 0.001196 0.022053 1.000000 2.000000
85 0.000977 0.015998 1.000000 2.000000
86 0.000691 0.018554 1.000000 2.000000
87 0.001196 0.022346 1.000000 2.000000
88 0.000846 0.017371 1.000000 2.500000
89 0.000691 0.044436 1.000000 2.500000
90 0.000691 0.064350 1.000000 2.500000
91 0.000846 0.074346 1.000000 2.500000
92 0.002128 0.078951 1.000000 2.500000
93 0.001953 0.072861 1.000000 2.500000
94 0.002290 0.059884 1.000000 2.500000
95 0.001761 0.083206 1.000000 2.500000
96 0.000977 0.069697 1.000000 2.500000
97 0.000977 0.051594 1.000000 2.500000
98 0.000846 0.045712 1.000000 2.500000
99 0.001381 0.038968 1.000000 2.500000
100 0.000000 0.036219 1.000000 3.333333
101 0.001381 0.035291 1.000000 3.333333
102 0.001891 0.053069 1.000000 3.333333
103 0.001381 0.021739 1.000000 3.333333
104 0.001196 0.012294 1.000000 3.333333
105 0.000977 0.020948 1.000000 3.333333
106 0.001381 0.032252 1.000000 3.333333
107 0.000691 0.024127 1.000000 3.333333
108 0.000691 0.020517 1.000000 3.333333
109 0.000846 0.031714 1.000000 3.333333
110 0.001092 0.041934 1.000000 3.333333
111 0.000000 0.039034 1.000000 3.333333
112 0.000691 0.037778 1.000000 3.333333
113 0.000488 0.043839 1.000000 3.333333
114 0.000846 0.034221 1.000000 3.333333
115 0.000000 0.038811 1.000000 3.333333
116 0.000691 0.044444 1.000000 3.333333
117 0.000846 0.038290 1.000000 3.333333
118 0.000488 0.035390 1.000000 3.333333
119 0.000488 0.023416 1.000000 3.333333
120 0.000000 0.015958 1.000000 3.333333
121 0.001891 0.023461 1.000000 3.333333
122 0.000691 0.022272 1.000000 3.333333
123 0.001544 0.031997 1.000000 3.333333
124 0.001544 0.038179 1.000000 3.333333
125 0.000488 0.028331 1.000000 3.333333
126 0.000691 0.040337 1.000000 3.333333
127 0.000977 0.034303 1.000000 3.333333
128 0.000691 0.016693 1.000000 3.333333
129 0.001092 0.027787 1.000000 3.333333
130 0.000488 0.034840 1.000000 3.333333
131 0.000691 0.039788 1.000000 3.333333
132 0.000691 0.022240 1.000000 3.333333
133 0.000691 0.025773 1.000000 3.333333
134 0.000000 0.043078 1.000000 3.333333
135 0.001196 0.049630 1.000000 3.333333
136 0.001092 0.033514 1.000000 3.333333
137 0.000691 0.022478 1.000000 3.333333
138 0.000488 0.026054 1.000000 3.333333
139 0.001381 0.037465 1.000000 3.333333
140 0.000488 0.023630 1.000000 3.333333
141 0.000691 0.026792 1.000000 3.333333
142 0.000846 0.027095 1.000000 3.333333
143 0.000000 0.030723 1.000000 3.333333
144 0.000977 0.033831 1.000000 3.333333
145 0.001196 0.021592 1.000000 3.333333
146 0.000691 0.022336 1.000000 3.333333
147 0.000846 0.033332 1.000000 3.333333
148 0.000691 0.040153 1.000000 3.333333
149 0.001092 0.019241 1.000000 3.333333
150 0.000691 0.010374 1.000000 3.333333
151 0.000000 0.016972 1.000000 3.333333
152 0.001196 0.031121 1.000000 3.333333
153 0.000977 0.021316 1.000000 3.333333
154 0.000846 0.027201 1.000000 3.333333
155 0.001827 0.037508 1.000000 3.333333
156 0.000488 0.031252 1.000000 3.333333
157 0.001196 0.066275 1.000000 3.333333
158 0.001092 0.024123 1.000000 3.333333
159 0.001691 0.016631 1.000000 3.333333
160 0.000000 0.011737 1.000000 3.333333
161 0.001196 0.029871 1.000000 3.333333
162 0.000488 0.016996 1.000000 3.333333
163 0.001292 0.037375 1.000000 3.333333
164 0.000977 0.028694 1.000000 3.333333
165 0.000691 0.040683 1.000000 3.333333
166 0.000488 0.013604 1.000000 3.333333
167 0.001092 0.036071 1.000000 3.333333
168 0.000000 0.037407 1.000000 3.333333
169 0.000846 0.032948 1.000000 3.333333
170 0.000691 0.015838 1.000000 3.333333
171 0.001465 0.022704 1.000000 3.333333
172 0.001092 0.021808 1.000000 3.333333
173 0.001092 0.019285 1.000000 3.333333
174 0.000977 0.021371 1.000000 3.333333
175 0.000488 0.017227 1.000000 3.333333
176 0.000691 0.015177 1.000000 3.333333
177 0.000977 0.026024 1.000000 3.333333
178 0.000488 0.028079 1.000000 3.333333
179 0.000691 0.013520 1.000000 3.333333
180 0.000488 0.015237 1.000000 3.333333
181 0.000977 0.024166 1.000000 3.333333
182 0.000977 0.021144 1.000000 3.333333
183 0.000000 0.023717 1.000000 3.333333
184 0.000488 0.010454 1.000000 3.333333
185 0.000691 0.017486 1.000000 3.333333
186 0.000691 0.013087 1.000000 3.333333
187 0.000691 0.023348 1.000000 3.333333
188 0.000691 0.012777 1.000000 3.333333
189 0.000691 0.015311 1.000000 3.333333
190 0.000488 0.021135 1.000000 3.333333
191 0.001196 0.016342 1.000000 3.333333
192 0.000691 0.017676 1.000000 3.333333
193 0.000977 0.013563 1.000000 3.333333
194 0.000488 0.014648 1.000000 3.333333
195 0.000000 0.022739 1.000000 3.333333
196 0.000488 0.015345 1.000000 3.333333
197 0.000488 0.013990 1.000000 3.333333
198 0.001092 0.011265 1.000000 3.333333
199 0.000846 0.009307 1.000000 3.333333
200 0.001381 0.025065 1.000000 3.333333
201 0.000488 0.020609 1.000000 3.333333
202 0.000488 0.020273 1.000000 3.333333
203 0.002184 0.020507 1.000000 3.333333
204 0.001465 0.027052 1.000000 3.333333
205 0.001619 0.045575 1.000000 3.333333
206 0.000691 0.010086 1.000000 3.333333
207 0.000691 0.008921 1.000000 3.333333
208 0.000977 0.020565 1.000000 3.333333
209 0.000691 0.007608 1.000000 3.333333
210 0.001196 0.018631 1.000000 3.333333
211 0.000000 0.021854 1.000000 3.333333
212 0.000488 0.013905 1.000000 3.333333
213 0.000000 0.017455 1.000000 3.333333
214 0.001196 0.020477 1.000000 3.333333
215 0.001544 0.022185 1.000000 3.333333
216 0.001196 0.023491 1.000000 3.333333
217 0.001292 0.024722 1.000000 3.333333
218 0.001619 0.046875 1.000000 3.333333
219 0.000488 0.054959 1.000000 3.333333
220 0.001761 0.044129 1.000000 3.333333
221 0.000977 0.032742 1.000000 3.333333
222 0.001196 0.016370 1.000000 3.333333
223 0.000691 0.011403 1.000000 3.333333
224 0.001196 0.005618 1.000000 3.333333
225 0.000000 0.017603 1.000000 3.333333
226 0.001827 0.023728 1.000000 3.333333
227 0.000846 0.019986 1.000000 3.333333
228 0.000977 0.010475 1.000000 3.333333
229 0.000488 0.028416 1.000000 3.333333
230 0.000000 0.036798 1.000000 3.333333
231 0.000846 0.047325 1.000000 3.333333
232 0.000977 0.028276 1.000000 3.333333
233 0.000000 0.024254 1.000000 3.333333
234 0.000846 0.034102 1.000000 3.333333
235 0.000000 0.050779 1.000000 3.333333
236 0.000691 0.036534 1.000000 3.333333
237 0.000488 0.014586 1.000000 3.333333
238 0.000000 0.032610 1.000000 3.333333
239 0.000846 0.030937 1.000000 3.333333
240 0.000691 0.008985 1.000000 3.333333
241 0.001292 0.019065 1.000000 3.333333
242 0.000846 0.029777 1.000000 3.333333
243 0.000977 0.026076 1.000000 3.333333
244 0.000691 0.015346 1.000000 3.333333
245 0.000000 0.027044 1.000000 3.333333
246 0.000488 0.025059 1.000000 3.333333
247 0.000000 0.011795 1.000000 3.333333
248 0.000691 0.016935 1.000000 3.333333
249 0.000000 0.009806 1.000000 3.333333
250 0.000846 0.015984 1.000000 3.333333
251 0.000691 0.020085 1.000000 3.333333
252 0.000000 0.023763 1.000000 3.333333
253 0.000000 0.017320 1.000000 3.333333
254 0.000691 0.014584 1.000000 3.333333
255 0.001196 0.025175 1.000000 3.333333
256 0.001092 0.025601 1.000000 3.333333
257 0.000977 0.026057 1.000000 3.333333
258 0.000000 0.031617 1.000000 3.333333
259 0.000691 0.036669 1.000000 3.333333
260 0.000691 0.039828 1.000000 3.333333
261 0.001196 0.034560 1.000000 3.333333
262 0.000691 0.026921 1.000000 3.333333
263 0.000691 0.025067 1.000000 3.333333
264 0.000691 0.027339 1.000000 3.333333
265 0.000000 0.045264 1.000000 3.333333
266 0.000691 0.037831 1.000000 3.333333
267 0.000846 0.031513 1.000000 3.333333
268 0.000000 0.028770 1.000000 3.333333
269 0.000000 0.023352 1.000000 3.333333
270 0.000846 0.030444 1.000000 3.333333
271 0.000691 0.020986 1.000000 3.333333
272 0.000691 0.023771 1.000000 3.333333
273 0.000691 0.024894 1.000000 3.333333
274 0.001292 0.031440 1.000000 3.333333
275 0.000977 0.057424 1.000000 3.333333
276 0.001196 0.034160 1.000000 3.333333
277 0.000000 0.033076 1.000000 3.333333
278 0.000977 0.026064 1.000000 3.333333
279 0.000846 0.024074 1.000000 3.333333
280 0.001196 0.036387 1.000000 3.333333
281 0.000977 0.029423 1.000000 3.333333
282 0.000846 0.036800 1.000000 3.333333
283 0.000846 0.028266 1.000000 3.333333
284 0.000691 0.012648 1.000000 3.333333
285 0.000846 0.019651 1.000000 3.333333
286 0.000488 0.028520 1.000000 3.333333
287 0.001381 0.035119 1.000000 3.333333
288 0.000977 0.010344 1.000000 3.333333
289 0.000846 0.010566 1.000000 3.333333
290 0.001196 0.017798 1.000000 3.333333
291 0.000691 0.011270 1.000000 3.333333
292 0.000000 0.004460 1.000000 3.333333
293 0.001092 0.014668 1.000000 3.333333
294 0.000691 0.010932 1.000000 3.333333
295 0.000488 0.011468 1.000000 3.333333
296 0.001196 0.018580 1.000000 3.333333
297 0.000488 0.015502 1.000000 3.333333
298 0.002072 0.015968 1.000000 3.333333
299 0.001092 0.029182 1.000000 3.333333
300 0.001196 0.006594 1.000000 3.333333
301 0.000846 0.011175 1.000000 3.333333
302 0.000691 0.025574 1.000000 3.333333
303 0.000691 0.034167 1.000000 3.333333
304 0.000977 0.057004 1.000000 3.333333
305 0.000977 0.017893 1.000000 3.333333
306 0.000846 0.043172 1.000000 3.333333
307 0.000691 0.030138 1.000000 3.333333
308 0.000846 0.028246 1.000000 3.333333
309 0.001092 0.033674 1.000000 3.333333
310 0.000691 0.034830 1.000000 3.333333
311 0.000977 0.024682 1.000000 3.333333
312 0.000977 0.026973 1.000000 3.333333
313 0.001465 0.034620 1.000000 3.333333
314 0.003521 0.030201 1.000000 3.333333
315 0.001891 0.023142 1.000000 3.333333
316 0.002441 0.013847 1.000000 3.333333
317 0.001544 0.021898 1.000000 3.333333
318 0.000691 0.027892 1.000000 3.333333
319 0.000000 0.033743 1.000000 3.333333
320 0.000846 0.040985 1.000000 3.333333
321 0.000691 0.046296 1.000000 3.333333
322 0.000488 0.065515 1.000000 3.333333
323 0.001292 0.067070 1.000000 3.333333
324 0.000977 0.058886 1.000000 3.333333
325 0.001196 0.065445 1.000000 3.333333
326 0.000846 0.075476 1.000000 3.333333
327 0.001381 0.059587 1.000000 3.333333
328 0.000846 0.041374 1.000000 3.333333
329 0.000691 0.050241 1.000000 3.333333
330 0.000691 0.060986 1.000000 3.333333
331 0.001381 0.059078 1.000000 3.333333
332 0.001196 0.055866 1.000000 3.333333
333 0.001619 0.049246 1.000000 3.333333
334 0.000691 0.063568 1.000000 3.333333
335 0.001196 0.049807 1.000000 3.333333
336 0.000977 0.054541 1.000000 3.333333
337 0.000977 0.048874 1.000000 3.333333
338 0.000977 0.058124 1.000000 3.333333
339 0.000977 0.063276 1.000000 3.333333
340 0.003719 0.058876 1.000000 3.333333
341 0.001092 0.036373 1.000000 3.333333
342 0.004200 0.041006 1.000000 3.333333
343 0.000977 0.036580 1.000000 3.333333
344 0.001092 0.035420 1.000000 3.333333
345 0.002072 0.035605 1.000000 3.333333
346 0.002342 0.058487 1.000000 3.333333
347 0.000691 0.017416 1.000000 3.333333
348 0.001196 0.014843 1.000000 3.333333
349 0.001761 0.029994 1.000000 3.333333
350 0.001381 0.017022 1.000000 3.333333
351 0.000977 0.025070 1.000000 3.333333
352 0.001092 0.021461 1.000000 3.333333
353 0.001381 0.028974 1.000000 3.333333
354 0.000000 0.019647 1.000000 3.333333
355 0.000000 0.014082 1.000000 3.333333
356 0.000691 0.030377 1.000000 3.333333
357 0.001196 0.021304 1.000000 3.333333
358 0.002629 0.035874 1.000000 3.333333
359 0.002290 0.015007 1.000000 3.333333
360 0.001196 0.022233 1.000000 3.333333
361 0.002441 0.016503 1.000000 3.333333
362 0.000691 0.019038 1.000000 3.333333
363 0.001761 0.026343 1.000000 3.333333
364 0.001092 0.023137 1.000000 3.333333
365 0.001092 0.014515 1.000000 3.333333
366 0.001381 0.015166 1.000000 3.333333
367 0.000846 0.030701 1.000000 3.333333
368 0.000691 0.040168 1.000000 3.333333
369 0.000000 0.009988 1.000000 3.333333
370 0.000691 0.009913 1.000000 3.333333
371 0.000691 0.026377 1.000000 3.333333
372 0.000977 0.033416 1.000000 3.333333
373 0.000000 0.018012 1.000000 3.333333
374 0.000488 0.013912 1.000000 3.333333
375 0.000000 0.030170 1.000000 3.333333
376 0.000691 0.027981 1.000000 3.333333
377 0.000000 0.025982 1.000000 3.333333
378 0.000977 0.011621 1.000000 3.333333
379 0.000488 0.009767 1.000000 3.333333
380 0.000691 0.017145 1.000000 3.333333
381 0.000691 0.020682 1.000000 3.333333
382 0.000000 0.008210 1.000000 3.333333
383 0.000488 0.017153 1.000000 3.333333
384 0.000488 0.028624 1.000000 3.333333
385 0.000488 0.020788 1.000000 3.333333
386 0.000488 0.011992 1.000000 3.333333
387 0.000488 0.013225 1.000000 3.333333
388 0.000977 0.003867 1.000000 3.333333
389 0.001381 0.011550 1.000000 3.333333
390 0.000691 0.022863 1.000000 3.333333
391 0.000000 0.009328 1.000000 3.333333
392 0.001292 0.012293 1.000000 3.333333
393 0.000691 0.021863 1.000000 3.333333
394 0.001619 0.012693 1.000000 3.333333
395 0.000977 0.015428 1.000000 3.333333
396 0.001196 0.010370 1.000000 3.333333
397 0.000977 0.023843 1.000000 3.333333
398 0.001196 0.017544 1.000000 3.333333
399 0.001196 0.036818 1.000000 3.333333
400 0.000488 0.019273 1.000000 3.333333
401 0.000846 0.024565 1.000000 3.333333
402 0.001381 0.024307 1.000000 3.333333
403 0.000488 0.013940 1.000000 3.333333
404 0.000691 0.037153 1.000000 3.333333
405 0.000488 0.026360 1.000000 3.333333
406 0.000691 0.006706 1.000000 3.333333
407 0.000977 0.017005 1.000000 3.333333
408 0.000488 0.006664 1.000000 3.333333
409 0.000691 0.013623 1.000000 3.333333
410 0.000691 0.019789 1.000000 3.333333
411 0.000846 0.032090 1.000000 3.333333
412 0.001381 0.010846 1.000000 3.333333
413 0.000488 0.016942 1.000000 3.333333
414 0.000977 0.015223 1.000000 3.333333
415 0.000691 0.011419 1.000000 3.333333
416 0.001092 0.013489 1.000000 3.333333
417 0.001827 0.013519 1.000000 3.333333
418 0.000691 0.020019 1.000000 3.333333
419 0.000488 0.010895 1.000000 3.333333
420 0.000977 0.020732 1.000000 3.333333
421 0.001891 0.007143 1.000000 3.333333
422 0.001465 0.014625 1.000000 3.333333
423 0.000488 0.017091 1.000000 3.333333
424 0.000000 0.015399 1.000000 3.333333
425 0.000488 0.033613 1.000000 3.333333
426 0.000691 0.030115 1.000000 3.333333
427 0.000977 0.038340 1.000000 3.333333
428 0.000846 0.022333 1.000000 3.333333
429 0.000488 0.029617 1.000000 3.333333
430 0.000488 0.027615 1.000000 3.333333
431 0.001196 0.039242 1.000000 3.333333
432 0.000000 0.023188 1.000000 3.333333
433 0.000846 0.017223 1.000000 3.333333
434 0.000846 0.017411 1.000000 3.333333
435 0.000000 0.015385 1.000000 3.333333
436 0.000977 0.026793 1.000000 3.333333
437 0.000691 0.033342 1.000000 3.333333
438 0.000000 0.011963 1.000000 3.333333
439 0.001196 0.022795 1.000000 3.333333
440 0.000977 0.018881 1.000000 3.333333
441 0.000488 0.015763 1.000000 3.333333
442 0.000000 0.020121 1.000000 3.333333
443 0.000000 0.023255 1.000000 3.333333
444 0.000691 0.018520 1.000000 3.333333
445 0.001196 0.019907 1.000000 3.333333
446 0.000691 0.023797 1.000000 3.333333
447 0.000977 0.024068 1.000000 3.333333
448 0.000691 0.025501 1.000000 3.333333
449 0.000691 0.022514 1.000000 3.333333
450 0.002342 0.013661 1.000000 3.333333
451 0.001544 0.019685 1.000000 3.333333
452 0.002889 0.032659 1.000000 3.333333
453 0.001761 0.027015 1.000000 3.333333
454 0.000691 0.019543 1.000000 3.333333
455 0.000691 0.020594 1.000000 3.333333
456 0.000000 0.023139 1.000000 3.333333
457 0.000000 0.016369 1.000000 3.333333
458 0.001092 0.015425 1.000000 3.333333
459 0.000691 0.025722 1.000000 3.333333
460 0.001092 0.028882 1.000000 3.333333
461 0.000000 0.021724 1.000000 3.333333
462 0.000691 0.019932 1.000000 3.333333
463 0.000977 0.021378 1.000000 3.333333
464 0.000000 0.016034 1.000000 3.333333
465 0.000000 0.030145 1.000000 3.333333
466 0.000488 0.022437 1.000000 3.333333
467 0.000846 0.010014 1.000000 3.333333
468 0.000000 0.012430 1.000000 3.333333
469 0.000691 0.029056 1.000000 3.333333
470 0.000846 0.026545 1.000000 3.333333
471 0.000488 0.010963 1.000000 3.333333
472 0.000000 0.017988 1.000000 3.333333
473 0.000488 0.015289 1.000000 3.333333
474 0.000000 0.009197 1.000000 3.333333
475 0.000488 0.011139 1.000000 3.333333
476 0.000000 0.021456 1.000000 3.333333
477 0.000488 0.015814 1.000000 3.333333
478 0.000488 0.028821 1.000000 3.333333
479 0.000000 0.020283 1.000000 3.333333
480 0.000000 0.007510 1.000000 3.333333
481 0.000691 0.024021 1.000000 3.333333
482 0.000488 0.028318 1.000000 3.333333
483 0.000691 0.010251 1.000000 3.333333
484 0.000488 0.012456 1.000000 3.333333
485 0.001196 0.022900 1.000000 3.333333
486 0.000488 0.025718 1.000000 3.333333
487 0.001196 0.043119 1.000000 3.333333
488 0.000691 0.010044 1.000000 3.333333
489 0.001196 0.006856 1.000000 3.333333
490 0.000977 0.030008 1.000000 3.333333
491 0.000691 0.030106 1.000000 3.333333
492 0.000691 0.010563 1.000000 3.333333
493 0.000691 0.015758 1.000000 3.333333
494 0.000000 0.006065 1.000000 3.333333
495 0.001092 0.007729 1.000000 3.333333
496 0.000691 0.013869 1.000000 3.333333
497 0.000000 0.004938 1.000000 3.333333
498 0.001196 0.010310 1.000000 3.333333
499 0.000691 0.014827 1.000000 3.333333
500 0.000977 0.009567 1.000000 3.333333
501 0.000846 0.020681 1.000000 3.333333
502 0.000000 0.018574 1.000000 3.333333
503 0.000000 0.018017 1.000000 3.333333
504 0.000488 0.017327 1.000000 3.333333
505 0.000691 0.024640 1.000000 3.333333
506 0.000691 0.018854 1.000000 3.333333
507 0.000000 0.008212 1.000000 3.333333
508 0.000488 0.017546 1.000000 2.500000
509 0.000488 0.021204 1.000000 2.500000
510 0.000488 0.025479 1.000000 2.500000
511 0.000488 0.013314 1.000000 2.500000
512 0.000488 0.018330 1.000000 2.500000
513 0.000000 0.026649 1.000000 3.333333
514 0.000000 0.010155 1.000000 3.333333
515 0.000000 0.020185 1.000000 3.333333
516 0.000488 0.010755 1.000000 3.333333
517 0.000691 0.014209 1.000000 3.333333
518 0.001292 0.020043 1.000000 3.333333
519 0.000488 0.014520 1.000000 3.333333
520 0.000488 0.020457 1.000000 3.333333
521 0.001465 0.016833 1.000000 3.333333
522 0.000846 0.015624 1.000000 3.333333
523 0.001292 0.007226 1.000000 3.333333
524 0.000977 0.018859 1.000000 3.333333
525 0.001196 0.017751 1.000000 3.333333
526 0.000488 0.010995 1.000000 3.333333
527 0.001465 0.011265 1.000000 3.333333
528 0.000488 0.013904 1.000000 3.333333
529 0.000691 0.009173 1.000000 3.333333
530 0.000000 0.004398 1.000000 3.333333
531 0.001196 0.013515 1.000000 3.333333
532 0.001092 0.012963 1.000000 3.333333
533 0.000488 0.011255 1.000000 3.333333
534 0.000691 0.017835 1.000000 3.333333
535 0.000488 0.021685 1.000000 3.333333
536 0.000977 0.010005 1.000000 3.333333
537 0.001092 0.011784 1.000000 3.333333
538 0.000488 0.003456 1.000000 3.333333
539 0.001092 0.009636 1.000000 3.333333
540 0.000691 0.011304 1.000000 3.333333
541 0.000846 0.013068 1.000000 3.333333
542 0.000977 0.005451 1.000000 3.333333
543 0.000000 0.002929 1.000000 3.333333
544 0.000000 0.016523 1.000000 3.333333
545 0.000488 0.011297 1.000000 3.333333
546 0.000691 0.019786 1.000000 3.333333
547 0.000846 0.011016 1.000000 3.333333
548 0.000846 0.003255 1.000000 3.333333
549 0.000977 0.011557 1.000000 3.333333
550 0.000000 0.008879 1.000000 3.333333
551 0.000691 0.007367 1.000000 3.333333
552 0.001196 0.009504 1.000000 3.333333
553 0.000488 0.015472 1.000000 3.333333
554 0.000977 0.019825 1.000000 3.333333
555 0.000977 0.011367 1.000000 3.333333
556 0.000000 0.024171 1.000000 3.333333
557 0.000488 0.009776 1.000000 3.333333
558 0.000488 0.019993 1.000000 3.333333
559 0.000691 0.018804 1.000000 3.333333
560 0.000488 0.026696 1.000000 3.333333
561 0.001092 0.028681 1.000000 3.333333
562 0.000488 0.021678 1.000000 3.333333
563 0.000691 0.024409 1.000000 3.333333
564 0.001381 0.023404 1.000000 3.333333
565 0.001196 0.017661 1.000000 3.333333
566 0.000691 0.016609 1.000000 3.333333
567 0.001092 0.014342 1.000000 3.333333
568 0.000000 0.030371 1.000000 3.333333
569 0.001691 0.043322 1.000000 3.333333
570 0.000000 0.031652 1.000000 3.333333
571 0.001292 0.035619 1.000000 3.333333
572 0.000846 0.038488 1.000000 3.333333
573 0.000488 0.031790 1.000000 3.333333
574 0.000977 0.030828 1.000000 3.333333
575 0.000488 0.027282 1.000000 3.333333
576 0.000846 0.017567 1.000000 3.333333
577 0.001196 0.026565 1.000000 3.333333
578 0.000846 0.023810 1.000000 3.333333
579 0.000488 0.018593 1.000000 3.333333
580 0.000488 0.021701 1.000000 3.333333
581 0.001761 0.030133 1.000000 3.333333
582 0.003010 0.044362 1.000000 3.333333
583 0.001381 0.024705 1.000000 3.333333
584 0.002128 0.034472 1.000000 3.333333
585 0.001196 0.036804 1.000000 3.333333
586 0.000977 0.033133 1.000000 3.333333
587 0.001092 0.054325 1.000000 3.333333
588 0.001292 0.072550 1.000000 3.333333
589 0.000000 0.041916 1.000000 3.333333
590 0.000977 0.038524 1.000000 3.333333
591 0.001381 0.041243 1.000000 3.333333
592 0.000488 0.051755 1.000000 3.333333
593 0.000977 0.070110 1.000000 3.333333
594 0.000000 0.069359 1.000000 3.333333
595 0.000691 0.054338 1.000000 3.333333
596 0.000691 0.055557 1.000000 3.333333
597 0.001092 0.060827 1.000000 3.333333
598 0.000691 0.060296 1.000000 3.333333
599 0.000000 0.058330 1.000000 3.333333
600 0.000000 0.041528 1.000000 3.333333
601 0.000000 0.020858 1.000000 3.333333
602 0.000488 0.009036 1.000000 3.333333
603 0.000691 0.016893 1.000000 3.333333
604 0.000691 0.014648 1.000000 3.333333
605 0.000691 0.030578 1.000000 3.333333
606 0.000000 0.028842 1.000000 3.333333
607 0.000000 0.009064 1.000000 3.333333
608 0.000691 0.009290 1.000000 3.333333
609 0.000000 0.022364 1.000000 3.333333
610 0.000000 0.014600 1.000000 3.333333
611 0.000488 0.015538 1.000000 3.333333
612 0.000977 0.019402 1.000000 3.333333
613 0.000000 0.011082 1.000000 3.333333
614 0.000000 0.012417 1.000000 3.333333
615 0.001196 0.018247 1.000000 3.333333
616 0.000488 0.013483 1.000000 3.333333
617 0.000977 0.011746 1.000000 3.333333
618 0.000000 0.021647 1.000000 3.333333
619 0.000000 0.029826 1.000000 3.333333
620 0.000977 0.018217 1.000000 3.333333
621 0.000000 0.021967 1.000000 3.333333
622 0.000488 0.029782 1.000000 3.333333
623 0.000691 0.037704 1.000000 3.333333
624 0.000691 0.033055 1.000000 3.333333
625 0.000977 0.034005 1.000000 3.333333
626 0.000846 0.015326 1.000000 3.333333
627 0.000846 0.054106 1.000000 3.333333
628 0.000691 0.015273 1.000000 3.333333
629 0.000691 0.032374 1.000000 3.333333
630 0.000691 0.059863 1.000000 3.333333
631 0.000000 0.025649 1.000000 3.333333
632 0.000691 0.018000 1.000000 3.333333
633 0.000000 0.005235 1.000000 3.333333
634 0.000488 0.007280 1.000000 3.333333
635 0.000488 0.031497 1.000000 3.333333
636 0.002128 0.015082 1.000000 3.333333
637 0.000691 0.011686 1.000000 3.333333
638 0.002128 0.011345 1.000000 3.333333
639 0.000488 0.015290 1.000000 3.333333
640 0.001092 0.010888 1.000000 3.333333
641 0.000488 0.017038 1.000000 3.333333
642 0.000977 0.028810 1.000000 3.333333
643 0.000691 0.020269 1.000000 3.333333
644 0.000488 0.020803 1.000000 3.333333
645 0.000488 0.068051 1.000000 3.333333
646 0.000488 0.042796 1.000000 3.333333
647 0.000691 0.014199 1.000000 3.333333
648 0.000488 0.013366 1.000000 3.333333
649 0.000000 0.026638 1.000000 3.333333
650 0.000488 0.031601 1.000000 3.333333
651 0.000000 0.034914 1.000000 3.333333
652 0.000977 0.031557 1.000000 3.333333
653 0.001092 0.009148 1.000000 3.333333
654 0.000488 0.010174 1.000000 3.333333
655 0.000691 0.043521 1.000000 3.333333
656 0.001092 0.041671 1.000000 3.333333
657 0.000691 0.039731 1.000000 3.333333
658 0.001092 0.036850 1.000000 3.333333
659 0.000000 0.035145 1.000000 3.333333
660 0.000000 0.024845 1.000000 3.333333
661 0.000000 0.017983 1.000000 3.333333
662 0.000691 0.015496 1.000000 3.333333
663 0.000977 0.029362 1.000000 3.333333
664 0.000000 0.031091 1.000000 3.333333
665 0.000000 0.033831 1.000000 3.333333
666 0.000488 0.030467 1.000000 3.333333
667 0.000000 0.032339 1.000000 3.333333
668 0.000846 0.026536 1.000000 3.333333
669 0.000488 0.015957 1.000000 3.333333
670 0.001196 0.011923 1.000000 3.333333
671 0.000691 0.013972 1.000000 3.333333
672 0.000691 0.020273 1.000000 3.333333
673 0.000488 0.024403 1.000000 3.333333
674 0.000488 0.025548 1.000000 3.333333
675 0.000846 0.027649 1.000000 3.333333
676 0.001092 0.033211 1.000000 3.333333
677 0.000691 0.028795 1.000000 3.333333
678 0.000000 0.034770 1.000000 3.333333
679 0.000977 0.032235 1.000000 3.333333
680 0.000691 0.036240 1.000000 3.333333
681 0.001544 0.040294 1.000000 3.333333
682 0.000488 0.030692 1.000000 3.333333
683 0.000691 0.017809 1.000000 3.333333
684 0.000000 0.017798 1.000000 3.333333
685 0.000000 0.025150 1.000000 3.333333
686 0.000846 0.029881 1.000000 3.333333
687 0.000000 0.004287 1.000000 3.333333
688 0.000691 0.014843 1.000000 3.333333
689 0.000691 0.019213 1.000000 3.333333
690 0.000000 0.034203 1.000000 3.333333
691 0.000488 0.023348 1.000000 3.333333
692 0.000691 0.013961 1.000000 3.333333
693 0.000000 0.029775 1.000000 3.333333
694 0.000691 0.022465 1.000000 3.333333
695 0.000000 0.032658 1.000000 3.333333
696 0.000000 0.015353 1.000000 3.333333
697 0.000691 0.046267 1.000000 3.333333
698 0.000691 0.024828 1.000000 3.333333
699 0.000000 0.017809 1.000000 3.333333
700 0.000846 0.027132 1.000000 3.333333
701 0.000488 0.023038 1.000000 3.333333
702 0.000488 0.038156 1.000000 3.333333
703 0.000488 0.015058 1.000000 3.333333
704 0.000691 0.024093 1.000000 3.333333
705 0.000000 0.019594 1.000000 3.333333
706 0.000000 0.017280 1.000000 3.333333
707 0.000000 0.019922 1.000000 3.333333
708 0.000000 0.012021 1.000000 3.333333
709 0.000000 0.026692 1.000000 2.500000
710 0.000000 0.030797 1.000000 2.500000
711 0.000846 0.026625 1.000000 2.500000
712 0.000000 0.027341 1.000000 2.500000
713 0.000000 0.027238 1.000000 2.500000
714 0.000488 0.026611 1.000000 2.500000
715 0.000000 0.024180 1.000000 2.500000
716 0.000000 0.024768 1.000000 2.500000
717 0.000000 0.039641 1.000000 2.500000
718 0.000691 0.022654 1.000000 2.500000
719 0.000488 0.028273 1.000000 2.500000
720 0.000691 0.036928 1.000000 2.500000
721 0.001196 0.043976 1.000000 2.500000
722 0.000977 0.037673 1.000000 2.500000
723 0.000488 0.031565 1.000000 2.000000
724 0.000691 0.029998 1.000000 2.000000
725 0.000488 0.030218 1.000000 2.000000
726 0.000000 0.030065 1.000000 2.000000
727 0.000846 0.021215 1.000000 2.000000
728 0.000488 0.026414 1.000000 2.000000
729 0.000846 0.013037 1.000000 2.000000
730 0.000846 0.008420 1.000000 2.000000
731 0.000488 0.008498 1.000000 2.000000
732 0.000488 0.006683 1.000000 2.000000
733 0.000000 0.013222 1.000000 2.000000
734 0.000000 0.017521 1.000000 2.000000
735 0.000000 0.027526 1.000000 2.000000
736 0.000488 0.036473 1.000000 2.000000
737 0.000488 0.029038 1.000000 2.000000
738 0.000488 0.025446 1.000000 2.000000
739 0.000000 0.022527 1.000000 2.000000
740 0.000000 0.012048 1.000000 2.000000
741 0.000000 0.013643 1.000000 2.000000
742 0.001092 0.021025 1.000000 2.000000
743 0.000977 0.021423 1.000000 2.000000
744 0.000846 0.025547 1.000000 2.000000
745 0.000977 0.026864 1.000000 2.000000
746 0.001092 0.041178 1.000000 2.000000
747 0.001691 0.032198 1.000000 2.000000
748 0.001827 0.035906 1.000000 2.000000
749 0.001092 0.031761 1.000000 2.000000
750 0.002184 0.028281 1.000000 2.000000
751 0.000691 0.046949 1.000000 2.000000
752 0.001196 0.073364 1.000000 2.000000
753 0.000977 0.073794 1.000000 2.000000
754 0.001827 0.078329 1.000000 2.000000
755 0.001761 0.079030 1.000000 2.000000
756 0.001381 0.089539 1.000000 2.000000
757 0.002072 0.055957 1.000000 2.000000
758 0.001196 0.055567 1.000000 2.000000
759 0.000977 0.042528 1.000000 2.000000
760 0.000000 0.058573 1.000000 2.000000
761 0.001196 0.067985 1.000000 2.000000
762 0.000691 0.040291 1.000000 2.000000
763 0.000846 0.038651 1.000000 2.000000
764 0.000691 0.019351 1.000000 2.000000
765 0.000977 0.025412 1.000000 2.000000
766 0.001196 0.024655 1.000000 2.000000
767 0.000488 0.007379 1.000000 1.666667
768 0.000846 0.025361 1.000000 1.666667
769 0.000488 0.014559 1.000000 1.666667
770 0.001381 0.018725 1.000000 1.666667
771 0.001544 0.034977 1.000000 1.428571
772 0.006348 0.060493 1.000000 1.428571
773 0.001953 0.071994 1.000000 1.428571
774 0.002184 0.067487 1.000000 1.250000
775 0.002184 0.063458 1.000000 1.250000
776 0.001544 0.099085 1.000000 1.111111
777 0.001292 0.112126 1.000000 1.111111
778 0.005503 0.112819 1.000000 1.000000
779 0.001292 0.119211 1.000000 1.000000
780 0.001953 0.129578 1.000000 0.909091
781 0.002013 0.135335 1.000000 0.833333
782 0.001544 0.137863 1.000000 0.769231
783 0.002930 0.109089 1.000000 0.714286
784 0.001761 0.105552 1.000000 0.625000
