0 0.002847 0.014307 1.000000 5.000000
1 0.001691 0.030003 1.000000 5.000000
2 0.002184 0.013266 1.000000 5.000000
3 0.001953 0.014587 1.000000 5.000000
4 0.001544 0.016325 1.000000 5.000000
5 0.001544 0.012001 1.000000 5.000000
6 0.001953 0.008303 1.000000 5.000000
7 0.002072 0.012718 1.000000 5.000000
8 0.001891 0.006420 1.000000 5.000000
9 0.002930 0.011273 1.000000 5.000000
10 0.001381 0.009942 1.000000 5.000000
11 0.001092 0.008608 1.000000 5.000000
12 0.000691 0.017416 1.000000 5.000000
13 0.000000 0.014112 1.000000 5.000000
14 0.000691 0.010943 1.000000 5.000000
15 0.000000 0.003264 1.000000 5.000000
16 0.000691 0.005033 1.000000 5.000000
17 0.000488 0.020299 1.000000 5.000000
18 0.001092 0.007574 1.000000 5.000000
19 0.000691 0.006467 1.000000 5.000000
20 0.000488 0.007685 1.000000 5.000000
21 0.000000 0.009880 1.000000 5.000000
22 0.000977 0.006333 1.000000 5.000000
23 0.000977 0.003673 1.000000 5.000000
24 0.000846 0.002369 1.000000 5.000000
25 0.000000 0.004401 1.000000 5.000000
26 0.000691 0.007417 1.000000 5.000000
27 0.000000 0.015135 1.000000 5.000000
28 0.000000 0.008102 1.000000 5.000000
29 0.000000 0.018774 1.000000 5.000000
30 0.000000 0.012013 1.000000 5.000000
31 0.000488 0.012675 1.000000 5.000000
32 0.000000 0.011250 1.000000 5.000000
33 0.000488 0.013390 1.000000 5.000000
34 0.000488 0.017446 1.000000 5.000000
35 0.000488 0.012310 1.000000 5.000000
36 0.001092 0.021290 1.000000 5.000000
37 0.000488 0.012789 1.000000 5.000000
38 0.000000 0.007154 1.000000 5.000000
39 0.000488 0.007299 1.000000 5.000000
40 0.000691 0.014144 1.000000 5.000000
41 0.000000 0.014131 1.000000 5.000000
42 0.000977 0.004078 1.000000 5.000000
43 0.001292 0.012620 1.000000 5.000000
44 0.000846 0.008734 1.000000 5.000000
45 0.000000 0.007160 1.000000 5.000000
46 0.000691 0.011491 1.000000 5.000000
47 0.000691 0.024770 1.000000 5.000000
48 0.000488 0.002591 1.000000 5.000000
49 0.000977 0.009903 1.000000 5.000000
50 0.000000 0.007347 1.000000 5.000000
51 0.000488 0.004586 1.000000 5.000000
52 0.000000 0.008389 1.000000 5.000000
53 0.000691 0.012420 1.000000 5.000000
54 0.000488 0.002562 1.000000 5.000000
55 0.000691 0.005518 1.000000 5.000000
56 0.000488 0.008904 1.000000 5.000000
57 0.000488 0.011393 1.000000 5.000000
58 0.000488 0.007947 1.000000 5.000000
59 0.000488 0.010697 1.000000 5.000000
60 0.000000 0.006901 1.000000 5.000000
61 0.000691 0.017477 1.000000 5.000000
62 0.001292 0.002563 1.000000 5.000000
63 0.000846 0.009342 1.000000 5.000000
64 0.001465 0.010101 1.000000 5.000000
65 0.000977 0.006775 1.000000 5.000000
66 0.000691 0.003986 1.000000 5.000000
67 0.000691 0.006560 1.000000 5.000000
68 0.000488 0.007777 1.000000 5.000000
69 0.000488 0.009616 1.000000 5.000000
70 0.000000 0.009199 1.000000 5.000000
71 0.000000 0.009192 1.000000 5.000000
72 0.000000 0.016217 1.000000 5.000000
73 0.000000 0.010386 1.000000 5.000000
74 0.000691 0.004162 1.000000 5.000000
75 0.000000 0.013377 1.000000 5.000000
76 0.000691 0.005689 1.000000 5.000000
77 0.000846 0.013613 1.000000 5.000000
78 0.000000 0.007271 1.000000 5.000000
79 0.000691 0.011252 1.000000 5.000000
80 0.000000 0.007903 1.000000 5.000000
81 0.000000 0.003818 1.000000 5.000000
82 0.000691 0.010687 1.000000 5.000000
83 0.000000 0.010184 1.000000 5.000000
84 0.000000 0.019380 1.000000 5.000000
85 0.000488 0.009179 1.000000 5.000000
86 0.000000 0.014039 1.000000 5.000000
87 0.000000 0.012470 1.000000 5.000000
88 0.000000 0.010415 1.000000 5.000000
89 0.000000 0.015744 1.000000 5.000000
90 0.000000 0.015873 1.000000 5.000000
91 0.000691 0.012108 1.000000 5.000000
92 0.000000 0.014886 1.000000 5.000000
93 0.000000 0.011157 1.000000 5.000000
94 0.000691 0.015453 1.000000 5.000000
95 0.000000 0.006430 1.000000 5.000000
96 0.000000 0.012583 1.000000 5.000000
97 0.000488 0.019619 1.000000 5.000000
98 0.000000 0.017343 1.000000 5.000000
99 0.000488 0.010858 1.000000 5.000000
100 0.000691 0.014059 1.000000 5.000000
101 0.000000 0.013886 1.000000 5.000000
102 0.000000 0.025188 1.000000 5.000000
103 0.000488 0.010008 1.000000 5.000000
104 0.000691 0.013986 1.000000 5.000000
105 0.000691 0.008266 1.000000 5.000000
106 0.000488 0.009085 1.000000 5.000000
107 0.001092 0.010128 1.000000 5.000000
108 0.000488 0.008898 1.000000 5.000000
109 0.000691 0.005074 1.000000 5.000000
110 0.000000 0.025581 1.000000 5.000000
111 0.000977 0.010961 1.000000 5.000000
112 0.000000 0.021526 1.000000 5.000000
113 0.000000 0.008348 1.000000 5.000000
114 0.000846 0.010668 1.000000 5.000000
115 0.000691 0.009435 1.000000 5.000000
116 0.000846 0.016802 1.000000 5.000000
117 0.000691 0.007101 1.000000 5.000000
118 0.000000 0.008744 1.000000 5.000000
119 0.001092 0.005567 1.000000 5.000000
120 0.001092 0.007035 1.000000 5.000000
121 0.001196 0.014413 1.000000 5.000000
122 0.000488 0.011324 1.000000 5.000000
123 0.000488 0.010353 1.000000 5.000000
124 0.000000 0.012577 1.000000 5.000000
125 0.000488 0.011630 1.000000 5.000000
126 0.000488 0.019677 1.000000 5.000000
127 0.000691 0.004338 1.000000 5.000000
128 0.000691 0.008588 1.000000 5.000000
129 0.000000 0.009760 1.000000 5.000000
130 0.000000 0.019389 1.000000 5.000000
131 0.000000 0.007436 1.000000 5.000000
132 0.000488 0.017234 1.000000 5.000000
133 0.000000 0.011967 1.000000 5.000000
134 0.000846 0.010716 1.000000 5.000000
135 0.000000 0.006704 1.000000 5.000000
136 0.000000 0.018966 1.000000 5.000000
137 0.000488 0.008592 1.000000 5.000000
138 0.000000 0.012225 1.000000 5.000000
139 0.000000 0.008616 1.000000 5.000000
140 0.000488 0.004878 1.000000 5.000000
141 0.000488 0.007743 1.000000 5.000000
142 0.000000 0.020491 1.000000 5.000000
143 0.000000 0.016552 1.000000 5.000000
144 0.000488 0.014850 1.000000 5.000000
145 0.000488 0.017880 1.000000 5.000000
146 0.000000 0.028454 1.000000 5.000000
147 0.000000 0.013818 1.000000 5.000000
148 0.000000 0.004993 1.000000 5.000000
149 0.000691 0.010211 1.000000 5.000000
150 0.001292 0.009319 1.000000 5.000000
151 0.001092 0.008710 1.000000 5.000000
152 0.000000 0.008554 1.000000 5.000000
153 0.000691 0.012645 1.000000 5.000000
154 0.000691 0.009720 1.000000 5.000000
155 0.000691 0.014429 1.000000 5.000000
156 0.000691 0.004936 1.000000 5.000000
157 0.000691 0.018909 1.000000 5.000000
158 0.000488 0.010569 1.000000 5.000000
159 0.000488 0.013920 1.000000 5.000000
160 0.000000 0.008569 1.000000 5.000000
161 0.000000 0.014520 1.000000 5.000000
162 0.000488 0.015965 1.000000 5.000000
163 0.000000 0.008993 1.000000 5.000000
164 0.000000 0.015813 1.000000 5.000000
165 0.000488 0.013676 1.000000 5.000000
166 0.000691 0.008226 1.000000 5.000000
167 0.000846 0.010385 1.000000 5.000000
168 0.001092 0.024794 1.000000 5.000000
169 0.000488 0.017567 1.000000 5.000000
170 0.000691 0.009025 1.000000 5.000000
171 0.000691 0.016652 1.000000 5.000000
172 0.000000 0.017393 1.000000 5.000000
173 0.000691 0.005583 1.000000 5.000000
174 0.000000 0.020403 1.000000 5.000000
175 0.000488 0.012171 1.000000 5.000000
176 0.000691 0.004551 1.000000 5.000000
177 0.000000 0.010286 1.000000 5.000000
178 0.000691 0.009795 1.000000 5.000000
179 0.000000 0.011860 1.000000 5.000000
180 0.000691 0.014428 1.000000 5.000000
181 0.000000 0.003956 1.000000 5.000000
182 0.000691 0.025347 1.000000 3.333333
183 0.000691 0.014487 1.000000 3.333333
184 0.000488 0.015657 1.000000 3.333333
185 0.000000 0.026345 1.000000 3.333333
186 0.000846 0.029711 1.000000 3.333333
187 0.000691 0.015369 1.000000 3.333333
188 0.000691 0.011266 1.000000 3.333333
189 0.000691 0.017211 1.000000 3.333333
190 0.000691 0.019677 1.000000 3.333333
191 0.000488 0.020970 1.000000 3.333333
192 0.000488 0.013497 1.000000 3.333333
193 0.000691 0.010702 1.000000 3.333333
194 0.000488 0.016667 1.000000 3.333333
195 0.000488 0.020013 1.000000 3.333333
196 0.000000 0.011094 1.000000 3.333333
197 0.000000 0.018627 1.000000 3.333333
198 0.000691 0.019455 1.000000 3.333333
199 0.000488 0.012184 1.000000 3.333333
200 0.000000 0.023978 1.000000 3.333333
201 0.000691 0.027170 1.000000 3.333333
202 0.000000 0.013709 1.000000 3.333333
203 0.000488 0.020159 1.000000 3.333333
204 0.000488 0.013542 1.000000 3.333333
205 0.001092 0.015840 1.000000 3.333333
206 0.000000 0.011766 1.000000 3.333333
207 0.000846 0.015616 1.000000 3.333333
208 0.000691 0.014022 1.000000 3.333333
209 0.000000 0.016508 1.000000 3.333333
210 0.000691 0.015396 1.000000 3.333333
211 0.000977 0.015652 1.000000 3.333333
212 0.000691 0.009357 1.000000 3.333333
213 0.000691 0.010890 1.000000 3.333333
214 0.000977 0.009680 1.000000 3.333333
215 0.000691 0.014759 1.000000 3.333333
216 0.001292 0.011711 1.000000 3.333333
217 0.000488 0.007105 1.000000 3.333333
218 0.000977 0.009232 1.000000 3.333333
219 0.000000 0.009873 1.000000 3.333333
220 0.000977 0.007932 1.000000 3.333333
221 0.000000 0.008382 1.000000 3.333333
222 0.000000 0.007742 1.000000 3.333333
223 0.001381 0.007999 1.000000 3.333333
224 0.000977 0.009220 1.000000 3.333333
225 0.001292 0.008233 1.000000 3.333333
226 0.001827 0.006568 1.000000 3.333333
227 0.000488 0.008312 1.000000 3.333333
228 0.001465 0.007720 1.000000 3.333333
229 0.001381 0.011646 1.000000 3.333333
230 0.000691 0.010649 1.000000 3.333333
231 0.000691 0.014383 1.000000 3.333333
232 0.000000 0.003236 1.000000 3.333333
233 0.000488 0.008398 1.000000 3.333333
234 0.001196 0.019090 1.000000 3.333333
235 0.000846 0.010798 1.000000 3.333333
236 0.000691 0.020677 1.000000 3.333333
237 0.001292 0.020758 1.000000 3.333333
238 0.000691 0.008519 1.000000 3.333333
239 0.000000 0.029915 1.000000 3.333333
240 0.000000 0.036361 1.000000 3.333333
241 0.000488 0.009850 1.000000 3.333333
242 0.000846 0.034960 1.000000 3.333333
243 0.000977 0.037662 1.000000 3.333333
244 0.001292 0.007810 1.000000 3.333333
245 0.000000 0.039231 1.000000 3.333333
246 0.000691 0.046240 1.000000 3.333333
247 0.000000 0.017086 1.000000 3.333333
248 0.000000 0.025685 1.000000 3.333333
249 0.000691 0.030692 1.000000 3.333333
250 0.000691 0.025232 1.000000 3.333333
251 0.000488 0.025851 1.000000 3.333333
252 0.000000 0.014168 1.000000 3.333333
253 0.000488 0.012459 1.000000 3.333333
254 0.000488 0.018212 1.000000 3.333333
255 0.000846 0.018251 1.000000 3.333333
256 0.000691 0.006803 1.000000 3.333333
257 0.000000 0.022100 1.000000 3.333333
258 0.000691 0.016521 1.000000 3.333333
259 0.000691 0.013608 1.000000 3.333333
260 0.000488 0.015163 1.000000 3.333333
261 0.000691 0.018079 1.000000 3.333333
262 0.000000 0.019992 1.000000 3.333333
263 0.000488 0.013516 1.000000 3.333333
264 0.000488 0.006390 1.000000 3.333333
265 0.000000 0.002374 1.000000 3.333333
266 0.000000 0.007675 1.000000 3.333333
267 0.000691 0.008738 1.000000 3.333333
268 0.000000 0.003009 1.000000 3.333333
269 0.000691 0.001648 1.000000 3.333333
270 0.000846 0.008439 1.000000 3.333333
271 0.000691 0.004894 1.000000 3.333333
272 0.000000 0.006409 1.000000 3.333333
273 0.000691 0.003033 1.000000 3.333333
274 0.000846 0.006138 1.000000 3.333333
275 0.000691 0.027175 1.000000 3.333333
276 0.001292 0.012786 1.000000 3.333333
277 0.001092 0.009769 1.000000 3.333333
278 0.000488 0.019218 1.000000 3.333333
279 0.000488 0.015529 1.000000 3.333333
280 0.001381 0.017206 1.000000 3.333333
281 0.000977 0.031476 1.000000 3.333333
282 0.001196 0.046751 1.000000 2.500000
283 0.000977 0.025796 1.000000 3.333333
284 0.001544 0.058784 1.000000 2.500000
285 0.000488 0.071381 1.000000 2.500000
286 0.000488 0.044112 1.000000 2.500000
287 0.000488 0.049155 1.000000 2.500000
288 0.001465 0.021489 1.000000 2.500000
289 0.001381 0.033295 1.000000 2.500000
290 0.000977 0.079430 1.000000 2.500000
291 0.000488 0.063309 1.000000 2.500000
292 0.000691 0.085385 1.000000 2.500000
293 0.001381 0.065693 1.000000 2.500000
294 0.002342 0.065735 1.000000 2.500000
295 0.002013 0.058854 1.000000 2.500000
296 0.002441 0.083092 1.000000 2.500000
297 0.003383 0.079298 1.000000 2.500000
298 0.002762 0.123298 1.000000 2.500000
299 0.002930 0.104306 1.000000 2.500000
300 0.003088 0.095079 1.000000 2.500000
301 0.003049 0.045083 1.000000 2.500000
302 0.003239 0.062266 1.000000 2.500000
303 0.000977 0.041932 1.000000 2.500000
304 0.001891 0.136777 1.000000 2.500000
305 0.000691 0.086397 1.000000 2.500000
306 0.001292 0.075584 1.000000 2.500000
307 0.001761 0.024416 1.000000 2.500000
308 0.000846 0.025960 1.000000 3.333333
309 0.001092 0.024427 1.000000 3.333333
310 0.001092 0.027547 1.000000 3.333333
311 0.004172 0.216974 1.000000 3.333333
312 0.003487 0.195879 1.000000 3.333333
313 0.001196 0.020795 1.000000 3.333333
314 0.001092 0.018802 1.000000 3.333333
315 0.000691 0.018493 1.000000 3.333333
316 0.004026 0.191789 1.000000 3.333333
317 0.004056 0.179891 1.000000 3.333333
318 0.001953 0.013153 1.000000 3.333333
319 0.001761 0.022414 1.000000 3.333333
320 0.001196 0.126776 1.000000 3.333333
321 0.001619 0.111564 1.000000 3.333333
322 0.000977 0.009814 1.000000 3.333333
323 0.001544 0.036547 1.000000 3.333333
324 0.001827 0.046738 1.000000 3.333333
325 0.000691 0.017553 1.000000 3.333333
326 0.001891 0.049675 1.000000 3.333333
327 0.001619 0.076853 1.000000 3.333333
328 0.000488 0.032544 1.000000 3.333333
329 0.000000 0.024924 1.000000 3.333333
330 0.000691 0.019902 1.000000 5.000000
331 0.000691 0.037046 1.000000 5.000000
332 0.000977 0.021893 1.000000 5.000000
333 0.000846 0.021882 1.000000 5.000000
334 0.001292 0.021606 1.000000 5.000000
335 0.002184 0.017180 1.000000 5.000000
336 0.001381 0.015886 1.000000 5.000000
337 0.000488 0.015223 1.000000 5.000000
338 0.000977 0.019058 1.000000 5.000000
339 0.000488 0.014986 1.000000 5.000000
340 0.000000 0.016399 1.000000 5.000000
341 0.000000 0.024146 1.000000 5.000000
342 0.000977 0.007081 1.000000 5.000000
343 0.000488 0.040454 1.000000 5.000000
344 0.000488 0.039331 1.000000 5.000000
345 0.000846 0.018528 1.000000 5.000000
346 0.001092 0.037112 1.000000 5.000000
347 0.000691 0.010547 1.000000 5.000000
348 0.000000 0.031189 1.000000 5.000000
349 0.000846 0.014129 1.000000 5.000000
350 0.000691 0.037492 1.000000 5.000000
351 0.000488 0.015020 1.000000 5.000000
352 0.000691 0.023022 1.000000 5.000000
353 0.000488 0.012120 1.000000 5.000000
354 0.000000 0.012162 1.000000 5.000000
355 0.000000 0.022838 1.000000 5.000000
356 0.000691 0.015273 1.000000 5.000000
357 0.000691 0.013186 1.000000 5.000000
358 0.000691 0.014775 1.000000 5.000000
359 0.000000 0.011675 1.000000 5.000000
360 0.000488 0.005724 1.000000 5.000000
361 0.000000 0.009953 1.000000 5.000000
362 0.000691 0.006632 1.000000 5.000000
363 0.000691 0.014169 1.000000 5.000000
364 0.000977 0.010159 1.000000 5.000000
365 0.000488 0.021458 1.000000 5.000000
366 0.000488 0.008720 1.000000 5.000000
367 0.000000 0.015012 1.000000 5.000000
368 0.000000 0.008714 1.000000 5.000000
369 0.000846 0.038462 1.000000 5.000000
370 0.000691 0.008192 1.000000 5.000000
371 0.000488 0.014739 1.000000 5.000000
372 0.000691 0.012840 1.000000 5.000000
373 0.000000 0.012334 1.000000 5.000000
374 0.000488 0.016208 1.000000 5.000000
375 0.000488 0.008433 1.000000 5.000000
376 0.000000 0.012327 1.000000 5.000000
377 0.000000 0.006013 1.000000 5.000000
378 0.000691 0.013238 1.000000 5.000000
379 0.001092 0.028269 1.000000 5.000000
380 0.001196 0.027198 1.000000 5.000000
381 0.000488 0.009416 1.000000 5.000000
382 0.000846 0.015183 1.000000 5.000000
383 0.000691 0.005132 1.000000 5.000000
384 0.000488 0.007127 1.000000 5.000000
385 0.000691 0.009421 1.000000 5.000000
386 0.000000 0.003515 1.000000 5.000000
387 0.000977 0.005535 1.000000 5.000000
388 0.001381 0.014276 1.000000 5.000000
389 0.000977 0.014530 1.000000 5.000000
390 0.000691 0.016893 1.000000 5.000000
391 0.001092 0.012496 1.000000 5.000000
392 0.001381 0.020272 1.000000 5.000000
393 0.001381 0.013844 1.000000 5.000000
394 0.001196 0.014859 1.000000 5.000000
395 0.000488 0.011881 1.000000 5.000000
396 0.000691 0.012399 1.000000 5.000000
397 0.000000 0.012043 1.000000 5.000000
398 0.000977 0.015872 1.000000 5.000000
399 0.000846 0.021812 1.000000 5.000000
400 0.000000 0.005752 1.000000 5.000000
401 0.000691 0.020058 1.000000 5.000000
402 0.000000 0.019504 1.000000 5.000000
403 0.000691 0.046939 1.000000 5.000000
404 0.000977 0.007697 1.000000 5.000000
405 0.000000 0.005300 1.000000 5.000000
406 0.000000 0.036086 1.000000 5.000000
407 0.000977 0.009304 1.000000 5.000000
408 0.000691 0.007373 1.000000 5.000000
409 0.000488 0.006969 1.000000 5.000000
410 0.000000 0.018232 1.000000 5.000000
411 0.000691 0.006965 1.000000 5.000000
412 0.000000 0.034969 1.000000 5.000000
413 0.000691 0.006144 1.000000 5.000000
414 0.000977 0.030084 1.000000 5.000000
415 0.000691 0.023468 1.000000 5.000000
416 0.000488 0.013645 1.000000 5.000000
417 0.001381 0.011810 1.000000 5.000000
418 0.000488 0.012229 1.000000 5.000000
419 0.000691 0.005488 1.000000 5.000000
420 0.000977 0.025595 1.000000 5.000000
421 0.000000 0.010412 1.000000 5.000000
422 0.000691 0.027619 1.000000 5.000000
423 0.000000 0.023398 1.000000 5.000000
424 0.000488 0.019345 1.000000 5.000000
425 0.001092 0.030809 1.000000 5.000000
426 0.000846 0.011301 1.000000 5.000000
427 0.000691 0.016934 1.000000 5.000000
428 0.000000 0.008031 1.000000 5.000000
429 0.000691 0.009622 1.000000 5.000000
430 0.000691 0.010343 1.000000 5.000000
431 0.000000 0.015542 1.000000 3.333333
432 0.000488 0.013076 1.000000 3.333333
433 0.000000 0.025545 1.000000 3.333333
434 0.000691 0.029461 1.000000 3.333333
435 0.000691 0.015712 1.000000 3.333333
436 0.000000 0.032139 1.000000 3.333333
437 0.000000 0.018295 1.000000 3.333333
438 0.000691 0.008279 1.000000 3.333333
439 0.000691 0.011955 1.000000 3.333333
440 0.000488 0.018571 1.000000 3.333333
441 0.000691 0.016378 1.000000 3.333333
442 0.000977 0.011859 1.000000 3.333333
443 0.000691 0.015031 1.000000 3.333333
444 0.000000 0.018945 1.000000 3.333333
445 0.000000 0.025264 1.000000 3.333333
446 0.000000 0.027950 1.000000 3.333333
447 0.000000 0.028956 1.000000 3.333333
448 0.000691 0.026818 1.000000 3.333333
449 0.000488 0.020647 1.000000 3.333333
450 0.000000 0.012790 1.000000 3.333333
451 0.000000 0.016803 1.000000 3.333333
452 0.000000 0.020155 1.000000 3.333333
453 0.000977 0.023408 1.000000 3.333333
454 0.000691 0.019811 1.000000 3.333333
455 0.001381 0.015872 1.000000 3.333333
456 0.000691 0.017355 1.000000 3.333333
457 0.001953 0.030480 1.000000 3.333333
458 0.000846 0.030636 1.000000 3.333333
459 0.002537 0.016669 1.000000 3.333333
460 0.000691 0.012764 1.000000 3.333333
461 0.000000 0.024283 1.000000 3.333333
462 0.000000 0.012660 1.000000 3.333333
463 0.000691 0.007794 1.000000 3.333333
464 0.000488 0.016542 1.000000 3.333333
465 0.000691 0.009541 1.000000 3.333333
466 0.000977 0.011297 1.000000 3.333333
467 0.000488 0.018736 1.000000 3.333333
468 0.000691 0.012581 1.000000 3.333333
469 0.000000 0.010216 1.000000 3.333333
470 0.000000 0.011903 1.000000 3.333333
471 0.000691 0.012632 1.000000 3.333333
472 0.000846 0.012512 1.000000 3.333333
473 0.000000 0.015004 1.000000 3.333333
474 0.000000 0.014956 1.000000 3.333333
475 0.000488 0.010820 1.000000 3.333333
476 0.000000 0.017004 1.000000 3.333333
477 0.000488 0.018848 1.000000 3.333333
478 0.000691 0.026782 1.000000 3.333333
479 0.000000 0.022995 1.000000 3.333333
480 0.000000 0.011326 1.000000 5.000000
481 0.000000 0.009055 1.000000 5.000000
482 0.000488 0.008065 1.000000 5.000000
483 0.000977 0.012905 1.000000 5.000000
484 0.000488 0.011403 1.000000 5.000000
485 0.000977 0.012090 1.000000 5.000000
486 0.001381 0.006247 1.000000 5.000000
487 0.000488 0.013919 1.000000 5.000000
488 0.000846 0.006754 1.000000 5.000000
489 0.000691 0.015626 1.000000 5.000000
490 0.000488 0.008331 1.000000 5.000000
491 0.000691 0.008281 1.000000 5.000000
492 0.000691 0.025042 1.000000 5.000000
493 0.000846 0.013464 1.000000 5.000000
494 0.000691 0.011754 1.000000 5.000000
495 0.000000 0.020001 1.000000 5.000000
496 0.000977 0.011431 1.000000 5.000000
497 0.000488 0.014112 1.000000 5.000000
498 0.000977 0.017176 1.000000 5.000000
499 0.001891 0.005354 1.000000 5.000000
500 0.001465 0.020788 1.000000 5.000000
501 0.001953 0.011594 1.000000 5.000000
502 0.001381 0.006188 1.000000 5.000000
503 0.000488 0.021821 1.000000 5.000000
504 0.000488 0.006625 1.000000 5.000000
505 0.000691 0.014107 1.000000 5.000000
506 0.000000 0.007563 1.000000 5.000000
507 0.000488 0.010111 1.000000 5.000000
508 0.000691 0.008728 1.000000 5.000000
509 0.000488 0.008751 1.000000 5.000000
510 0.000846 0.034398 1.000000 5.000000
511 0.000488 0.010317 1.000000 5.000000
512 0.000691 0.008792 1.000000 5.000000
513 0.001196 0.013926 1.000000 5.000000
514 0.001092 0.004949 1.000000 5.000000
515 0.000488 0.014063 1.000000 5.000000
516 0.001092 0.028164 1.000000 5.000000
517 0.000000 0.010268 1.000000 5.000000
518 0.000691 0.016184 1.000000 5.000000
519 0.000000 0.006988 1.000000 5.000000
520 0.000488 0.014591 1.000000 5.000000
521 0.000488 0.014069 1.000000 5.000000
522 0.000488 0.008573 1.000000 5.000000
523 0.000488 0.005305 1.000000 5.000000
524 0.000691 0.010841 1.000000 5.000000
525 0.000000 0.008940 1.000000 5.000000
526 0.000488 0.009197 1.000000 5.000000
527 0.000000 0.003376 1.000000 5.000000
528 0.000488 0.006619 1.000000 5.000000
529 0.000000 0.014704 1.000000 5.000000
530 0.000691 0.015411 1.000000 5.000000
531 0.000846 0.006399 1.000000 5.000000
532 0.000846 0.008546 1.000000 5.000000
533 0.001092 0.009133 1.000000 5.000000
534 0.000000 0.009317 1.000000 5.000000
535 0.000691 0.006401 1.000000 5.000000
536 0.000691 0.010383 1.000000 5.000000
537 0.000846 0.007358 1.000000 5.000000
538 0.000691 0.009476 1.000000 5.000000
539 0.000691 0.021241 1.000000 5.000000
540 0.000691 0.005674 1.000000 5.000000
541 0.001465 0.011449 1.000000 5.000000
542 0.000488 0.006258 1.000000 5.000000
543 0.000488 0.007594 1.000000 5.000000
544 0.000000 0.008822 1.000000 5.000000
545 0.000488 0.011534 1.000000 5.000000
546 0.000000 0.011164 1.000000 5.000000
547 0.000488 0.008544 1.000000 5.000000
548 0.000977 0.021213 1.000000 5.000000
549 0.000000 0.009862 1.000000 5.000000
550 0.000488 0.012821 1.000000 5.000000
551 0.000977 0.011257 1.000000 5.000000
552 0.000000 0.020662 1.000000 5.000000
553 0.000000 0.015688 1.000000 5.000000
554 0.000691 0.029513 1.000000 5.000000
555 0.000977 0.010637 1.000000 5.000000
556 0.000691 0.008224 1.000000 5.000000
557 0.000488 0.011281 1.000000 5.000000
558 0.000000 0.017439 1.000000 5.000000
559 0.000691 0.014029 1.000000 5.000000
560 0.000000 0.014556 1.000000 5.000000
561 0.000691 0.015423 1.000000 5.000000
562 0.000000 0.010742 1.000000 5.000000
563 0.000488 0.011623 1.000000 5.000000
564 0.000000 0.010325 1.000000 5.000000
565 0.000488 0.016226 1.000000 5.000000
566 0.000000 0.003948 1.000000 5.000000
567 0.000000 0.006878 1.000000 5.000000
568 0.000000 0.006157 1.000000 5.000000
569 0.000691 0.011758 1.000000 5.000000
570 0.000488 0.010916 1.000000 5.000000
571 0.000691 0.010647 1.000000 5.000000
572 0.000000 0.015289 1.000000 5.000000
573 0.000691 0.009768 1.000000 5.000000
574 0.000000 0.008484 1.000000 5.000000
575 0.000000 0.008850 1.000000 5.000000
576 0.000691 0.010319 1.000000 5.000000
577 0.000488 0.004488 1.000000 5.000000
578 0.000691 0.010039 1.000000 5.000000
579 0.000691 0.011892 1.000000 5.000000
580 0.000691 0.009623 1.000000 5.000000
581 0.000000 0.011492 1.000000 5.000000
582 0.000691 0.013143 1.000000 5.000000
583 0.001619 0.013262 1.000000 5.000000
584 0.001465 0.010330 1.000000 5.000000
585 0.001196 0.021098 1.000000 5.000000
586 0.000691 0.010196 1.000000 5.000000
587 0.000000 0.017683 1.000000 5.000000
588 0.000488 0.016364 1.000000 5.000000
589 0.000488 0.007550 1.000000 5.000000
590 0.000000 0.006955 1.000000 5.000000
591 0.000000 0.002450 1.000000 5.000000
592 0.000691 0.006434 1.000000 5.000000
593 0.000488 0.002834 1.000000 5.000000
594 0.001092 0.011525 1.000000 5.000000
595 0.000691 0.009895 1.000000 5.000000
596 0.000488 0.009888 1.000000 5.000000
597 0.000488 0.007489 1.000000 5.000000
598 0.000000 0.004334 1.000000 5.000000
599 0.000000 0.011562 1.000000 5.000000
600 0.000691 0.011593 1.000000 5.000000
601 0.000000 0.006687 1.000000 5.000000
602 0.000691 0.006475 1.000000 5.000000
603 0.000691 0.006660 1.000000 5.000000
604 0.000000 0.023057 1.000000 5.000000
605 0.000000 0.010522 1.000000 5.000000
606 0.000000 0.005488 1.000000 5.000000
607 0.000488 0.008239 1.000000 5.000000
608 0.000000 0.007447 1.000000 5.000000
609 0.000000 0.011040 1.000000 5.000000
610 0.000488 0.011659 1.000000 5.000000
611 0.000846 0.004457 1.000000 5.000000
612 0.000977 0.008464 1.000000 5.000000
613 0.000977 0.010907 1.000000 5.000000
614 0.000691 0.006064 1.000000 5.000000
615 0.001196 0.012006 1.000000 5.000000
616 0.000488 0.015191 1.000000 5.000000
617 0.000000 0.006936 1.000000 5.000000
618 0.000488 0.007636 1.000000 5.000000
619 0.000691 0.016884 1.000000 5.000000
620 0.000000 0.016907 1.000000 5.000000
621 0.000691 0.008918 1.000000 5.000000
622 0.000691 0.010003 1.000000 5.000000
623 0.000000 0.027519 1.000000 5.000000
624 0.000691 0.054482 1.000000 5.000000
625 0.000691 0.008918 1.000000 5.000000
626 0.000000 0.012874 1.000000 5.000000
627 0.000000 0.009083 1.000000 5.000000
628 0.000000 0.021559 1.000000 5.000000
629 0.000000 0.008705 1.000000 5.000000
630 0.000488 0.007374 1.000000 5.000000
631 0.000000 0.016947 1.000000 5.000000
632 0.000691 0.009312 1.000000 5.000000
633 0.000691 0.016916 1.000000 5.000000
634 0.000000 0.031019 1.000000 5.000000
635 0.000488 0.013691 1.000000 5.000000
636 0.000000 0.010622 1.000000 5.000000
637 0.000488 0.010077 1.000000 5.000000
638 0.000488 0.016150 1.000000 5.000000
639 0.000488 0.014890 1.000000 5.000000
640 0.000000 0.008575 1.000000 5.000000
641 0.000000 0.013178 1.000000 5.000000
642 0.000691 0.008834 1.000000 5.000000
643 0.000977 0.008887 1.000000 5.000000
644 0.000846 0.015893 1.000000 5.000000
645 0.000000 0.004758 1.000000 5.000000
646 0.000488 0.007933 1.000000 5.000000
647 0.000000 0.009214 1.000000 5.000000
648 0.000000 0.004393 1.000000 5.000000
649 0.000000 0.016282 1.000000 5.000000
650 0.000000 0.007462 1.000000 5.000000
651 0.000488 0.010892 1.000000 5.000000
652 0.000691 0.011045 1.000000 5.000000
653 0.000977 0.014655 1.000000 5.000000
654 0.000000 0.002554 1.000000 5.000000
655 0.000488 0.012970 1.000000 5.000000
656 0.000000 0.003301 1.000000 5.000000
657 0.000488 0.005629 1.000000 5.000000
658 0.000000 0.013568 1.000000 5.000000
659 0.000000 0.011217 1.000000 5.000000
660 0.000000 0.007118 1.000000 5.000000
661 0.000691 0.025665 1.000000 5.000000
662 0.000691 0.006455 1.000000 5.000000
663 0.000691 0.016332 1.000000 5.000000
664 0.000977 0.009849 1.000000 5.000000
665 0.000977 0.006610 1.000000 5.000000
666 0.000000 0.004243 1.000000 5.000000
667 0.000000 0.061732 1.000000 5.000000
668 0.000000 0.023204 1.000000 3.333333
669 0.000488 0.033496 1.000000 3.333333
670 0.000691 0.040746 1.000000 3.333333
671 0.000000 0.031073 1.000000 3.333333
672 0.000691 0.016818 1.000000 3.333333
673 0.000977 0.007723 1.000000 3.333333
674 0.000691 0.005178 1.000000 3.333333
675 0.000488 0.010855 1.000000 3.333333
676 0.000488 0.012394 1.000000 3.333333
677 0.000691 0.014972 1.000000 3.333333
678 0.000846 0.025760 1.000000 3.333333
679 0.001465 0.022673 1.000000 3.333333
680 0.001465 0.024898 1.000000 3.333333
681 0.000977 0.043540 1.000000 3.333333
682 0.001292 0.041291 1.000000 3.333333
683 0.001196 0.047610 1.000000 3.333333
684 0.000691 0.034008 1.000000 3.333333
685 0.000000 0.048416 1.000000 3.333333
686 0.000000 0.077302 1.000000 3.333333
687 0.000977 0.055788 1.000000 3.333333
688 0.000846 0.058700 1.000000 3.333333
689 0.001196 0.064492 1.000000 3.333333
690 0.001465 0.050081 1.000000 3.333333
691 0.001092 0.059558 1.000000 3.333333
692 0.001465 0.086142 1.000000 3.333333
693 0.002629 0.105964 1.000000 2.500000
694 0.002072 0.051270 1.000000 2.500000
695 0.001544 0.030281 1.000000 2.500000
696 0.000977 0.044237 1.000000 2.500000
697 0.001196 0.074229 1.000000 2.500000
698 0.001691 0.090508 1.000000 2.500000
699 0.001691 0.085443 1.000000 2.500000
700 0.001761 0.096272 1.000000 2.500000
701 0.003312 0.127296 1.000000 2.500000
702 0.002930 0.104813 1.000000 2.500000
703 0.002184 0.070437 1.000000 3.333333
704 0.000488 0.066796 1.000000 3.333333
705 0.000691 0.093802 1.000000 3.333333
706 0.002072 0.053616 1.000000 3.333333
707 0.001891 0.009783 1.000000 3.333333
708 0.001292 0.034541 1.000000 3.333333
709 0.001953 0.074780 1.000000 3.333333
710 0.005900 0.200835 1.000000 3.333333
711 0.006157 0.151424 1.000000 3.333333
712 0.002072 0.026156 1.000000 3.333333
713 0.001691 0.025602 1.000000 3.333333
714 0.000488 0.054327 1.000000 3.333333
715 0.003845 0.118866 1.000000 3.333333
716 0.003937 0.145213 1.000000 3.333333
717 0.001381 0.021086 1.000000 3.333333
718 0.000846 0.041826 1.000000 3.333333
719 0.001619 0.051547 1.000000 3.333333
720 0.001619 0.023316 1.000000 3.333333
721 0.001619 0.038424 1.000000 3.333333
722 0.001891 0.031714 1.000000 3.333333
723 0.001092 0.030926 1.000000 3.333333
724 0.000977 0.024728 1.000000 3.333333
725 0.001092 0.016080 1.000000 3.333333
726 0.000691 0.009616 1.000000 3.333333
727 0.000977 0.016356 1.000000 3.333333
728 0.000977 0.017094 1.000000 3.333333
729 0.000691 0.014526 1.000000 3.333333
730 0.000691 0.019034 1.000000 3.333333
731 0.001092 0.025986 1.000000 3.333333
732 0.000691 0.016140 1.000000 3.333333
733 0.000977 0.014431 1.000000 3.333333
734 0.000691 0.017080 1.000000 3.333333
735 0.000488 0.014002 1.000000 5.000000
736 0.000000 0.006796 1.000000 5.000000
737 0.000488 0.013677 1.000000 5.000000
738 0.000000 0.007711 1.000000 5.000000
739 0.000691 0.009531 1.000000 5.000000
740 0.000691 0.011253 1.000000 5.000000
741 0.001196 0.011438 1.000000 5.000000
742 0.000977 0.023697 1.000000 5.000000
743 0.000691 0.016896 1.000000 5.000000
744 0.000691 0.012351 1.000000 5.000000
745 0.000488 0.014504 1.000000 5.000000
746 0.000000 0.016347 1.000000 5.000000
747 0.000000 0.012317 1.000000 5.000000
748 0.000691 0.021125 1.000000 5.000000
749 0.000488 0.011057 1.000000 5.000000
750 0.000488 0.012009 1.000000 5.000000
751 0.000846 0.011637 1.000000 5.000000
752 0.000977 0.016971 1.000000 5.000000
753 0.000846 0.026248 1.000000 5.000000
754 0.000977 0.022353 1.000000 5.000000
755 0.000977 0.015000 1.000000 5.000000
756 0.001381 0.023561 1.000000 5.000000
757 0.001092 0.018298 1.000000 5.000000
758 0.000488 0.008187 1.000000 5.000000
759 0.000691 0.018603 1.000000 5.000000
760 0.000691 0.001399 1.000000 5.000000
761 0.000000 0.009322 1.000000 5.000000
762 0.000691 0.011399 1.000000 5.000000
763 0.000000 0.032364 1.000000 5.000000
764 0.000000 0.014343 1.000000 5.000000
765 0.000691 0.019104 1.000000 5.000000
766 0.001092 0.002815 1.000000 5.000000
767 0.000000 0.010480 1.000000 5.000000
768 0.001092 0.011783 1.000000 5.000000
769 0.001292 0.028319 1.000000 5.000000
770 0.000691 0.007809 1.000000 5.000000
771 0.000000 0.021281 1.000000 5.000000
772 0.000000 0.006693 1.000000 5.000000
773 0.000977 0.015252 1.000000 5.000000
774 0.000691 0.014343 1.000000 5.000000
775 0.000691 0.007090 1.000000 5.000000
776 0.000488 0.014464 1.000000 5.000000
777 0.000000 0.026372 1.000000 5.000000
778 0.000846 0.017530 1.000000 5.000000
779 0.000488 0.012570 1.000000 5.000000
780 0.000000 0.009276 1.000000 5.000000
781 0.000488 0.015091 1.000000 5.000000
782 0.000488 0.012384 1.000000 5.000000
783 0.000000 0.009533 1.000000 5.000000
784 0.000691 0.029415 1.000000 5.000000
785 0.000691 0.011394 1.000000 5.000000
786 0.000691 0.011010 1.000000 5.000000
787 0.000000 0.018059 1.000000 5.000000
788 0.001196 0.001882 1.000000 5.000000
789 0.001381 0.010310 1.000000 5.000000
790 0.000000 0.024148 1.000000 5.000000
791 0.001092 0.014135 1.000000 5.000000
792 0.000488 0.029020 1.000000 5.000000
793 0.000846 0.009380 1.000000 5.000000
794 0.000000 0.014789 1.000000 5.000000
795 0.000846 0.008401 1.000000 5.000000
796 0.000977 0.022676 1.000000 5.000000
797 0.000488 0.008004 1.000000 5.000000
798 0.000000 0.013374 1.000000 5.000000
799 0.000488 0.020194 1.000000 5.000000
800 0.000977 0.008489 1.000000 5.000000
801 0.000000 0.008114 1.000000 5.000000
802 0.000000 0.021303 1.000000 5.000000
803 0.000000 0.008433 1.000000 5.000000
804 0.000691 0.006812 1.000000 5.000000
805 0.000488 0.009365 1.000000 5.000000
806 0.000000 0.010073 1.000000 5.000000
807 0.000488 0.018025 1.000000 5.000000
808 0.000691 0.008400 1.000000 5.000000
809 0.000000 0.011895 1.000000 5.000000
810 0.000691 0.008863 1.000000 5.000000
811 0.000488 0.019910 1.000000 5.000000
812 0.000691 0.002606 1.000000 5.000000
813 0.000691 0.021695 1.000000 5.000000
814 0.000977 0.006638 1.000000 5.000000
815 0.000000 0.017558 1.000000 5.000000
816 0.000977 0.015764 1.000000 5.000000
817 0.000488 0.013671 1.000000 5.000000
818 0.000000 0.021903 1.000000 5.000000
819 0.000488 0.011374 1.000000 5.000000
820 0.000000 0.015572 1.000000 5.000000
821 0.000488 0.009047 1.000000 5.000000
822 0.000977 0.011964 1.000000 5.000000
823 0.000691 0.021994 1.000000 5.000000
824 0.001092 0.016174 1.000000 5.000000
825 0.001092 0.022648 1.000000 5.000000
826 0.000691 0.008201 1.000000 5.000000
827 0.000691 0.022115 1.000000 5.000000
828 0.000977 0.011680 1.000000 5.000000
829 0.000977 0.016495 1.000000 5.000000
830 0.000000 0.014132 1.000000 5.000000
831 0.000000 0.006463 1.000000 5.000000
832 0.000691 0.029966 1.000000 5.000000
833 0.000488 0.012378 1.000000 5.000000
834 0.000488 0.018587 1.000000 5.000000
835 0.000691 0.009959 1.000000 5.000000
836 0.001196 0.012497 1.000000 5.000000
837 0.001196 0.014970 1.000000 5.000000
838 0.000846 0.011080 1.000000 5.000000
839 0.000488 0.008507 1.000000 5.000000
840 0.000000 0.014704 1.000000 5.000000
841 0.000000 0.013775 1.000000 5.000000
842 0.000691 0.019202 1.000000 5.000000
843 0.000488 0.013834 1.000000 5.000000
844 0.000691 0.015674 1.000000 5.000000
845 0.000000 0.014952 1.000000 5.000000
846 0.000691 0.014807 1.000000 5.000000
847 0.000000 0.009957 1.000000 5.000000
848 0.000691 0.023793 1.000000 5.000000
849 0.000691 0.014402 1.000000 5.000000
850 0.000488 0.007989 1.000000 5.000000
851 0.000488 0.015709 1.000000 5.000000
852 0.000488 0.013264 1.000000 5.000000
853 0.000000 0.007326 1.000000 5.000000
854 0.000691 0.009573 1.000000 5.000000
855 0.000691 0.006654 1.000000 5.000000
856 0.000000 0.004255 1.000000 5.000000
857 0.000000 0.011906 1.000000 5.000000
858 0.000000 0.012701 1.000000 5.000000
859 0.000488 0.012701 1.000000 5.000000
860 0.000488 0.004510 1.000000 5.000000
861 0.000488 0.015702 1.000000 5.000000
862 0.000488 0.013121 1.000000 5.000000
863 0.000000 0.004669 1.000000 5.000000
864 0.000846 0.008936 1.000000 5.000000
865 0.000000 0.007739 1.000000 5.000000
866 0.000488 0.011028 1.000000 5.000000
867 0.000691 0.006718 1.000000 5.000000
868 0.000691 0.013043 1.000000 5.000000
869 0.000846 0.006102 1.000000 5.000000
870 0.001196 0.008854 1.000000 5.000000
871 0.000977 0.011151 1.000000 5.000000
872 0.000691 0.015723 1.000000 5.000000
873 0.000488 0.009600 1.000000 5.000000
874 0.000691 0.004131 1.000000 5.000000
875 0.000000 0.010421 1.000000 5.000000
876 0.000000 0.013738 1.000000 5.000000
877 0.000000 0.002935 1.000000 5.000000
878 0.000488 0.011789 1.000000 5.000000
879 0.000000 0.005882 1.000000 5.000000
880 0.000691 0.011921 1.000000 5.000000
881 0.000488 0.010494 1.000000 5.000000
882 0.000691 0.006489 1.000000 5.000000
883 0.000488 0.012730 1.000000 5.000000
884 0.000691 0.012222 1.000000 5.000000
885 0.000000 0.006999 1.000000 5.000000
886 0.000000 0.004280 1.000000 5.000000
887 0.000000 0.007235 1.000000 5.000000
888 0.000000 0.009933 1.000000 5.000000
889 0.000691 0.004703 1.000000 5.000000
890 0.000846 0.015679 1.000000 5.000000
891 0.001619 0.016784 1.000000 5.000000
892 0.001196 0.015066 1.000000 5.000000
893 0.000846 0.009767 1.000000 5.000000
894 0.001761 0.010036 1.000000 5.000000
895 0.000977 0.016064 1.000000 5.000000
896 0.000691 0.011234 1.000000 5.000000
897 0.000846 0.006448 1.000000 5.000000
898 0.000977 0.009573 1.000000 5.000000
899 0.000000 0.008957 1.000000 5.000000
900 0.000000 0.009002 1.000000 5.000000
901 0.000691 0.008121 1.000000 5.000000
902 0.000000 0.011294 1.000000 5.000000
903 0.000691 0.006345 1.000000 5.000000
904 0.000000 0.011524 1.000000 5.000000
905 0.000846 0.004817 1.000000 5.000000
906 0.000000 0.006223 1.000000 5.000000
907 0.000000 0.007913 1.000000 5.000000
908 0.000000 0.011157 1.000000 5.000000
909 0.000000 0.005421 1.000000 5.000000
910 0.000000 0.005663 1.000000 5.000000
911 0.000000 0.012869 1.000000 5.000000
912 0.000691 0.004688 1.000000 5.000000
913 0.000488 0.009664 1.000000 5.000000
914 0.000000 0.005820 1.000000 5.000000
915 0.000691 0.015271 1.000000 5.000000
916 0.000000 0.013215 1.000000 5.000000
917 0.000488 0.019327 1.000000 5.000000
918 0.000000 0.011142 1.000000 5.000000
919 0.000000 0.006553 1.000000 5.000000
920 0.000691 0.008995 1.000000 5.000000
921 0.000488 0.021752 1.000000 5.000000
922 0.000488 0.005685 1.000000 5.000000
923 0.000000 0.010299 1.000000 5.000000
924 0.000000 0.015031 1.000000 5.000000
925 0.000488 0.007895 1.000000 5.000000
926 0.000000 0.014374 1.000000 5.000000
927 0.000691 0.018861 1.000000 5.000000
928 0.000000 0.011915 1.000000 5.000000
929 0.000000 0.007049 1.000000 5.000000
930 0.000691 0.022089 1.000000 5.000000
931 0.000000 0.009455 1.000000 5.000000
932 0.000488 0.005919 1.000000 5.000000
933 0.000000 0.009335 1.000000 5.000000
934 0.000000 0.019854 1.000000 5.000000
935 0.000000 0.016657 1.000000 5.000000
936 0.000691 0.017416 1.000000 5.000000
937 0.000000 0.004892 1.000000 5.000000
938 0.001092 0.019791 1.000000 5.000000
939 0.000691 0.022301 1.000000 5.000000
940 0.000846 0.006928 1.000000 5.000000
941 0.000977 0.013260 1.000000 5.000000
942 0.000691 0.008339 1.000000 5.000000
943 0.000488 0.008664 1.000000 5.000000
944 0.000488 0.018720 1.000000 5.000000
945 0.000846 0.021436 1.000000 5.000000
946 0.000000 0.003394 1.000000 5.000000
947 0.000691 0.011656 1.000000 5.000000
948 0.000691 0.013668 1.000000 5.000000
949 0.000000 0.008069 1.000000 5.000000
950 0.000488 0.009513 1.000000 5.000000
951 0.000000 0.009533 1.000000 5.000000
952 0.000000 0.013762 1.000000 5.000000
953 0.000000 0.023833 1.000000 5.000000
954 0.000000 0.008600 1.000000 5.000000
955 0.000488 0.007754 1.000000 5.000000
956 0.000000 0.023043 1.000000 5.000000
957 0.000488 0.021041 1.000000 5.000000
958 0.000488 0.015023 1.000000 5.000000
959 0.000000 0.013755 1.000000 5.000000
960 0.000000 0.017691 1.000000 5.000000
961 0.000691 0.019869 1.000000 5.000000
962 0.000488 0.020085 1.000000 5.000000
963 0.000488 0.014872 1.000000 5.000000
964 0.000691 0.009805 1.000000 5.000000
965 0.000691 0.008881 1.000000 5.000000
966 0.000691 0.018760 1.000000 5.000000
967 0.000000 0.017251 1.000000 5.000000
968 0.000000 0.010372 1.000000 5.000000
969 0.000488 0.018816 1.000000 5.000000
970 0.000691 0.007526 1.000000 5.000000
971 0.000000 0.010851 1.000000 5.000000
972 0.000691 0.019854 1.000000 5.000000
973 0.000000 0.016662 1.000000 5.000000
974 0.000000 0.015432 1.000000 5.000000
975 0.000488 0.011920 1.000000 5.000000
976 0.000846 0.008155 1.000000 5.000000
977 0.001196 0.011814 1.000000 5.000000
978 0.000488 0.010191 1.000000 5.000000
979 0.001196 0.011232 1.000000 5.000000
980 0.000000 0.018449 1.000000 5.000000
981 0.000691 0.016515 1.000000 5.000000
982 0.000000 0.015009 1.000000 5.000000
983 0.000000 0.013731 1.000000 5.000000
984 0.000691 0.016269 1.000000 5.000000
985 0.000488 0.010341 1.000000 5.000000
986 0.000000 0.011362 1.000000 5.000000
987 0.000488 0.012506 1.000000 5.000000
988 0.000691 0.006099 1.000000 5.000000
989 0.000000 0.016741 1.000000 5.000000
990 0.000000 0.012544 1.000000 5.000000
991 0.000000 0.015055 1.000000 5.000000
992 0.000691 0.015893 1.000000 5.000000
993 0.000977 0.017948 1.000000 5.000000
994 0.000000 0.020186 1.000000 5.000000
995 0.000000 0.015654 1.000000 5.000000
996 0.000691 0.026795 1.000000 5.000000
997 0.000000 0.013485 1.000000 5.000000
998 0.000488 0.015695 1.000000 5.000000
999 0.000000 0.016005 1.000000 5.000000
1000 0.000488 0.012139 1.000000 5.000000
1001 0.000000 0.010936 1.000000 5.000000
1002 0.000000 0.015023 1.000000 5.000000
1003 0.000000 0.018226 1.000000 5.000000
1004 0.000488 0.014362 1.000000 5.000000
1005 0.000488 0.010398 1.000000 5.000000
1006 0.000488 0.017141 1.000000 5.000000
1007 0.000000 0.015370 1.000000 5.000000
1008 0.000000 0.018088 1.000000 5.000000
1009 0.000691 0.020497 1.000000 5.000000
1010 0.001092 0.013297 1.000000 5.000000
1011 0.000488 0.013246 1.000000 5.000000
1012 0.000691 0.010200 1.000000 5.000000
1013 0.000691 0.029615 1.000000 3.333333
1014 0.000488 0.021233 1.000000 3.333333
1015 0.000488 0.021598 1.000000 3.333333
1016 0.000488 0.019621 1.000000 3.333333
1017 0.000000 0.018429 1.000000 3.333333
1018 0.000000 0.024286 1.000000 3.333333
1019 0.000488 0.020961 1.000000 3.333333
1020 0.000691 0.020904 1.000000 3.333333
1021 0.000488 0.021722 1.000000 3.333333
1022 0.000488 0.013074 1.000000 3.333333
1023 0.000488 0.022067 1.000000 3.333333
1024 0.000846 0.029677 1.000000 3.333333
1025 0.000691 0.018885 1.000000 3.333333
1026 0.000000 0.012695 1.000000 3.333333
1027 0.000000 0.010743 1.000000 3.333333
1028 0.000488 0.016125 1.000000 3.333333
1029 0.000000 0.013443 1.000000 3.333333
1030 0.000977 0.007608 1.000000 3.333333
1031 0.000691 0.003371 1.000000 3.333333
1032 0.000488 0.011627 1.000000 3.333333
1033 0.000691 0.014422 1.000000 3.333333
1034 0.000000 0.011921 1.000000 3.333333
1035 0.000488 0.009860 1.000000 3.333333
1036 0.000977 0.006972 1.000000 3.333333
1037 0.000691 0.007436 1.000000 3.333333
1038 0.000000 0.010608 1.000000 3.333333
1039 0.000000 0.009673 1.000000 3.333333
1040 0.000691 0.008717 1.000000 3.333333
1041 0.000977 0.007289 1.000000 3.333333
1042 0.000691 0.003951 1.000000 3.333333
1043 0.000977 0.003000 1.000000 3.333333
1044 0.000000 0.011290 1.000000 3.333333
1045 0.001544 0.007907 1.000000 3.333333
1046 0.000691 0.007189 1.000000 3.333333
1047 0.000691 0.006466 1.000000 3.333333
1048 0.000977 0.017347 1.000000 3.333333
1049 0.000691 0.012594 1.000000 3.333333
1050 0.000691 0.020972 1.000000 3.333333
1051 0.000488 0.005822 1.000000 3.333333
1052 0.000691 0.006789 1.000000 3.333333
1053 0.000691 0.013255 1.000000 3.333333
1054 0.000488 0.017243 1.000000 3.333333
1055 0.000691 0.018758 1.000000 3.333333
1056 0.000691 0.011430 1.000000 3.333333
1057 0.000000 0.009906 1.000000 3.333333
1058 0.000488 0.015573 1.000000 3.333333
1059 0.000691 0.038996 1.000000 3.333333
1060 0.000977 0.029142 1.000000 3.333333
1061 0.000000 0.019733 1.000000 3.333333
1062 0.000846 0.039005 1.000000 3.333333
1063 0.000488 0.040906 1.000000 3.333333
1064 0.000691 0.030578 1.000000 3.333333
1065 0.000488 0.022364 1.000000 3.333333
1066 0.000488 0.029554 1.000000 3.333333
1067 0.000000 0.041084 1.000000 3.333333
1068 0.000691 0.033069 1.000000 3.333333
1069 0.000000 0.019210 1.000000 3.333333
1070 0.000000 0.015528 1.000000 3.333333
1071 0.000691 0.024512 1.000000 3.333333
1072 0.000691 0.022206 1.000000 3.333333
1073 0.000691 0.015949 1.000000 3.333333
1074 0.000691 0.029380 1.000000 3.333333
1075 0.000691 0.019228 1.000000 3.333333
1076 0.000977 0.015765 1.000000 3.333333
1077 0.000691 0.025481 1.000000 3.333333
1078 0.000691 0.021588 1.000000 3.333333
1079 0.000488 0.019242 1.000000 3.333333
1080 0.000000 0.022826 1.000000 3.333333
1081 0.000000 0.008199 1.000000 3.333333
1082 0.000488 0.009934 1.000000 3.333333
1083 0.000000 0.003499 1.000000 3.333333
1084 0.000691 0.006852 1.000000 3.333333
1085 0.000000 0.005680 1.000000 3.333333
1086 0.000000 0.008325 1.000000 3.333333
1087 0.000488 0.002743 1.000000 3.333333
1088 0.000691 0.007241 1.000000 3.333333
1089 0.000000 0.016391 1.000000 3.333333
1090 0.000000 0.030676 1.000000 3.333333
1091 0.000691 0.030439 1.000000 3.333333
1092 0.000488 0.016381 1.000000 3.333333
1093 0.000691 0.021746 1.000000 3.333333
1094 0.000000 0.026106 1.000000 3.333333
1095 0.000488 0.035398 1.000000 3.333333
1096 0.000691 0.021406 1.000000 3.333333
1097 0.000000 0.022483 1.000000 3.333333
1098 0.000977 0.031011 1.000000 3.333333
