0 0.000846 0.034880 1.000000 1.000000
1 0.000691 0.031216 1.000000 1.111111
2 0.000000 0.039866 1.000000 1.111111
3 0.000000 0.044850 1.000000 1.111111
4 0.000000 0.040640 1.000000 1.250000
5 0.000000 0.044431 1.000000 1.250000
6 0.000000 0.041014 1.000000 1.428571
7 0.000000 0.038847 1.000000 1.428571
8 0.000488 0.048642 1.000000 1.428571
9 0.000691 0.041079 1.000000 1.428571
10 0.001196 0.037191 1.000000 1.428571
11 0.001196 0.030171 1.000000 1.666667
12 0.001544 0.027483 1.000000 1.666667
13 0.001544 0.039953 1.000000 1.666667
14 0.001381 0.052624 1.000000 1.666667
15 0.001381 0.084347 1.000000 1.666667
16 0.001381 0.092456 1.000000 1.666667
17 0.001196 0.103620 1.000000 1.666667
18 0.000977 0.091583 1.000000 1.666667
19 0.002072 0.097082 1.000000 1.666667
20 0.002290 0.071914 1.000000 1.666667
21 0.002072 0.053046 1.000000 2.000000
22 0.003347 0.048190 1.000000 2.000000
23 0.003906 0.046801 1.000000 2.000000
24 0.003418 0.039477 1.000000 2.000000
25 0.002674 0.035414 1.000000 2.000000
26 0.002184 0.032505 1.000000 2.000000
27 0.001292 0.030039 1.000000 2.000000
28 0.001196 0.037949 1.000000 2.000000
29 0.001691 0.037934 1.000000 2.000000
30 0.000977 0.031561 1.000000 2.500000
31 0.000846 0.026965 1.000000 2.500000
32 0.001292 0.023445 1.000000 2.500000
33 0.001891 0.070755 1.000000 2.500000
34 0.001092 0.081062 1.000000 2.500000
35 0.000000 0.071678 1.000000 2.500000
36 0.001196 0.034402 1.000000 2.500000
37 0.001465 0.027530 1.000000 2.500000
38 0.002719 0.014511 1.000000 2.500000
39 0.001381 0.005854 1.000000 2.500000
40 0.001827 0.017545 1.000000 2.500000
41 0.001465 0.013484 1.000000 2.500000
42 0.000846 0.007668 1.000000 3.333333
43 0.000691 0.016575 1.000000 3.333333
44 0.000000 0.017749 1.000000 3.333333
45 0.000977 0.007925 1.000000 3.333333
46 0.001691 0.002767 1.000000 3.333333
47 0.000000 0.008986 1.000000 3.333333
48 0.000846 0.019282 1.000000 3.333333
49 0.001465 0.006342 1.000000 3.333333
50 0.000691 0.008410 1.000000 3.333333
51 0.001292 0.020012 1.000000 3.333333
52 0.000977 0.011645 1.000000 3.333333
53 0.000000 0.008411 1.000000 3.333333
54 0.001196 0.011310 1.000000 3.333333
55 0.001196 0.012163 1.000000 3.333333
56 0.001891 0.005230 1.000000 3.333333
57 0.000977 0.009118 1.000000 3.333333
58 0.001092 0.017061 1.000000 3.333333
59 0.000000 0.025019 1.000000 3.333333
60 0.000691 0.003671 1.000000 3.333333
61 0.000488 0.016940 1.000000 3.333333
62 0.000488 0.010407 1.000000 3.333333
63 0.001292 0.014042 1.000000 3.333333
64 0.000000 0.009318 1.000000 3.333333
65 0.001196 0.010568 1.000000 3.333333
66 0.001544 0.016586 1.000000 3.333333
67 0.000488 0.020333 1.000000 3.333333
68 0.000488 0.005105 1.000000 3.333333
69 0.000691 0.002382 1.000000 3.333333
70 0.000977 0.015606 1.000000 3.333333
71 0.000977 0.007627 1.000000 3.333333
72 0.000691 0.012610 1.000000 3.333333
73 0.000691 0.017486 1.000000 3.333333
74 0.000846 0.013755 1.000000 3.333333
75 0.000691 0.012869 1.000000 3.333333
76 0.000000 0.024106 1.000000 3.333333
77 0.000691 0.011364 1.000000 3.333333
78 0.000977 0.017128 1.000000 3.333333
79 0.000977 0.022578 1.000000 3.333333
80 0.000488 0.018579 1.000000 3.333333
81 0.000977 0.011794 1.000000 3.333333
82 0.000977 0.015279 1.000000 3.333333
83 0.000488 0.024779 1.000000 3.333333
84 0.000691 0.015601 1.000000 3.333333
85 0.000846 0.012427 1.000000 3.333333
86 0.000000 0.016735 1.000000 3.333333
87 0.000000 0.018811 1.000000 3.333333
88 0.001092 0.013930 1.000000 3.333333
89 0.001196 0.016260 1.000000 3.333333
90 0.000000 0.015681 1.000000 3.333333
91 0.001544 0.010806 1.000000 3.333333
92 0.000691 0.013155 1.000000 3.333333
93 0.000691 0.029541 1.000000 3.333333
94 0.000977 0.034152 1.000000 3.333333
95 0.000846 0.015602 1.000000 3.333333
96 0.000000 0.016771 1.000000 3.333333
97 0.001381 0.018581 1.000000 3.333333
98 0.000977 0.017276 1.000000 3.333333
99 0.000488 0.015421 1.000000 3.333333
100 0.000000 0.013284 1.000000 3.333333
101 0.000488 0.015185 1.000000 3.333333
102 0.000000 0.013975 1.000000 3.333333
103 0.000691 0.015390 1.000000 3.333333
104 0.000488 0.012317 1.000000 3.333333
105 0.000977 0.008008 1.000000 3.333333
106 0.000000 0.008537 1.000000 3.333333
107 0.000000 0.010734 1.000000 3.333333
108 0.000000 0.015772 1.000000 3.333333
109 0.000691 0.018176 1.000000 3.333333
110 0.000691 0.012964 1.000000 3.333333
111 0.000000 0.017139 1.000000 3.333333
112 0.000846 0.039217 1.000000 3.333333
113 0.000691 0.007055 1.000000 3.333333
114 0.000691 0.044085 1.000000 3.333333
115 0.000691 0.020519 1.000000 3.333333
116 0.000488 0.018567 1.000000 3.333333
117 0.000691 0.019343 1.000000 3.333333
118 0.000691 0.017720 1.000000 3.333333
119 0.000000 0.015754 1.000000 3.333333
120 0.000691 0.023558 1.000000 3.333333
121 0.001292 0.021366 1.000000 3.333333
122 0.001619 0.036312 1.000000 3.333333
123 0.001827 0.037655 1.000000 2.500000
124 0.002128 0.038284 1.000000 2.500000
125 0.001381 0.034833 1.000000 2.500000
126 0.000846 0.043987 1.000000 2.500000
127 0.001691 0.061153 1.000000 2.500000
128 0.003202 0.068052 1.000000 2.500000
129 0.003814 0.050965 1.000000 2.500000
130 0.001953 0.040124 1.000000 2.500000
131 0.000846 0.049442 1.000000 2.500000
132 0.000846 0.044701 1.000000 2.500000
133 0.002719 0.064569 1.000000 2.500000
134 0.004734 0.054964 1.000000 2.500000
135 0.004026 0.044778 1.000000 2.500000
136 0.003719 0.036157 1.000000 2.500000
137 0.001953 0.039862 1.000000 2.500000
138 0.003127 0.019690 1.000000 2.500000
139 0.002629 0.063914 1.000000 2.500000
140 0.002184 0.064192 1.000000 2.500000
141 0.001953 0.079912 1.000000 2.500000
142 0.001465 0.017420 1.000000 3.333333
143 0.001196 0.015692 1.000000 3.333333
144 0.001196 0.018258 1.000000 3.333333
145 0.001544 0.019746 1.000000 3.333333
146 0.001196 0.019841 1.000000 3.333333
147 0.001381 0.026085 1.000000 3.333333
148 0.001092 0.021731 1.000000 3.333333
149 0.000846 0.016492 1.000000 3.333333
150 0.000977 0.013239 1.000000 3.333333
151 0.000846 0.014770 1.000000 3.333333
152 0.000977 0.034359 1.000000 3.333333
153 0.000846 0.035194 1.000000 3.333333
154 0.000846 0.020267 1.000000 3.333333
155 0.000977 0.016634 1.000000 3.333333
156 0.000977 0.018127 1.000000 3.333333
157 0.001292 0.021030 1.000000 3.333333
158 0.002128 0.037988 1.000000 3.333333
159 0.001619 0.037544 1.000000 3.333333
160 0.000691 0.021895 1.000000 3.333333
161 0.001827 0.021746 1.000000 3.333333
162 0.000691 0.018618 1.000000 3.333333
163 0.000977 0.010146 1.000000 3.333333
164 0.000000 0.024299 1.000000 3.333333
165 0.000691 0.032007 1.000000 3.333333
166 0.000691 0.015883 1.000000 3.333333
167 0.001196 0.027504 1.000000 3.333333
168 0.000846 0.026738 1.000000 3.333333
169 0.001196 0.028220 1.000000 3.333333
170 0.000846 0.023064 1.000000 3.333333
171 0.000846 0.011334 1.000000 3.333333
172 0.001092 0.012683 1.000000 3.333333
173 0.000691 0.016622 1.000000 3.333333
174 0.001465 0.024579 1.000000 3.333333
175 0.000691 0.025736 1.000000 3.333333
176 0.000691 0.016320 1.000000 3.333333
177 0.001196 0.013675 1.000000 3.333333
178 0.001092 0.018432 1.000000 3.333333
179 0.000000 0.018823 1.000000 3.333333
180 0.001196 0.018083 1.000000 3.333333
181 0.001465 0.013753 1.000000 3.333333
182 0.000846 0.016241 1.000000 3.333333
183 0.000000 0.015095 1.000000 3.333333
184 0.000691 0.026753 1.000000 3.333333
185 0.000488 0.014273 1.000000 3.333333
186 0.001381 0.023313 1.000000 3.333333
187 0.000977 0.026197 1.000000 3.333333
188 0.001465 0.009565 1.000000 3.333333
189 0.000691 0.016492 1.000000 3.333333
190 0.001761 0.010579 1.000000 3.333333
191 0.000691 0.026166 1.000000 3.333333
192 0.001381 0.028048 1.000000 3.333333
193 0.000000 0.015102 1.000000 3.333333
194 0.000691 0.017858 1.000000 3.333333
195 0.000691 0.023346 1.000000 3.333333
196 0.000691 0.026052 1.000000 3.333333
197 0.000000 0.014417 1.000000 3.333333
198 0.000691 0.011168 1.000000 3.333333
199 0.000846 0.015109 1.000000 3.333333
200 0.000488 0.012524 1.000000 3.333333
201 0.000000 0.015916 1.000000 3.333333
202 0.001381 0.033032 1.000000 3.333333
203 0.001292 0.035127 1.000000 3.333333
204 0.000691 0.008111 1.000000 3.333333
205 0.000691 0.019043 1.000000 3.333333
206 0.000977 0.012018 1.000000 3.333333
207 0.001381 0.014927 1.000000 3.333333
208 0.001196 0.011034 1.000000 3.333333
209 0.000977 0.015869 1.000000 3.333333
210 0.003521 0.008458 1.000000 3.333333
211 0.001196 0.010768 1.000000 3.333333
212 0.003312 0.025173 1.000000 3.333333
213 0.000846 0.014461 1.000000 3.333333
214 0.000977 0.014484 1.000000 3.333333
215 0.000691 0.012345 1.000000 3.333333
216 0.000977 0.020750 1.000000 3.333333
217 0.001761 0.017861 1.000000 3.333333
218 0.000488 0.022295 1.000000 3.333333
219 0.001092 0.025780 1.000000 3.333333
220 0.001381 0.021348 1.000000 3.333333
221 0.000977 0.012874 1.000000 3.333333
222 0.001619 0.014634 1.000000 3.333333
223 0.000846 0.013193 1.000000 3.333333
224 0.001092 0.017138 1.000000 3.333333
225 0.001465 0.012831 1.000000 3.333333
226 0.001381 0.011779 1.000000 3.333333
227 0.000488 0.008943 1.000000 3.333333
228 0.000000 0.014898 1.000000 3.333333
229 0.001196 0.014552 1.000000 3.333333
230 0.000846 0.019196 1.000000 3.333333
231 0.000000 0.028394 1.000000 3.333333
232 0.001292 0.019009 1.000000 3.333333
233 0.001196 0.019936 1.000000 3.333333
234 0.000488 0.023089 1.000000 3.333333
235 0.001544 0.018388 1.000000 3.333333
236 0.000977 0.021588 1.000000 3.333333
237 0.000691 0.016781 1.000000 3.333333
238 0.000977 0.020981 1.000000 3.333333
239 0.002238 0.026989 1.000000 3.333333
240 0.001544 0.025120 1.000000 3.333333
241 0.001381 0.024060 1.000000 3.333333
242 0.000977 0.019953 1.000000 3.333333
243 0.001544 0.025271 1.000000 3.333333
244 0.000846 0.024723 1.000000 3.333333
245 0.002537 0.020008 1.000000 3.333333
246 0.000691 0.023068 1.000000 3.333333
247 0.002072 0.027640 1.000000 3.333333
248 0.000977 0.016064 1.000000 3.333333
249 0.001092 0.003813 1.000000 3.333333
250 0.001196 0.016101 1.000000 3.333333
251 0.000691 0.018466 1.000000 3.333333
252 0.000691 0.010842 1.000000 3.333333
253 0.000977 0.023393 1.000000 3.333333
254 0.002128 0.015701 1.000000 3.333333
255 0.002184 0.015766 1.000000 3.333333
256 0.003312 0.011593 1.000000 3.333333
257 0.001691 0.019317 1.000000 3.333333
258 0.001619 0.012713 1.000000 3.333333
259 0.001092 0.011743 1.000000 3.333333
260 0.000846 0.016635 1.000000 3.333333
261 0.000977 0.025632 1.000000 3.333333
262 0.002342 0.014869 1.000000 3.333333
263 0.001292 0.006566 1.000000 3.333333
264 0.001544 0.011122 1.000000 3.333333
265 0.001292 0.018465 1.000000 3.333333
266 0.001196 0.008762 1.000000 3.333333
267 0.000691 0.006571 1.000000 3.333333
268 0.001292 0.028438 1.000000 3.333333
269 0.000977 0.002300 1.000000 3.333333
270 0.000691 0.006800 1.000000 3.333333
271 0.000488 0.007499 1.000000 3.333333
272 0.000488 0.011540 1.000000 3.333333
273 0.001092 0.017054 1.000000 3.333333
274 0.000000 0.008540 1.000000 3.333333
275 0.000691 0.013005 1.000000 3.333333
276 0.000488 0.007766 1.000000 3.333333
277 0.001196 0.006250 1.000000 3.333333
278 0.000846 0.018676 1.000000 3.333333
279 0.000846 0.027571 1.000000 3.333333
280 0.001691 0.011991 1.000000 3.333333
281 0.001619 0.011145 1.000000 3.333333
282 0.000977 0.006548 1.000000 3.333333
283 0.000846 0.008219 1.000000 3.333333
284 0.000977 0.016579 1.000000 3.333333
285 0.000488 0.009904 1.000000 3.333333
286 0.000488 0.010408 1.000000 3.333333
287 0.000691 0.007676 1.000000 3.333333
288 0.001196 0.005393 1.000000 3.333333
289 0.001196 0.005814 1.000000 3.333333
290 0.000846 0.003813 1.000000 3.333333
291 0.002490 0.040446 1.000000 3.333333
292 0.002584 0.044224 1.000000 2.500000
293 0.000977 0.018645 1.000000 2.500000
294 0.000846 0.023324 1.000000 2.500000
295 0.001092 0.027336 1.000000 2.500000
296 0.001092 0.021144 1.000000 2.500000
297 0.000691 0.015858 1.000000 2.500000
298 0.000977 0.012895 1.000000 2.500000
299 0.001761 0.038724 1.000000 2.500000
300 0.000691 0.047825 1.000000 2.000000
301 0.000977 0.044029 1.000000 2.000000
302 0.002013 0.021668 1.000000 2.000000
303 0.002490 0.030693 1.000000 2.000000
304 0.002719 0.035407 1.000000 1.666667
305 0.002805 0.041214 1.000000 1.666667
306 0.002805 0.052440 1.000000 1.666667
307 0.003937 0.058935 1.000000 1.666667
308 0.003418 0.062913 1.000000 1.666667
309 0.003312 0.074769 1.000000 1.666667
310 0.003239 0.066382 1.000000 1.666667
311 0.003782 0.061625 1.000000 1.666667
312 0.003127 0.058785 1.000000 1.666667
313 0.003275 0.051032 1.000000 1.666667
314 0.003845 0.046744 1.000000 1.666667
315 0.003010 0.046126 1.000000 1.666667
316 0.002930 0.048635 1.000000 1.666667
317 0.002392 0.059765 1.000000 1.666667
318 0.002128 0.058918 1.000000 1.666667
319 0.001465 0.098625 1.000000 1.666667
320 0.002392 0.093618 1.000000 1.666667
321 0.001544 0.096023 1.000000 1.666667
322 0.000488 0.071880 1.000000 2.000000
323 0.001827 0.075139 1.000000 2.000000
324 0.003127 0.047509 1.000000 2.000000
325 0.002674 0.046878 1.000000 2.000000
326 0.003164 0.068848 1.000000 2.000000
327 0.002762 0.055322 1.000000 2.000000
328 0.001691 0.046746 1.000000 2.500000
329 0.001465 0.058781 1.000000 2.500000
330 0.001196 0.038285 1.000000 2.500000
331 0.000691 0.071324 1.000000 2.500000
332 0.000488 0.042039 1.000000 2.500000
333 0.000488 0.027388 1.000000 2.500000
334 0.004172 0.067480 1.000000 2.500000
335 0.003588 0.063774 1.000000 2.500000
336 0.003782 0.064710 1.000000 2.500000
337 0.000000 0.022902 1.000000 2.500000
338 0.000488 0.036737 1.000000 2.500000
339 0.001544 0.047762 1.000000 2.500000
340 0.000691 0.045139 1.000000 3.333333
341 0.001092 0.055896 1.000000 3.333333
342 0.000977 0.007718 1.000000 3.333333
343 0.001761 0.004707 1.000000 3.333333
344 0.002184 0.015235 1.000000 3.333333
345 0.001691 0.042737 1.000000 3.333333
346 0.001092 0.064453 1.000000 3.333333
347 0.000977 0.087188 1.000000 3.333333
348 0.000488 0.009064 1.000000 3.333333
349 0.000488 0.011955 1.000000 3.333333
350 0.000691 0.006304 1.000000 3.333333
351 0.000000 0.008486 1.000000 3.333333
352 0.000000 0.014644 1.000000 3.333333
353 0.000691 0.015351 1.000000 3.333333
354 0.000977 0.007906 1.000000 3.333333
355 0.000000 0.004392 1.000000 3.333333
356 0.000488 0.010944 1.000000 3.333333
357 0.000488 0.004326 1.000000 3.333333
358 0.000488 0.009312 1.000000 3.333333
359 0.001092 0.012680 1.000000 3.333333
360 0.000977 0.019848 1.000000 3.333333
361 0.001292 0.021962 1.000000 3.333333
362 0.000977 0.021012 1.000000 3.333333
363 0.000977 0.029652 1.000000 3.333333
364 0.001465 0.023952 1.000000 3.333333
365 0.001292 0.003622 1.000000 3.333333
366 0.001092 0.008279 1.000000 3.333333
367 0.000691 0.018019 1.000000 3.333333
368 0.000977 0.032210 1.000000 3.333333
369 0.000977 0.021722 1.000000 3.333333
370 0.001196 0.006434 1.000000 3.333333
371 0.000488 0.020292 1.000000 3.333333
372 0.001196 0.029088 1.000000 3.333333
373 0.000000 0.019288 1.000000 3.333333
374 0.000846 0.027083 1.000000 3.333333
375 0.000691 0.019264 1.000000 3.333333
376 0.000691 0.021420 1.000000 3.333333
377 0.000000 0.034294 1.000000 3.333333
378 0.001196 0.045852 1.000000 3.333333
379 0.000488 0.024754 1.000000 3.333333
380 0.000691 0.013448 1.000000 3.333333
381 0.000977 0.022873 1.000000 3.333333
382 0.000691 0.028827 1.000000 3.333333
383 0.000488 0.032249 1.000000 3.333333
384 0.000488 0.035532 1.000000 3.333333
385 0.000000 0.035688 1.000000 3.333333
386 0.000000 0.030546 1.000000 3.333333
387 0.000691 0.046370 1.000000 3.333333
388 0.000691 0.044127 1.000000 3.333333
389 0.000691 0.036770 1.000000 3.333333
390 0.000691 0.034327 1.000000 3.333333
391 0.000691 0.049986 1.000000 3.333333
392 0.001196 0.050403 1.000000 3.333333
393 0.000691 0.030502 1.000000 3.333333
394 0.000691 0.033584 1.000000 3.333333
395 0.000488 0.032882 1.000000 3.333333
396 0.001381 0.030057 1.000000 3.333333
397 0.000977 0.029192 1.000000 3.333333
398 0.000846 0.023574 1.000000 3.333333
399 0.000000 0.023739 1.000000 3.333333
400 0.000691 0.023115 1.000000 3.333333
401 0.000691 0.029711 1.000000 3.333333
402 0.000691 0.023135 1.000000 3.333333
403 0.000977 0.018869 1.000000 3.333333
404 0.001196 0.029640 1.000000 3.333333
405 0.000691 0.016716 1.000000 3.333333
406 0.001092 0.024096 1.000000 3.333333
407 0.001292 0.067428 1.000000 3.333333
408 0.000691 0.046706 1.000000 3.333333
409 0.000691 0.016813 1.000000 3.333333
410 0.000977 0.010579 1.000000 3.333333
411 0.000691 0.015467 1.000000 3.333333
412 0.000691 0.011280 1.000000 3.333333
413 0.000000 0.025533 1.000000 3.333333
414 0.000488 0.027997 1.000000 3.333333
415 0.000000 0.009486 1.000000 3.333333
416 0.000691 0.014703 1.000000 3.333333
417 0.001092 0.012027 1.000000 3.333333
418 0.001092 0.014463 1.000000 3.333333
419 0.000488 0.020921 1.000000 3.333333
420 0.001381 0.027202 1.000000 3.333333
421 0.001381 0.023633 1.000000 3.333333
422 0.000691 0.025536 1.000000 3.333333
423 0.000000 0.033833 1.000000 3.333333
424 0.000000 0.040121 1.000000 3.333333
425 0.000000 0.041823 1.000000 3.333333
426 0.000846 0.039854 1.000000 3.333333
427 0.000488 0.035712 1.000000 3.333333
428 0.000488 0.035808 1.000000 3.333333
429 0.000000 0.038150 1.000000 3.333333
430 0.000000 0.037219 1.000000 3.333333
431 0.000488 0.035821 1.000000 3.333333
432 0.000488 0.025481 1.000000 3.333333
433 0.000691 0.040180 1.000000 3.333333
434 0.000488 0.034758 1.000000 3.333333
435 0.000488 0.019945 1.000000 3.333333
436 0.000000 0.018251 1.000000 3.333333
437 0.000488 0.027238 1.000000 3.333333
438 0.000488 0.024350 1.000000 3.333333
439 0.000000 0.027009 1.000000 3.333333
440 0.001092 0.033958 1.000000 3.333333
441 0.000691 0.025844 1.000000 3.333333
442 0.000000 0.025684 1.000000 3.333333
443 0.000000 0.013753 1.000000 3.333333
444 0.000691 0.024327 1.000000 3.333333
445 0.000691 0.017793 1.000000 3.333333
446 0.000488 0.013984 1.000000 3.333333
447 0.000488 0.015309 1.000000 3.333333
448 0.001092 0.024015 1.000000 3.333333
449 0.000691 0.035070 1.000000 3.333333
450 0.000691 0.014413 1.000000 3.333333
451 0.000000 0.008374 1.000000 3.333333
452 0.000000 0.010964 1.000000 3.333333
453 0.000691 0.027201 1.000000 3.333333
454 0.000691 0.070308 1.000000 3.333333
455 0.000691 0.071967 1.000000 3.333333
456 0.000977 0.021024 1.000000 3.333333
457 0.001196 0.030047 1.000000 3.333333
458 0.000977 0.063870 1.000000 3.333333
459 0.000691 0.072637 1.000000 3.333333
460 0.002128 0.045204 1.000000 2.500000
461 0.001691 0.063898 1.000000 2.500000
462 0.002290 0.039312 1.000000 2.500000
463 0.002847 0.048816 1.000000 2.500000
464 0.003383 0.044202 1.000000 2.500000
465 0.003010 0.032588 1.000000 2.500000
466 0.003588 0.046832 1.000000 2.500000
467 0.004422 0.062997 1.000000 2.500000
468 0.004340 0.084908 1.000000 2.500000
469 0.004980 0.087862 1.000000 2.500000
470 0.007389 0.087744 1.000000 2.500000
471 0.001381 0.036866 1.000000 2.500000
472 0.001827 0.042492 1.000000 2.500000
473 0.001761 0.041835 1.000000 2.500000
474 0.000000 0.046515 1.000000 2.500000
475 0.000977 0.036152 1.000000 2.500000
476 0.001891 0.039814 1.000000 2.500000
477 0.001544 0.033306 1.000000 2.500000
478 0.001092 0.026088 1.000000 2.500000
479 0.001196 0.025681 1.000000 2.500000
480 0.000977 0.023434 1.000000 2.500000
481 0.000846 0.018338 1.000000 2.500000
482 0.001196 0.017950 1.000000 2.500000
483 0.001544 0.018793 1.000000 2.500000
484 0.001292 0.017048 1.000000 3.333333
485 0.000000 0.011958 1.000000 3.333333
486 0.000000 0.010567 1.000000 3.333333
487 0.000846 0.008071 1.000000 3.333333
488 0.000691 0.008479 1.000000 3.333333
489 0.000000 0.014940 1.000000 3.333333
490 0.000488 0.002993 1.000000 3.333333
491 0.000488 0.010129 1.000000 3.333333
492 0.000846 0.014581 1.000000 3.333333
493 0.000000 0.013196 1.000000 3.333333
494 0.001092 0.023460 1.000000 3.333333
495 0.001092 0.020335 1.000000 3.333333
496 0.001465 0.018317 1.000000 3.333333
497 0.000000 0.020535 1.000000 3.333333
498 0.001953 0.017093 1.000000 3.333333
499 0.000977 0.027672 1.000000 3.333333
500 0.000000 0.021988 1.000000 3.333333
501 0.000691 0.014026 1.000000 3.333333
502 0.000488 0.029289 1.000000 3.333333
503 0.000691 0.027939 1.000000 3.333333
504 0.000846 0.021812 1.000000 3.333333
505 0.000846 0.014083 1.000000 3.333333
506 0.000000 0.009532 1.000000 3.333333
507 0.000977 0.022575 1.000000 3.333333
508 0.000691 0.017351 1.000000 3.333333
509 0.000488 0.013327 1.000000 3.333333
510 0.000691 0.022912 1.000000 3.333333
511 0.001691 0.014528 1.000000 3.333333
512 0.000977 0.028119 1.000000 3.333333
513 0.000000 0.036652 1.000000 3.333333
514 0.001196 0.026014 1.000000 3.333333
515 0.001381 0.028157 1.000000 3.333333
516 0.000846 0.034575 1.000000 3.333333
517 0.000691 0.017456 1.000000 3.333333
518 0.001292 0.023980 1.000000 3.333333
519 0.001953 0.037121 1.000000 3.333333
520 0.001292 0.036217 1.000000 3.333333
521 0.001544 0.021104 1.000000 3.333333
522 0.000846 0.021377 1.000000 3.333333
523 0.001092 0.015648 1.000000 3.333333
524 0.001691 0.020143 1.000000 3.333333
525 0.001196 0.031824 1.000000 3.333333
526 0.001381 0.052363 1.000000 3.333333
527 0.001292 0.020498 1.000000 3.333333
528 0.000000 0.040238 1.000000 3.333333
529 0.001292 0.018421 1.000000 3.333333
530 0.000691 0.014909 1.000000 3.333333
531 0.000691 0.016208 1.000000 3.333333
532 0.000846 0.017013 1.000000 3.333333
533 0.000000 0.020688 1.000000 3.333333
534 0.000691 0.018069 1.000000 3.333333
535 0.000846 0.014161 1.000000 3.333333
536 0.000691 0.018464 1.000000 3.333333
537 0.000691 0.019087 1.000000 3.333333
538 0.001381 0.019623 1.000000 3.333333
539 0.000977 0.015982 1.000000 3.333333
540 0.000846 0.017348 1.000000 3.333333
541 0.000488 0.026091 1.000000 3.333333
542 0.000488 0.030113 1.000000 3.333333
543 0.000846 0.034567 1.000000 3.333333
544 0.001619 0.019639 1.000000 3.333333
545 0.002072 0.020570 1.000000 3.333333
546 0.000846 0.022633 1.000000 3.333333
547 0.000488 0.023099 1.000000 3.333333
548 0.000488 0.024424 1.000000 3.333333
549 0.000691 0.015034 1.000000 3.333333
550 0.001953 0.022877 1.000000 3.333333
551 0.000000 0.023031 1.000000 3.333333
552 0.001827 0.015936 1.000000 3.333333
553 0.000977 0.009678 1.000000 3.333333
554 0.000691 0.013055 1.000000 3.333333
555 0.000846 0.006534 1.000000 3.333333
556 0.001827 0.007922 1.000000 3.333333
557 0.000488 0.014891 1.000000 3.333333
558 0.001544 0.014995 1.000000 3.333333
559 0.001381 0.010760 1.000000 3.333333
560 0.001691 0.022166 1.000000 3.333333
561 0.000846 0.012262 1.000000 3.333333
562 0.000000 0.017108 1.000000 3.333333
563 0.000488 0.007582 1.000000 3.333333
564 0.000691 0.014789 1.000000 3.333333
565 0.000691 0.009588 1.000000 5.000000
566 0.000977 0.011775 1.000000 5.000000
567 0.000000 0.011544 1.000000 5.000000
568 0.000846 0.007137 1.000000 5.000000
569 0.000691 0.014216 1.000000 5.000000
570 0.000846 0.009356 1.000000 5.000000
571 0.001092 0.005162 1.000000 5.000000
572 0.000691 0.008586 1.000000 5.000000
573 0.000000 0.008156 1.000000 5.000000
574 0.001196 0.013527 1.000000 5.000000
575 0.000691 0.009129 1.000000 5.000000
576 0.000977 0.003194 1.000000 5.000000
577 0.000691 0.007569 1.000000 5.000000
578 0.000000 0.013666 1.000000 5.000000
579 0.000691 0.009420 1.000000 5.000000
580 0.000846 0.002648 1.000000 5.000000
581 0.000977 0.004861 1.000000 5.000000
582 0.000488 0.012977 1.000000 5.000000
583 0.000488 0.012517 1.000000 5.000000
584 0.000000 0.010607 1.000000 5.000000
585 0.000977 0.007611 1.000000 5.000000
586 0.000000 0.003262 1.000000 5.000000
587 0.000846 0.003982 1.000000 5.000000
588 0.000977 0.006848 1.000000 5.000000
589 0.000691 0.003424 1.000000 5.000000
590 0.000691 0.004790 1.000000 5.000000
591 0.000488 0.011593 1.000000 5.000000
592 0.000000 0.004723 1.000000 5.000000
593 0.000000 0.011228 1.000000 5.000000
594 0.000000 0.005977 1.000000 5.000000
595 0.000000 0.001975 1.000000 5.000000
596 0.000846 0.014571 1.000000 3.333333
597 0.000691 0.015435 1.000000 3.333333
598 0.000488 0.010085 1.000000 3.333333
599 0.000488 0.016548 1.000000 3.333333
600 0.000977 0.020206 1.000000 3.333333
601 0.000691 0.017829 1.000000 3.333333
602 0.000000 0.010842 1.000000 3.333333
603 0.000691 0.019743 1.000000 3.333333
604 0.000488 0.019707 1.000000 3.333333
605 0.000488 0.016135 1.000000 3.333333
606 0.000691 0.017726 1.000000 3.333333
607 0.000691 0.014845 1.000000 3.333333
608 0.000691 0.007886 1.000000 3.333333
609 0.000000 0.010809 1.000000 3.333333
610 0.000000 0.018035 1.000000 3.333333
611 0.000846 0.012590 1.000000 3.333333
612 0.000846 0.013407 1.000000 3.333333
613 0.000000 0.017024 1.000000 3.333333
614 0.000000 0.015521 1.000000 3.333333
615 0.000000 0.014638 1.000000 3.333333
616 0.000691 0.014555 1.000000 3.333333
617 0.001092 0.011241 1.000000 3.333333
618 0.000691 0.016300 1.000000 3.333333
619 0.000846 0.013318 1.000000 3.333333
620 0.000000 0.016324 1.000000 3.333333
621 0.000000 0.018775 1.000000 3.333333
622 0.000000 0.020799 1.000000 3.333333
623 0.000000 0.023950 1.000000 3.333333
624 0.000000 0.030458 1.000000 3.333333
625 0.000488 0.026228 1.000000 3.333333
626 0.000000 0.020738 1.000000 3.333333
627 0.000488 0.020779 1.000000 3.333333
628 0.000000 0.024606 1.000000 3.333333
629 0.000000 0.023207 1.000000 3.333333
630 0.000488 0.018642 1.000000 3.333333
631 0.000691 0.016357 1.000000 3.333333
632 0.000000 0.016123 1.000000 3.333333
633 0.000691 0.030527 1.000000 2.500000
634 0.000000 0.030971 1.000000 2.500000
635 0.000691 0.041086 1.000000 2.500000
636 0.000488 0.025767 1.000000 2.500000
637 0.001292 0.035687 1.000000 2.500000
638 0.002584 0.073983 1.000000 2.000000
639 0.003347 0.067900 1.000000 2.000000
640 0.001465 0.043892 1.000000 1.666667
641 0.001381 0.045933 1.000000 1.666667
642 0.001691 0.043570 1.000000 1.428571
643 0.002072 0.027562 1.000000 1.428571
644 0.001691 0.034347 1.000000 1.428571
645 0.000691 0.051159 1.000000 1.428571
646 0.001292 0.047235 1.000000 1.250000
647 0.000977 0.049671 1.000000 1.250000
648 0.001544 0.061532 1.000000 1.111111
649 0.000691 0.064678 1.000000 1.000000
650 0.001292 0.047885 1.000000 0.909091
651 0.001465 0.043470 1.000000 0.500000
652 0.001381 0.158872 1.000000 0.227273
653 0.000691 0.246806 1.000000 0.153846
654 0.000488 0.337863 1.000000 0.147059
655 0.002128 0.409518 1.000000 0.142857
656 0.001827 0.430223 1.000000 0.140845
657 0.000846 0.447215 1.000000 0.138889
658 0.001292 0.460753 1.000000 0.136986
659 0.000000 0.484789 1.000000 0.136986
660 0.000000 0.482464 1.000000 0.138889
661 0.000000 0.495038 1.000000 0.138889
662 0.001196 0.484901 1.000000 0.140845
663 0.000488 0.491318 1.000000 0.142857
664 0.000488 0.510517 1.000000 0.142857
665 0.000488 0.502863 1.000000 0.144928
666 0.001092 0.500866 1.000000 0.147059
667 0.001691 0.485549 1.000000 0.149254
668 0.001196 0.490269 1.000000 0.151515
669 0.001292 0.487908 1.000000 0.153846
670 0.001891 0.491939 1.000000 0.156250
671 0.001891 0.478677 1.000000 0.158730
672 0.001691 0.469809 1.000000 0.161290
673 0.001381 0.470899 1.000000 0.163934
674 0.000977 0.476435 1.000000 0.166667
675 0.000977 0.469297 1.000000 0.169492
676 0.000846 0.475192 1.000000 0.172414
677 0.001196 0.459965 1.000000 0.175439
678 0.000846 0.458203 1.000000 0.178571
679 0.000977 0.447124 1.000000 0.181818
680 0.000977 0.444327 1.000000 0.185185
681 0.001465 0.446372 1.000000 0.188679
682 0.001827 0.430469 1.000000 0.192308
683 0.001691 0.428980 1.000000 0.196078
684 0.001953 0.421678 1.000000 0.196078
685 0.001691 0.424903 1.000000 0.200000
686 0.001827 0.428153 1.000000 0.204082
687 0.001891 0.423722 1.000000 0.208333
688 0.002128 0.419835 1.000000 0.212766
689 0.002128 0.412809 1.000000 0.217391
690 0.002238 0.416523 1.000000 0.222222
691 0.001953 0.412436 1.000000 0.227273
692 0.001761 0.415932 1.000000 0.232558
693 0.002128 0.408498 1.000000 0.238095
694 0.002392 0.398682 1.000000 0.243902
695 0.002847 0.397389 1.000000 0.250000
696 0.002238 0.405105 1.000000 0.256410
697 0.001827 0.398948 1.000000 0.263158
698 0.002128 0.395883 1.000000 0.270270
699 0.001827 0.394498 1.000000 0.277778
700 0.002184 0.397843 1.000000 0.285714
701 0.001761 0.402166 1.000000 0.294118
702 0.002072 0.393480 1.000000 0.303030
703 0.001953 0.403280 1.000000 0.312500
704 0.002290 0.394044 1.000000 0.322581
705 0.002072 0.398895 1.000000 0.333333
706 0.002490 0.392382 1.000000 0.344828
707 0.002290 0.390101 1.000000 0.357143
708 0.002441 0.387785 1.000000 0.370370
709 0.002674 0.389129 1.000000 0.384615
710 0.002392 0.391500 1.000000 0.400000
711 0.002128 0.397742 1.000000 0.416667
712 0.002013 0.394914 1.000000 0.434783
713 0.002013 0.390491 1.000000 0.454545
714 0.002013 0.389081 1.000000 0.476190
715 0.001761 0.392763 1.000000 0.500000
716 0.002013 0.342667 1.000000 0.500000
717 0.001827 0.308862 1.000000 0.526316
718 0.001465 0.276606 1.000000 0.555556
719 0.001891 0.242894 1.000000 0.555556
720 0.002290 0.205969 1.000000 0.588235
721 0.001691 0.194657 1.000000 0.625000
722 0.002629 0.168592 1.000000 0.666667
723 0.002441 0.140564 1.000000 0.714286
724 0.003239 0.131582 1.000000 0.714286
725 0.003202 0.117577 1.000000 0.769231
726 0.003383 0.101037 1.000000 0.833333
727 0.002184 0.089464 1.000000 0.909091
728 0.002490 0.076422 1.000000 0.909091
729 0.001827 0.082331 1.000000 1.000000
730 0.001691 0.065978 1.000000 1.111111
731 0.002072 0.040032 1.000000 1.111111
732 0.001691 0.037022 1.000000 1.250000
733 0.001761 0.038793 1.000000 1.250000
734 0.000977 0.047431 1.000000 1.428571
735 0.001092 0.050516 1.000000 1.428571
736 0.001092 0.057395 1.000000 1.428571
737 0.001196 0.054321 1.000000 1.666667
738 0.000691 0.094769 1.000000 1.666667
739 0.000691 0.092158 1.000000 1.666667
740 0.001544 0.095256 1.000000 1.666667
741 0.001953 0.110209 1.000000 1.666667
742 0.002184 0.096234 1.000000 2.000000
743 0.003453 0.088661 1.000000 2.000000
744 0.003782 0.093182 1.000000 2.000000
745 0.003719 0.068295 1.000000 2.000000
746 0.003202 0.033580 1.000000 2.500000
747 0.003164 0.030838 1.000000 2.500000
748 0.002072 0.021055 1.000000 2.500000
749 0.001196 0.045002 1.000000 2.500000
750 0.002441 0.067851 1.000000 2.500000
751 0.002072 0.054283 1.000000 2.500000
752 0.003487 0.039576 1.000000 2.500000
753 0.002970 0.024888 1.000000 3.333333
754 0.000977 0.015050 1.000000 3.333333
755 0.000488 0.048416 1.000000 3.333333
756 0.001196 0.030119 1.000000 3.333333
757 0.001092 0.020272 1.000000 3.333333
758 0.001381 0.026685 1.000000 3.333333
759 0.000846 0.015290 1.000000 3.333333
760 0.000977 0.020891 1.000000 3.333333
761 0.000977 0.044113 1.000000 3.333333
762 0.000977 0.047838 1.000000 3.333333
763 0.000977 0.017503 1.000000 3.333333
764 0.000977 0.019480 1.000000 3.333333
765 0.001196 0.023009 1.000000 3.333333
766 0.000691 0.015353 1.000000 3.333333
767 0.000488 0.015617 1.000000 3.333333
768 0.000977 0.023493 1.000000 3.333333
769 0.000977 0.020216 1.000000 3.333333
770 0.000000 0.019041 1.000000 3.333333
771 0.001196 0.016537 1.000000 3.333333
772 0.000977 0.025680 1.000000 3.333333
773 0.001196 0.025691 1.000000 3.333333
774 0.000000 0.016674 1.000000 3.333333
775 0.000000 0.010157 1.000000 5.000000
776 0.000000 0.018170 1.000000 5.000000
777 0.000488 0.017281 1.000000 5.000000
778 0.000000 0.007864 1.000000 5.000000
779 0.000977 0.017708 1.000000 5.000000
780 0.000488 0.012473 1.000000 5.000000
781 0.000488 0.009721 1.000000 5.000000
782 0.000488 0.005829 1.000000 5.000000
783 0.000691 0.019080 1.000000 5.000000
784 0.000488 0.013825 1.000000 5.000000
785 0.001092 0.010826 1.000000 5.000000
786 0.000691 0.019788 1.000000 5.000000
787 0.000000 0.010087 1.000000 5.000000
788 0.000000 0.013306 1.000000 5.000000
789 0.000977 0.007019 1.000000 5.000000
790 0.000000 0.008685 1.000000 5.000000
791 0.000000 0.015697 1.000000 5.000000
792 0.000488 0.013193 1.000000 5.000000
793 0.000000 0.011438 1.000000 5.000000
794 0.000000 0.013029 1.000000 5.000000
795 0.000488 0.019132 1.000000 5.000000
796 0.000691 0.007117 1.000000 5.000000
797 0.000488 0.007565 1.000000 5.000000
798 0.000846 0.008148 1.000000 5.000000
799 0.000691 0.008113 1.000000 5.000000
800 0.000000 0.013835 1.000000 5.000000
801 0.000488 0.007767 1.000000 5.000000
802 0.000000 0.017177 1.000000 5.000000
803 0.000000 0.005518 1.000000 5.000000
804 0.000488 0.019203 1.000000 5.000000
805 0.000000 0.005967 1.000000 5.000000
806 0.000691 0.013083 1.000000 5.000000
807 0.000691 0.010070 1.000000 5.000000
808 0.000846 0.017137 1.000000 5.000000
809 0.000488 0.013976 1.000000 5.000000
810 0.000691 0.007923 1.000000 5.000000
811 0.000977 0.012397 1.000000 5.000000
812 0.000488 0.007191 1.000000 5.000000
813 0.000846 0.010432 1.000000 5.000000
814 0.001292 0.011920 1.000000 5.000000
815 0.000000 0.012269 1.000000 5.000000
816 0.000488 0.011462 1.000000 5.000000
817 0.000977 0.015977 1.000000 5.000000
818 0.000691 0.019485 1.000000 5.000000
819 0.000846 0.023278 1.000000 5.000000
820 0.000691 0.008672 1.000000 5.000000
821 0.000000 0.010649 1.000000 5.000000
822 0.000488 0.009918 1.000000 5.000000
823 0.000488 0.013513 1.000000 5.000000
824 0.000000 0.015008 1.000000 5.000000
825 0.000488 0.014460 1.000000 5.000000
826 0.000691 0.007974 1.000000 5.000000
827 0.000691 0.010556 1.000000 5.000000
828 0.000488 0.006712 1.000000 5.000000
829 0.000000 0.016147 1.000000 5.000000
830 0.001292 0.011897 1.000000 5.000000
831 0.000977 0.023059 1.000000 5.000000
832 0.000000 0.003811 1.000000 5.000000
833 0.000488 0.016118 1.000000 5.000000
834 0.000691 0.014137 1.000000 5.000000
835 0.000488 0.022668 1.000000 5.000000
836 0.000000 0.023734 1.000000 5.000000
837 0.000846 0.013266 1.000000 5.000000
838 0.000000 0.018399 1.000000 5.000000
839 0.000488 0.011161 1.000000 5.000000
840 0.000846 0.013178 1.000000 5.000000
841 0.000691 0.013196 1.000000 5.000000
842 0.000977 0.018886 1.000000 5.000000
843 0.000000 0.025758 1.000000 5.000000
844 0.000000 0.013728 1.000000 5.000000
845 0.000691 0.013568 1.000000 5.000000
846 0.000691 0.018108 1.000000 5.000000
847 0.000977 0.008024 1.000000 5.000000
848 0.001381 0.019311 1.000000 5.000000
849 0.001544 0.017377 1.000000 5.000000
850 0.001544 0.010344 1.000000 5.000000
851 0.000846 0.011099 1.000000 5.000000
852 0.000977 0.022383 1.000000 5.000000
853 0.000691 0.008882 1.000000 5.000000
854 0.000000 0.008313 1.000000 5.000000
855 0.000488 0.010859 1.000000 5.000000
856 0.000691 0.006522 1.000000 5.000000
857 0.000488 0.009839 1.000000 5.000000
858 0.000691 0.007397 1.000000 5.000000
859 0.000691 0.005386 1.000000 5.000000
860 0.000488 0.005603 1.000000 5.000000
861 0.000977 0.015193 1.000000 5.000000
862 0.000000 0.005682 1.000000 5.000000
863 0.000488 0.010148 1.000000 5.000000
864 0.000000 0.013070 1.000000 5.000000
865 0.000488 0.033212 1.000000 5.000000
866 0.000000 0.005379 1.000000 5.000000
867 0.000691 0.011356 1.000000 5.000000
868 0.000488 0.016649 1.000000 5.000000
869 0.000488 0.017761 1.000000 3.333333
870 0.000691 0.023113 1.000000 3.333333
871 0.000691 0.029781 1.000000 3.333333
872 0.000000 0.020630 1.000000 3.333333
873 0.000488 0.027701 1.000000 3.333333
874 0.000000 0.016094 1.000000 3.333333
875 0.000488 0.015684 1.000000 3.333333
876 0.000488 0.022269 1.000000 3.333333
877 0.000000 0.011745 1.000000 3.333333
878 0.000691 0.013800 1.000000 3.333333
879 0.000000 0.033041 1.000000 3.333333
880 0.000488 0.026813 1.000000 3.333333
881 0.000691 0.032350 1.000000 3.333333
882 0.000000 0.024018 1.000000 3.333333
883 0.000488 0.031486 1.000000 3.333333
884 0.000000 0.026996 1.000000 3.333333
885 0.000000 0.021925 1.000000 3.333333
886 0.000691 0.028452 1.000000 3.333333
887 0.000488 0.029141 1.000000 3.333333
888 0.000846 0.034467 1.000000 3.333333
889 0.000691 0.040695 1.000000 3.333333
890 0.001196 0.024474 1.000000 3.333333
891 0.000000 0.028481 1.000000 3.333333
892 0.000000 0.022871 1.000000 3.333333
893 0.002013 0.038932 1.000000 3.333333
894 0.001092 0.007011 1.000000 3.333333
895 0.000000 0.010033 1.000000 3.333333
896 0.001196 0.023871 1.000000 3.333333
897 0.001196 0.055979 1.000000 3.333333
898 0.001381 0.052163 1.000000 3.333333
899 0.000977 0.029615 1.000000 3.333333
900 0.000691 0.045359 1.000000 2.500000
901 0.002184 0.064366 1.000000 2.500000
902 0.002970 0.071791 1.000000 2.500000
903 0.002847 0.076464 1.000000 2.500000
904 0.002674 0.060903 1.000000 2.500000
905 0.003845 0.060437 1.000000 2.500000
906 0.005027 0.062695 1.000000 2.500000
907 0.006253 0.078757 1.000000 2.500000
908 0.001465 0.013981 1.000000 2.500000
909 0.002290 0.029601 1.000000 2.500000
910 0.005481 0.070388 1.000000 2.500000
911 0.002238 0.008671 1.000000 2.500000
912 0.002490 0.029695 1.000000 2.500000
913 0.002719 0.037761 1.000000 2.500000
914 0.001465 0.045376 1.000000 2.500000
915 0.001381 0.039128 1.000000 2.500000
916 0.000691 0.035232 1.000000 2.500000
917 0.001292 0.041429 1.000000 2.500000
918 0.000977 0.027609 1.000000 3.333333
919 0.001544 0.028504 1.000000 3.333333
920 0.000846 0.016355 1.000000 3.333333
921 0.001092 0.008721 1.000000 3.333333
922 0.000691 0.013780 1.000000 3.333333
923 0.000000 0.014823 1.000000 3.333333
924 0.000846 0.006178 1.000000 3.333333
925 0.000691 0.003430 1.000000 3.333333
926 0.001092 0.005705 1.000000 3.333333
927 0.000691 0.013783 1.000000 3.333333
928 0.000691 0.013327 1.000000 3.333333
929 0.000691 0.006640 1.000000 3.333333
930 0.000488 0.005651 1.000000 3.333333
931 0.000846 0.008151 1.000000 3.333333
932 0.000977 0.014497 1.000000 3.333333
933 0.000846 0.006647 1.000000 3.333333
934 0.000846 0.023142 1.000000 3.333333
935 0.000846 0.017653 1.000000 3.333333
936 0.000000 0.008044 1.000000 3.333333
937 0.000691 0.010370 1.000000 3.333333
938 0.000000 0.018478 1.000000 3.333333
939 0.000000 0.015944 1.000000 3.333333
940 0.000691 0.016500 1.000000 3.333333
941 0.000488 0.015546 1.000000 3.333333
942 0.000691 0.011324 1.000000 3.333333
943 0.001381 0.005759 1.000000 3.333333
944 0.000691 0.015436 1.000000 3.333333
945 0.000977 0.019665 1.000000 3.333333
946 0.001196 0.009503 1.000000 3.333333
947 0.000691 0.004693 1.000000 3.333333
948 0.000691 0.019476 1.000000 3.333333
949 0.000977 0.020996 1.000000 3.333333
950 0.000000 0.034692 1.000000 3.333333
951 0.000691 0.033601 1.000000 3.333333
952 0.000691 0.022996 1.000000 3.333333
953 0.000488 0.020988 1.000000 3.333333
954 0.000846 0.015503 1.000000 3.333333
955 0.000691 0.008310 1.000000 3.333333
956 0.000488 0.014002 1.000000 3.333333
957 0.000488 0.024724 1.000000 3.333333
958 0.000846 0.027107 1.000000 3.333333
959 0.000691 0.032447 1.000000 3.333333
960 0.000691 0.028477 1.000000 3.333333
961 0.000691 0.020450 1.000000 3.333333
962 0.001196 0.026366 1.000000 3.333333
963 0.000846 0.025328 1.000000 3.333333
964 0.001196 0.029811 1.000000 3.333333
965 0.000488 0.035003 1.000000 3.333333
966 0.001196 0.036011 1.000000 3.333333
967 0.001092 0.036346 1.000000 3.333333
968 0.001465 0.029012 1.000000 3.333333
969 0.000691 0.025374 1.000000 3.333333
970 0.000846 0.012632 1.000000 3.333333
971 0.000000 0.013478 1.000000 3.333333
972 0.000000 0.020153 1.000000 3.333333
973 0.000488 0.018618 1.000000 3.333333
974 0.000488 0.026286 1.000000 3.333333
975 0.000000 0.024100 1.000000 3.333333
976 0.000488 0.030863 1.000000 3.333333
977 0.000846 0.038079 1.000000 3.333333
978 0.000691 0.038802 1.000000 3.333333
979 0.000000 0.033588 1.000000 3.333333
980 0.000488 0.029143 1.000000 3.333333
981 0.000488 0.030094 1.000000 3.333333
982 0.000000 0.025483 1.000000 3.333333
983 0.000000 0.025734 1.000000 3.333333
984 0.000691 0.030808 1.000000 3.333333
985 0.000691 0.025141 1.000000 3.333333
986 0.000691 0.010730 1.000000 3.333333
987 0.000488 0.021270 1.000000 3.333333
988 0.000691 0.031523 1.000000 3.333333
989 0.000000 0.021280 1.000000 3.333333
990 0.000488 0.017177 1.000000 3.333333
991 0.000691 0.019417 1.000000 3.333333
992 0.000691 0.024412 1.000000 3.333333
993 0.000488 0.027278 1.000000 3.333333
994 0.000488 0.022975 1.000000 3.333333
995 0.000488 0.034262 1.000000 2.500000
996 0.000846 0.029388 1.000000 2.500000
997 0.000977 0.021389 1.000000 2.500000
998 0.000691 0.023503 1.000000 2.500000
999 0.000488 0.016658 1.000000 2.500000
1000 0.000691 0.015079 1.000000 2.500000
1001 0.000488 0.014298 1.000000 2.500000
1002 0.000000 0.016165 1.000000 2.500000
1003 0.000691 0.029509 1.000000 2.500000
1004 0.000488 0.011899 1.000000 2.500000
1005 0.000691 0.017354 1.000000 2.000000
1006 0.000488 0.025194 1.000000 2.000000
1007 0.000000 0.024897 1.000000 2.000000
1008 0.000488 0.026867 1.000000 2.000000
1009 0.000977 0.027800 1.000000 2.000000
1010 0.000000 0.026276 1.000000 2.000000
1011 0.000691 0.029419 1.000000 2.000000
1012 0.000488 0.036816 1.000000 2.000000
1013 0.000846 0.035615 1.000000 2.000000
1014 0.000691 0.033145 1.000000 2.000000
1015 0.000000 0.025620 1.000000 2.000000
1016 0.000000 0.019774 1.000000 2.000000
1017 0.000691 0.020258 1.000000 1.666667
1018 0.000977 0.019659 1.000000 1.666667
1019 0.000488 0.029305 1.000000 1.666667
1020 0.000488 0.032218 1.000000 1.666667
1021 0.000846 0.045111 1.000000 1.666667
1022 0.000846 0.043824 1.000000 1.666667
1023 0.000488 0.051604 1.000000 1.666667
1024 0.000846 0.054595 1.000000 1.666667
1025 0.000977 0.050184 1.000000 1.666667
1026 0.000691 0.040672 1.000000 1.666667
1027 0.001381 0.040716 1.000000 1.666667
1028 0.001196 0.026581 1.000000 1.666667
1029 0.001196 0.017477 1.000000 1.666667
1030 0.000846 0.013061 1.000000 1.666667
1031 0.000691 0.012729 1.000000 1.666667
1032 0.000691 0.009508 1.000000 1.666667
1033 0.000000 0.006574 1.000000 1.666667
1034 0.000691 0.021223 1.000000 1.666667
1035 0.000488 0.027933 1.000000 1.666667
1036 0.000488 0.025929 1.000000 1.666667
1037 0.000846 0.032650 1.000000 1.666667
1038 0.000691 0.026473 1.000000 1.666667
1039 0.000488 0.026347 1.000000 1.666667
1040 0.000000 0.021563 1.000000 1.666667
1041 0.000977 0.031263 1.000000 1.666667
1042 0.000000 0.023836 1.000000 1.666667
1043 0.000488 0.012213 1.000000 1.666667
1044 0.000488 0.020614 1.000000 2.000000
1045 0.000691 0.023645 1.000000 2.000000
1046 0.000977 0.019076 1.000000 2.000000
1047 0.000846 0.012430 1.000000 2.000000
1048 0.000000 0.012366 1.000000 2.000000
1049 0.000488 0.014735 1.000000 2.000000
1050 0.000000 0.009901 1.000000 2.000000
1051 0.000488 0.008602 1.000000 2.000000
1052 0.000691 0.019994 1.000000 2.000000
1053 0.000691 0.015759 1.000000 2.000000
1054 0.000977 0.009985 1.000000 2.500000
1055 0.000000 0.024257 1.000000 2.500000
1056 0.000000 0.018005 1.000000 2.500000
1057 0.001292 0.032167 1.000000 2.500000
1058 0.001544 0.028163 1.000000 2.500000
1059 0.001544 0.053950 1.000000 2.500000
1060 0.001691 0.084744 1.000000 2.500000
1061 0.001619 0.109734 1.000000 2.500000
1062 0.000691 0.116822 1.000000 2.500000
1063 0.002930 0.100001 1.000000 2.500000
1064 0.003383 0.102405 1.000000 2.500000
1065 0.002847 0.090356 1.000000 2.500000
1066 0.001092 0.075677 1.000000 2.500000
1067 0.001196 0.061385 1.000000 2.500000
1068 0.001196 0.062703 1.000000 2.500000
1069 0.001196 0.056632 1.000000 2.500000
1070 0.000000 0.066468 1.000000 2.500000
1071 0.001381 0.063828 1.000000 2.500000
1072 0.002072 0.058614 1.000000 2.500000
1073 0.000846 0.041287 1.000000 2.500000
1074 0.001092 0.033708 1.000000 2.500000
1075 0.001544 0.040235 1.000000 2.500000
1076 0.002342 0.034926 1.000000 2.500000
1077 0.001691 0.020580 1.000000 2.500000
1078 0.001953 0.021767 1.000000 2.500000
1079 0.001381 0.025159 1.000000 2.500000
1080 0.001381 0.031436 1.000000 2.000000
1081 0.001381 0.021424 1.000000 2.000000
1082 0.001381 0.025351 1.000000 2.000000
1083 0.001196 0.043661 1.000000 1.428571
