0 0.002013 0.027925 1.000000 2.000000
1 0.001381 0.021719 1.000000 2.000000
2 0.001619 0.022670 1.000000 2.000000
3 0.001827 0.023963 1.000000 2.000000
4 0.001544 0.026822 1.000000 2.000000
5 0.001619 0.023313 1.000000 2.500000
6 0.001381 0.031260 1.000000 2.500000
7 0.001619 0.036433 1.000000 2.500000
8 0.001196 0.032839 1.000000 2.500000
9 0.000846 0.031294 1.000000 2.500000
10 0.000977 0.030598 1.000000 2.500000
11 0.000846 0.011782 1.000000 2.500000
12 0.000691 0.014365 1.000000 2.500000
13 0.001196 0.012458 1.000000 2.500000
14 0.001381 0.009061 1.000000 2.500000
15 0.000488 0.009381 1.000000 2.500000
16 0.000000 0.007702 1.000000 2.500000
17 0.000000 0.016970 1.000000 2.500000
18 0.000977 0.020046 1.000000 2.500000
19 0.000691 0.014237 1.000000 3.333333
20 0.000488 0.011205 1.000000 3.333333
21 0.001092 0.014100 1.000000 3.333333
22 0.001292 0.016503 1.000000 3.333333
23 0.000846 0.026247 1.000000 3.333333
24 0.000846 0.040103 1.000000 3.333333
25 0.000691 0.032253 1.000000 3.333333
26 0.000977 0.026908 1.000000 3.333333
27 0.000000 0.041833 1.000000 3.333333
28 0.000691 0.037657 1.000000 3.333333
29 0.000488 0.023741 1.000000 3.333333
30 0.000977 0.022910 1.000000 3.333333
31 0.000488 0.029016 1.000000 3.333333
32 0.000000 0.032779 1.000000 3.333333
33 0.000977 0.037946 1.000000 3.333333
34 0.000000 0.019250 1.000000 3.333333
35 0.000488 0.017881 1.000000 3.333333
36 0.000977 0.040490 1.000000 3.333333
37 0.001196 0.010972 1.000000 3.333333
38 0.000000 0.005301 1.000000 3.333333
39 0.000000 0.008888 1.000000 3.333333
40 0.000691 0.005784 1.000000 3.333333
41 0.000691 0.017060 1.000000 3.333333
42 0.000488 0.023071 1.000000 3.333333
43 0.000000 0.034968 1.000000 3.333333
44 0.000691 0.029677 1.000000 3.333333
45 0.000488 0.019682 1.000000 3.333333
46 0.000488 0.025817 1.000000 3.333333
47 0.000691 0.021489 1.000000 3.333333
48 0.000000 0.017826 1.000000 3.333333
49 0.001292 0.022411 1.000000 3.333333
50 0.000846 0.015740 1.000000 3.333333
51 0.000977 0.021695 1.000000 3.333333
52 0.000691 0.028778 1.000000 3.333333
53 0.000691 0.016100 1.000000 3.333333
54 0.000488 0.012636 1.000000 3.333333
55 0.000691 0.018737 1.000000 3.333333
56 0.000846 0.020737 1.000000 3.333333
57 0.001619 0.024157 1.000000 3.333333
58 0.001292 0.033591 1.000000 3.333333
59 0.000000 0.015662 1.000000 3.333333
60 0.001691 0.024039 1.000000 3.333333
61 0.000691 0.014865 1.000000 5.000000
62 0.000488 0.038124 1.000000 5.000000
63 0.000691 0.021030 1.000000 5.000000
64 0.000000 0.026024 1.000000 5.000000
65 0.000000 0.011606 1.000000 5.000000
66 0.000691 0.017029 1.000000 5.000000
67 0.000000 0.018391 1.000000 5.000000
68 0.000000 0.018939 1.000000 5.000000
69 0.000488 0.011614 1.000000 5.000000
70 0.001196 0.023178 1.000000 5.000000
71 0.001827 0.029502 1.000000 5.000000
72 0.000000 0.017593 1.000000 5.000000
73 0.000691 0.023672 1.000000 5.000000
74 0.000000 0.014421 1.000000 5.000000
75 0.001092 0.023348 1.000000 5.000000
76 0.000691 0.014883 1.000000 5.000000
77 0.001196 0.028891 1.000000 5.000000
78 0.000977 0.023045 1.000000 5.000000
79 0.001292 0.017486 1.000000 5.000000
80 0.001381 0.010640 1.000000 5.000000
81 0.001196 0.011061 1.000000 5.000000
82 0.000846 0.012742 1.000000 5.000000
83 0.000691 0.037215 1.000000 5.000000
84 0.000488 0.008131 1.000000 5.000000
85 0.000000 0.026684 1.000000 5.000000
86 0.000846 0.048214 1.000000 5.000000
87 0.000000 0.016352 1.000000 5.000000
88 0.000691 0.013619 1.000000 5.000000
89 0.000977 0.032764 1.000000 5.000000
90 0.000000 0.010033 1.000000 5.000000
91 0.000691 0.009239 1.000000 5.000000
92 0.000000 0.028652 1.000000 5.000000
93 0.000488 0.012447 1.000000 5.000000
94 0.000846 0.013554 1.000000 5.000000
95 0.000691 0.027473 1.000000 5.000000
96 0.000000 0.032530 1.000000 5.000000
97 0.000488 0.022789 1.000000 5.000000
98 0.001092 0.041894 1.000000 5.000000
99 0.000000 0.023252 1.000000 5.000000
100 0.000977 0.024433 1.000000 5.000000
101 0.000691 0.024164 1.000000 5.000000
102 0.000846 0.025135 1.000000 5.000000
103 0.000977 0.023192 1.000000 5.000000
104 0.001691 0.019380 1.000000 5.000000
105 0.000846 0.034316 1.000000 5.000000
106 0.000846 0.019300 1.000000 5.000000
107 0.000691 0.018790 1.000000 5.000000
108 0.000000 0.017360 1.000000 5.000000
109 0.000691 0.025675 1.000000 5.000000
110 0.000691 0.018110 1.000000 5.000000
111 0.000000 0.017367 1.000000 5.000000
112 0.001196 0.020431 1.000000 5.000000
113 0.000691 0.034108 1.000000 5.000000
114 0.000977 0.021374 1.000000 5.000000
115 0.000977 0.021191 1.000000 5.000000
116 0.000488 0.011453 1.000000 5.000000
117 0.001196 0.016819 1.000000 5.000000
118 0.000691 0.014361 1.000000 5.000000
119 0.000488 0.011929 1.000000 5.000000
120 0.000977 0.021314 1.000000 5.000000
121 0.000977 0.015824 1.000000 5.000000
122 0.000488 0.017074 1.000000 5.000000
123 0.000691 0.015728 1.000000 5.000000
124 0.001381 0.024351 1.000000 5.000000
125 0.000691 0.012048 1.000000 5.000000
126 0.000488 0.022849 1.000000 5.000000
127 0.000488 0.014500 1.000000 5.000000
128 0.000846 0.013756 1.000000 5.000000
129 0.000488 0.005085 1.000000 5.000000
130 0.000977 0.013585 1.000000 5.000000
131 0.001092 0.016710 1.000000 5.000000
132 0.000691 0.024392 1.000000 5.000000
133 0.000691 0.018564 1.000000 5.000000
134 0.000691 0.018120 1.000000 5.000000
135 0.000488 0.027736 1.000000 5.000000
136 0.000488 0.010177 1.000000 5.000000
137 0.000846 0.010811 1.000000 5.000000
138 0.000488 0.012410 1.000000 5.000000
139 0.000000 0.037313 1.000000 5.000000
140 0.000846 0.046301 1.000000 5.000000
141 0.000691 0.013656 1.000000 5.000000
142 0.001196 0.012515 1.000000 5.000000
143 0.000691 0.024672 1.000000 5.000000
144 0.000000 0.013013 1.000000 5.000000
145 0.000000 0.019546 1.000000 5.000000
146 0.000488 0.026676 1.000000 5.000000
147 0.000488 0.017954 1.000000 5.000000
148 0.001292 0.023767 1.000000 5.000000
149 0.001196 0.011516 1.000000 5.000000
150 0.000691 0.008676 1.000000 5.000000
151 0.000488 0.020003 1.000000 5.000000
152 0.000691 0.012620 1.000000 5.000000
153 0.000000 0.019208 1.000000 5.000000
154 0.000488 0.017671 1.000000 5.000000
155 0.000000 0.010556 1.000000 5.000000
156 0.000691 0.008512 1.000000 5.000000
157 0.000691 0.014581 1.000000 5.000000
158 0.000488 0.013042 1.000000 5.000000
159 0.000691 0.005790 1.000000 5.000000
160 0.000000 0.009367 1.000000 5.000000
161 0.001196 0.013555 1.000000 5.000000
162 0.000691 0.011067 1.000000 5.000000
163 0.000488 0.014883 1.000000 5.000000
164 0.000488 0.030331 1.000000 5.000000
165 0.000000 0.021393 1.000000 5.000000
166 0.000691 0.020864 1.000000 5.000000
167 0.001196 0.037673 1.000000 5.000000
168 0.001092 0.014844 1.000000 5.000000
169 0.001196 0.016824 1.000000 5.000000
170 0.002537 0.039274 1.000000 5.000000
171 0.000488 0.008548 1.000000 5.000000
172 0.000691 0.024341 1.000000 5.000000
173 0.000691 0.003860 1.000000 5.000000
174 0.000691 0.011947 1.000000 5.000000
175 0.000691 0.008799 1.000000 5.000000
176 0.000846 0.017307 1.000000 3.333333
177 0.000488 0.031594 1.000000 3.333333
178 0.000691 0.037980 1.000000 3.333333
179 0.000691 0.035610 1.000000 3.333333
180 0.000691 0.031838 1.000000 3.333333
181 0.000691 0.024692 1.000000 3.333333
182 0.001092 0.035495 1.000000 3.333333
183 0.001465 0.049551 1.000000 3.333333
184 0.000846 0.048592 1.000000 3.333333
185 0.001196 0.052638 1.000000 3.333333
186 0.000488 0.042480 1.000000 3.333333
187 0.000000 0.027340 1.000000 3.333333
188 0.000977 0.020098 1.000000 3.333333
189 0.000977 0.032349 1.000000 3.333333
190 0.000691 0.036800 1.000000 3.333333
191 0.000977 0.040535 1.000000 3.333333
192 0.000846 0.038129 1.000000 3.333333
193 0.000488 0.029001 1.000000 3.333333
194 0.000488 0.037031 1.000000 3.333333
195 0.000000 0.028894 1.000000 3.333333
196 0.000691 0.019074 1.000000 3.333333
197 0.000691 0.040167 1.000000 3.333333
198 0.000846 0.030340 1.000000 3.333333
199 0.001092 0.013254 1.000000 3.333333
200 0.000488 0.043178 1.000000 3.333333
201 0.000000 0.039997 1.000000 3.333333
202 0.000000 0.011271 1.000000 3.333333
203 0.000977 0.017019 1.000000 3.333333
204 0.000691 0.025973 1.000000 3.333333
205 0.000488 0.029523 1.000000 3.333333
206 0.000000 0.013877 1.000000 3.333333
207 0.000977 0.021919 1.000000 3.333333
208 0.000000 0.021029 1.000000 3.333333
209 0.000691 0.019982 1.000000 3.333333
210 0.000488 0.018120 1.000000 3.333333
211 0.000000 0.023700 1.000000 3.333333
212 0.000488 0.030804 1.000000 3.333333
213 0.000488 0.026361 1.000000 3.333333
214 0.000691 0.031379 1.000000 3.333333
215 0.000488 0.026630 1.000000 3.333333
216 0.000000 0.021989 1.000000 3.333333
217 0.000846 0.011390 1.000000 3.333333
218 0.000846 0.004368 1.000000 5.000000
219 0.000488 0.046577 1.000000 5.000000
220 0.000691 0.022114 1.000000 5.000000
221 0.000691 0.024404 1.000000 5.000000
222 0.000000 0.016571 1.000000 5.000000
223 0.000691 0.031414 1.000000 5.000000
224 0.000488 0.017094 1.000000 5.000000
225 0.000691 0.023894 1.000000 5.000000
226 0.000000 0.013233 1.000000 5.000000
227 0.000977 0.015666 1.000000 5.000000
228 0.000691 0.027260 1.000000 5.000000
229 0.000488 0.026396 1.000000 5.000000
230 0.000000 0.009966 1.000000 5.000000
231 0.000977 0.021114 1.000000 5.000000
232 0.000000 0.013459 1.000000 5.000000
233 0.000000 0.012423 1.000000 5.000000
234 0.000000 0.015451 1.000000 5.000000
235 0.000488 0.014910 1.000000 5.000000
236 0.000488 0.021727 1.000000 5.000000
237 0.000691 0.018462 1.000000 5.000000
238 0.000488 0.039528 1.000000 5.000000
239 0.000000 0.033233 1.000000 5.000000
240 0.000488 0.022784 1.000000 5.000000
241 0.000488 0.016655 1.000000 5.000000
242 0.000691 0.035056 1.000000 5.000000
243 0.000000 0.019569 1.000000 5.000000
244 0.000691 0.017448 1.000000 5.000000
245 0.000000 0.033857 1.000000 5.000000
246 0.000488 0.047137 1.000000 5.000000
247 0.000488 0.033188 1.000000 5.000000
248 0.000488 0.029178 1.000000 5.000000
249 0.000977 0.022733 1.000000 5.000000
250 0.000977 0.016984 1.000000 5.000000
251 0.000691 0.034963 1.000000 5.000000
252 0.000488 0.028137 1.000000 5.000000
253 0.000691 0.045970 1.000000 5.000000
254 0.000000 0.025837 1.000000 5.000000
255 0.000000 0.038823 1.000000 5.000000
256 0.000846 0.033152 1.000000 5.000000
257 0.001092 0.029497 1.000000 5.000000
258 0.001381 0.047552 1.000000 5.000000
259 0.000691 0.020056 1.000000 5.000000
260 0.000846 0.022881 1.000000 5.000000
261 0.000000 0.030932 1.000000 5.000000
262 0.000000 0.038968 1.000000 5.000000
263 0.000691 0.032945 1.000000 5.000000
264 0.000000 0.024156 1.000000 5.000000
265 0.000691 0.025858 1.000000 5.000000
266 0.000488 0.035030 1.000000 5.000000
267 0.000691 0.029913 1.000000 5.000000
268 0.000691 0.039380 1.000000 5.000000
269 0.000846 0.033233 1.000000 5.000000
270 0.000000 0.035145 1.000000 5.000000
271 0.000488 0.041155 1.000000 5.000000
272 0.000000 0.044906 1.000000 5.000000
273 0.000488 0.038791 1.000000 5.000000
274 0.000000 0.039116 1.000000 5.000000
275 0.000488 0.058702 1.000000 5.000000
276 0.000000 0.042388 1.000000 5.000000
277 0.000000 0.040630 1.000000 5.000000
278 0.000691 0.043451 1.000000 5.000000
279 0.000691 0.047312 1.000000 5.000000
280 0.000488 0.040686 1.000000 5.000000
281 0.000000 0.031330 1.000000 5.000000
282 0.000691 0.072512 1.000000 5.000000
283 0.000977 0.034205 1.000000 5.000000
284 0.002072 0.049101 1.000000 5.000000
285 0.001544 0.040021 1.000000 5.000000
286 0.002342 0.038069 1.000000 5.000000
287 0.000000 0.038825 1.000000 5.000000
288 0.001381 0.040269 1.000000 5.000000
289 0.000691 0.053839 1.000000 5.000000
290 0.001465 0.049769 1.000000 5.000000
291 0.000691 0.033375 1.000000 5.000000
292 0.000977 0.052132 1.000000 5.000000
293 0.001092 0.031452 1.000000 5.000000
294 0.000977 0.054440 1.000000 5.000000
295 0.000488 0.037440 1.000000 5.000000
296 0.001196 0.049188 1.000000 5.000000
297 0.000846 0.041293 1.000000 5.000000
298 0.000000 0.052015 1.000000 5.000000
299 0.000691 0.038610 1.000000 5.000000
300 0.000000 0.067140 1.000000 5.000000
301 0.000691 0.042740 1.000000 5.000000
302 0.000691 0.037440 1.000000 5.000000
303 0.000691 0.031194 1.000000 5.000000
304 0.001292 0.035694 1.000000 5.000000
305 0.001196 0.029974 1.000000 5.000000
306 0.000691 0.056991 1.000000 5.000000
307 0.000000 0.033652 1.000000 5.000000
308 0.000691 0.027158 1.000000 5.000000
309 0.000691 0.046304 1.000000 5.000000
310 0.000977 0.058199 1.000000 5.000000
311 0.000488 0.026284 1.000000 5.000000
312 0.000691 0.043216 1.000000 5.000000
313 0.001196 0.062247 1.000000 5.000000
314 0.000000 0.020298 1.000000 5.000000
315 0.002184 0.048467 1.000000 5.000000
316 0.000846 0.046920 1.000000 5.000000
317 0.001381 0.015302 1.000000 5.000000
318 0.000977 0.021347 1.000000 5.000000
319 0.000977 0.040709 1.000000 5.000000
320 0.000691 0.053995 1.000000 5.000000
321 0.000977 0.030855 1.000000 5.000000
322 0.000846 0.028057 1.000000 5.000000
323 0.000846 0.038900 1.000000 5.000000
324 0.000000 0.009377 1.000000 5.000000
325 0.000977 0.024224 1.000000 5.000000
326 0.000488 0.018324 1.000000 5.000000
327 0.001381 0.010529 1.000000 5.000000
328 0.001465 0.051190 1.000000 3.333333
329 0.001691 0.041105 1.000000 3.333333
330 0.000691 0.014577 1.000000 3.333333
331 0.001196 0.014412 1.000000 3.333333
332 0.000691 0.016112 1.000000 3.333333
333 0.001196 0.026275 1.000000 3.333333
334 0.000691 0.015813 1.000000 3.333333
335 0.000846 0.031486 1.000000 3.333333
336 0.000691 0.015986 1.000000 3.333333
337 0.000000 0.014676 1.000000 3.333333
338 0.000846 0.013804 1.000000 3.333333
339 0.000977 0.023272 1.000000 3.333333
340 0.000000 0.019671 1.000000 3.333333
341 0.000488 0.024610 1.000000 3.333333
342 0.000691 0.027003 1.000000 3.333333
343 0.001092 0.018515 1.000000 3.333333
344 0.001827 0.015597 1.000000 3.333333
345 0.000977 0.013100 1.000000 3.333333
346 0.000691 0.016101 1.000000 3.333333
347 0.000977 0.031075 1.000000 3.333333
348 0.000846 0.013405 1.000000 3.333333
349 0.000977 0.018040 1.000000 3.333333
350 0.000846 0.009219 1.000000 3.333333
351 0.000488 0.013600 1.000000 3.333333
352 0.000488 0.015145 1.000000 3.333333
353 0.000691 0.009493 1.000000 3.333333
354 0.000000 0.016222 1.000000 3.333333
355 0.000977 0.015440 1.000000 3.333333
356 0.000691 0.022632 1.000000 3.333333
357 0.000977 0.027353 1.000000 3.333333
358 0.000846 0.021545 1.000000 3.333333
359 0.000691 0.027076 1.000000 3.333333
360 0.000488 0.020469 1.000000 3.333333
361 0.000691 0.013029 1.000000 3.333333
362 0.000488 0.024171 1.000000 3.333333
363 0.000977 0.036544 1.000000 3.333333
364 0.000977 0.025262 1.000000 5.000000
365 0.000691 0.021484 1.000000 3.333333
366 0.000691 0.026723 1.000000 3.333333
367 0.000488 0.009709 1.000000 3.333333
368 0.000488 0.015160 1.000000 3.333333
369 0.000691 0.024695 1.000000 3.333333
370 0.000977 0.018343 1.000000 3.333333
371 0.001092 0.017818 1.000000 3.333333
372 0.001381 0.015924 1.000000 3.333333
373 0.000691 0.024704 1.000000 3.333333
374 0.000846 0.024458 1.000000 3.333333
375 0.000000 0.017565 1.000000 3.333333
376 0.000000 0.035772 1.000000 3.333333
377 0.000846 0.016233 1.000000 3.333333
378 0.000691 0.027114 1.000000 3.333333
379 0.000691 0.016748 1.000000 3.333333
380 0.000691 0.018756 1.000000 3.333333
381 0.000977 0.016810 1.000000 3.333333
382 0.000691 0.018252 1.000000 3.333333
383 0.001381 0.023212 1.000000 3.333333
384 0.001292 0.018158 1.000000 3.333333
385 0.000691 0.014962 1.000000 3.333333
386 0.002013 0.025012 1.000000 3.333333
387 0.000488 0.018438 1.000000 3.333333
388 0.001196 0.025442 1.000000 3.333333
389 0.000846 0.022747 1.000000 3.333333
390 0.000488 0.017210 1.000000 3.333333
391 0.000488 0.021977 1.000000 3.333333
392 0.000846 0.027062 1.000000 3.333333
393 0.000977 0.023759 1.000000 3.333333
394 0.000691 0.013521 1.000000 3.333333
395 0.000000 0.023576 1.000000 3.333333
396 0.000977 0.006770 1.000000 3.333333
397 0.000977 0.026179 1.000000 3.333333
398 0.000000 0.092096 1.000000 3.333333
399 0.000691 0.093244 1.000000 3.333333
400 0.001381 0.066412 1.000000 3.333333
401 0.000000 0.061290 1.000000 3.333333
402 0.001381 0.052012 1.000000 3.333333
403 0.001381 0.047871 1.000000 3.333333
404 0.000977 0.038773 1.000000 3.333333
405 0.001544 0.032373 1.000000 3.333333
406 0.000977 0.032734 1.000000 3.333333
407 0.001092 0.028693 1.000000 3.333333
408 0.000691 0.028681 1.000000 3.333333
409 0.001092 0.024619 1.000000 3.333333
410 0.002013 0.020896 1.000000 3.333333
411 0.000846 0.035377 1.000000 3.333333
412 0.000977 0.017091 1.000000 3.333333
413 0.000846 0.024438 1.000000 3.333333
414 0.001196 0.017254 1.000000 3.333333
415 0.000977 0.023227 1.000000 3.333333
416 0.001465 0.026855 1.000000 3.333333
417 0.000691 0.019538 1.000000 3.333333
418 0.000846 0.024496 1.000000 3.333333
419 0.000846 0.011831 1.000000 3.333333
420 0.000846 0.021105 1.000000 3.333333
421 0.000488 0.026026 1.000000 3.333333
422 0.000846 0.013952 1.000000 3.333333
423 0.001292 0.022109 1.000000 3.333333
424 0.000691 0.024967 1.000000 3.333333
425 0.000977 0.019004 1.000000 3.333333
426 0.000977 0.038260 1.000000 3.333333
427 0.000977 0.020483 1.000000 3.333333
428 0.000691 0.012499 1.000000 3.333333
429 0.000691 0.025421 1.000000 3.333333
430 0.001196 0.017508 1.000000 3.333333
431 0.000000 0.031992 1.000000 3.333333
432 0.000691 0.028582 1.000000 3.333333
433 0.000488 0.025502 1.000000 3.333333
434 0.000977 0.025248 1.000000 5.000000
435 0.000691 0.013654 1.000000 3.333333
436 0.000691 0.024243 1.000000 3.333333
437 0.000846 0.040051 1.000000 3.333333
438 0.000000 0.024770 1.000000 5.000000
439 0.000000 0.014486 1.000000 5.000000
440 0.000691 0.010179 1.000000 5.000000
441 0.000000 0.004742 1.000000 5.000000
442 0.001196 0.015524 1.000000 5.000000
443 0.000977 0.008742 1.000000 5.000000
444 0.000977 0.006583 1.000000 5.000000
445 0.001381 0.023833 1.000000 5.000000
446 0.000488 0.020459 1.000000 5.000000
447 0.000488 0.013198 1.000000 5.000000
448 0.001196 0.013339 1.000000 5.000000
449 0.000691 0.010601 1.000000 5.000000
450 0.001292 0.010911 1.000000 5.000000
451 0.000977 0.009746 1.000000 5.000000
452 0.000846 0.007253 1.000000 5.000000
453 0.000846 0.016457 1.000000 5.000000
454 0.000846 0.012182 1.000000 5.000000
455 0.001292 0.010777 1.000000 5.000000
456 0.001292 0.005429 1.000000 5.000000
457 0.000000 0.008803 1.000000 5.000000
458 0.000977 0.012464 1.000000 5.000000
459 0.000000 0.019755 1.000000 5.000000
460 0.000977 0.030680 1.000000 5.000000
461 0.000846 0.012032 1.000000 5.000000
462 0.001092 0.012413 1.000000 5.000000
463 0.000846 0.005489 1.000000 5.000000
464 0.000691 0.015380 1.000000 5.000000
465 0.000691 0.009638 1.000000 5.000000
466 0.000977 0.026127 1.000000 5.000000
467 0.000691 0.008269 1.000000 5.000000
468 0.000691 0.008186 1.000000 5.000000
469 0.000846 0.011728 1.000000 5.000000
470 0.000488 0.006705 1.000000 5.000000
471 0.000000 0.011340 1.000000 5.000000
472 0.000488 0.006618 1.000000 5.000000
473 0.000000 0.008015 1.000000 5.000000
474 0.000691 0.010304 1.000000 5.000000
475 0.000488 0.013568 1.000000 5.000000
476 0.001381 0.022977 1.000000 5.000000
477 0.000977 0.017353 1.000000 5.000000
478 0.000488 0.013889 1.000000 5.000000
479 0.000691 0.018712 1.000000 5.000000
480 0.000977 0.013688 1.000000 5.000000
481 0.000488 0.008823 1.000000 5.000000
482 0.000000 0.011199 1.000000 5.000000
483 0.000691 0.018653 1.000000 5.000000
484 0.000846 0.010216 1.000000 5.000000
485 0.001292 0.018126 1.000000 5.000000
486 0.000000 0.017966 1.000000 5.000000
487 0.001381 0.032972 1.000000 5.000000
488 0.000977 0.011387 1.000000 5.000000
489 0.000691 0.006509 1.000000 5.000000
490 0.001092 0.010090 1.000000 5.000000
491 0.001196 0.020862 1.000000 5.000000
492 0.000691 0.013058 1.000000 5.000000
493 0.000000 0.005993 1.000000 5.000000
494 0.000977 0.016756 1.000000 5.000000
495 0.000691 0.015840 1.000000 5.000000
496 0.000000 0.012973 1.000000 5.000000
497 0.000691 0.017412 1.000000 5.000000
498 0.000691 0.016742 1.000000 5.000000
499 0.001891 0.005632 1.000000 5.000000
500 0.000691 0.015124 1.000000 5.000000
501 0.000691 0.021954 1.000000 5.000000
502 0.001891 0.035832 1.000000 5.000000
503 0.003239 0.013002 1.000000 5.000000
504 0.001953 0.006612 1.000000 5.000000
505 0.000977 0.015880 1.000000 5.000000
506 0.000846 0.011675 1.000000 5.000000
507 0.000691 0.008949 1.000000 5.000000
508 0.000488 0.018831 1.000000 5.000000
509 0.001196 0.015092 1.000000 5.000000
510 0.001381 0.025328 1.000000 3.333333
511 0.000691 0.018273 1.000000 3.333333
512 0.001381 0.041936 1.000000 3.333333
513 0.001381 0.031529 1.000000 3.333333
514 0.000000 0.015733 1.000000 3.333333
515 0.001381 0.009336 1.000000 3.333333
516 0.000691 0.034421 1.000000 3.333333
517 0.000488 0.020905 1.000000 3.333333
518 0.001381 0.006788 1.000000 3.333333
519 0.000691 0.018934 1.000000 3.333333
520 0.000000 0.021813 1.000000 3.333333
521 0.001544 0.026244 1.000000 3.333333
522 0.000488 0.026357 1.000000 3.333333
523 0.000488 0.020868 1.000000 3.333333
524 0.001619 0.032795 1.000000 3.333333
525 0.000691 0.016845 1.000000 3.333333
526 0.000488 0.015856 1.000000 3.333333
527 0.000488 0.015242 1.000000 3.333333
528 0.000691 0.014023 1.000000 3.333333
529 0.000488 0.017151 1.000000 3.333333
530 0.000000 0.024281 1.000000 3.333333
531 0.001196 0.024892 1.000000 3.333333
532 0.001381 0.011410 1.000000 3.333333
533 0.000977 0.010213 1.000000 3.333333
534 0.000691 0.025726 1.000000 3.333333
535 0.000846 0.011658 1.000000 3.333333
536 0.000977 0.033121 1.000000 3.333333
537 0.000977 0.011164 1.000000 3.333333
538 0.000691 0.003999 1.000000 3.333333
539 0.001381 0.012153 1.000000 3.333333
540 0.000488 0.021117 1.000000 3.333333
541 0.000488 0.008430 1.000000 3.333333
542 0.000846 0.017959 1.000000 3.333333
543 0.000000 0.004371 1.000000 5.000000
544 0.000691 0.006117 1.000000 5.000000
545 0.000000 0.012392 1.000000 5.000000
546 0.000488 0.006729 1.000000 5.000000
547 0.000691 0.005797 1.000000 5.000000
548 0.000000 0.014163 1.000000 5.000000
549 0.000691 0.010921 1.000000 5.000000
550 0.001092 0.006617 1.000000 5.000000
551 0.000000 0.008424 1.000000 5.000000
552 0.000488 0.013907 1.000000 5.000000
553 0.000691 0.019768 1.000000 5.000000
554 0.000846 0.019735 1.000000 5.000000
555 0.001292 0.012929 1.000000 5.000000
556 0.000000 0.012073 1.000000 5.000000
557 0.000977 0.013486 1.000000 5.000000
558 0.000000 0.009614 1.000000 5.000000
559 0.000691 0.007827 1.000000 5.000000
560 0.000846 0.003224 1.000000 5.000000
561 0.000691 0.014998 1.000000 5.000000
562 0.000488 0.011440 1.000000 5.000000
563 0.000846 0.004067 1.000000 5.000000
564 0.000691 0.012038 1.000000 5.000000
565 0.000000 0.011447 1.000000 5.000000
566 0.000000 0.005260 1.000000 5.000000
567 0.000691 0.016387 1.000000 5.000000
568 0.000691 0.019826 1.000000 5.000000
569 0.001196 0.010707 1.000000 5.000000
570 0.000000 0.014027 1.000000 5.000000
571 0.001691 0.014571 1.000000 5.000000
572 0.001196 0.020549 1.000000 5.000000
573 0.000000 0.004970 1.000000 5.000000
574 0.001691 0.012372 1.000000 5.000000
575 0.003275 0.009947 1.000000 5.000000
576 0.000691 0.004002 1.000000 5.000000
577 0.001196 0.036360 1.000000 5.000000
578 0.001196 0.008868 1.000000 5.000000
579 0.001544 0.002970 1.000000 5.000000
580 0.001691 0.010470 1.000000 5.000000
581 0.000977 0.005667 1.000000 5.000000
582 0.001196 0.009777 1.000000 5.000000
583 0.000977 0.019944 1.000000 5.000000
584 0.000691 0.004722 1.000000 5.000000
585 0.000488 0.004570 1.000000 5.000000
586 0.001292 0.011586 1.000000 5.000000
587 0.000000 0.004897 1.000000 5.000000
588 0.000000 0.010310 1.000000 5.000000
589 0.000488 0.020436 1.000000 5.000000
590 0.000977 0.009776 1.000000 5.000000
591 0.000000 0.012578 1.000000 5.000000
592 0.000488 0.003117 1.000000 5.000000
593 0.000488 0.003852 1.000000 5.000000
594 0.000691 0.017788 1.000000 5.000000
595 0.000846 0.009654 1.000000 5.000000
596 0.000000 0.012741 1.000000 5.000000
597 0.000691 0.008643 1.000000 5.000000
598 0.000488 0.018407 1.000000 5.000000
599 0.000000 0.015777 1.000000 5.000000
600 0.000691 0.010773 1.000000 5.000000
601 0.000000 0.011176 1.000000 5.000000
602 0.000000 0.013041 1.000000 5.000000
603 0.000977 0.022579 1.000000 5.000000
604 0.000691 0.019312 1.000000 5.000000
605 0.000977 0.017934 1.000000 5.000000
606 0.001544 0.009419 1.000000 5.000000
607 0.001691 0.031287 1.000000 5.000000
608 0.000691 0.009842 1.000000 5.000000
609 0.000846 0.016085 1.000000 5.000000
610 0.001292 0.006911 1.000000 5.000000
611 0.001691 0.019043 1.000000 5.000000
612 0.001619 0.014909 1.000000 5.000000
613 0.000977 0.019740 1.000000 5.000000
614 0.000000 0.025596 1.000000 5.000000
615 0.000846 0.019494 1.000000 5.000000
616 0.001196 0.014150 1.000000 5.000000
617 0.001092 0.010497 1.000000 3.333333
618 0.000691 0.010861 1.000000 3.333333
619 0.000846 0.018729 1.000000 3.333333
620 0.000488 0.020230 1.000000 3.333333
621 0.000488 0.013536 1.000000 3.333333
622 0.000691 0.019598 1.000000 3.333333
623 0.000000 0.012761 1.000000 3.333333
624 0.000000 0.010871 1.000000 3.333333
625 0.000977 0.021342 1.000000 3.333333
626 0.001292 0.023016 1.000000 3.333333
627 0.000000 0.009303 1.000000 3.333333
628 0.000691 0.006740 1.000000 3.333333
629 0.000977 0.014797 1.000000 3.333333
630 0.001196 0.012148 1.000000 3.333333
631 0.000000 0.008672 1.000000 3.333333
632 0.000488 0.010695 1.000000 3.333333
633 0.000000 0.014710 1.000000 3.333333
634 0.000977 0.019018 1.000000 3.333333
635 0.000488 0.012970 1.000000 3.333333
636 0.000846 0.010441 1.000000 3.333333
637 0.001381 0.019030 1.000000 3.333333
638 0.000691 0.014175 1.000000 3.333333
639 0.001292 0.002758 1.000000 3.333333
640 0.000691 0.013064 1.000000 3.333333
641 0.000000 0.008177 1.000000 3.333333
642 0.000000 0.011971 1.000000 3.333333
643 0.000000 0.003335 1.000000 3.333333
644 0.000691 0.012312 1.000000 3.333333
645 0.000488 0.034331 1.000000 3.333333
646 0.001196 0.034039 1.000000 3.333333
647 0.000000 0.003415 1.000000 3.333333
648 0.000846 0.017470 1.000000 3.333333
649 0.000691 0.013709 1.000000 3.333333
650 0.000977 0.041560 1.000000 3.333333
651 0.000691 0.047126 1.000000 3.333333
652 0.000977 0.020154 1.000000 3.333333
653 0.001465 0.035561 1.000000 3.333333
654 0.000000 0.032139 1.000000 3.333333
655 0.000488 0.028313 1.000000 3.333333
656 0.000691 0.024227 1.000000 3.333333
657 0.000846 0.038708 1.000000 3.333333
658 0.000691 0.038772 1.000000 3.333333
659 0.001465 0.030644 1.000000 3.333333
660 0.000691 0.019669 1.000000 3.333333
661 0.000691 0.027179 1.000000 3.333333
662 0.000000 0.029444 1.000000 3.333333
663 0.000000 0.025947 1.000000 3.333333
664 0.000691 0.017753 1.000000 3.333333
665 0.000691 0.036014 1.000000 3.333333
666 0.000488 0.046687 1.000000 3.333333
667 0.000691 0.015673 1.000000 3.333333
668 0.000846 0.020329 1.000000 3.333333
669 0.001381 0.036785 1.000000 3.333333
670 0.000691 0.042108 1.000000 3.333333
671 0.000977 0.022648 1.000000 3.333333
672 0.000691 0.011345 1.000000 3.333333
673 0.001381 0.027922 1.000000 3.333333
674 0.001196 0.018664 1.000000 3.333333
675 0.000977 0.008957 1.000000 3.333333
676 0.001196 0.021764 1.000000 3.333333
677 0.000691 0.020889 1.000000 3.333333
678 0.000977 0.027768 1.000000 3.333333
679 0.000000 0.047431 1.000000 3.333333
680 0.001381 0.019414 1.000000 3.333333
681 0.000488 0.009763 1.000000 3.333333
682 0.001544 0.050773 1.000000 3.333333
683 0.000691 0.014839 1.000000 3.333333
684 0.000000 0.025433 1.000000 3.333333
685 0.003997 0.025684 1.000000 3.333333
686 0.000977 0.025890 1.000000 3.333333
687 0.003239 0.066332 1.000000 3.333333
688 0.000000 0.034014 1.000000 3.333333
689 0.001381 0.036666 1.000000 3.333333
690 0.002072 0.036459 1.000000 3.333333
691 0.000846 0.016457 1.000000 3.333333
692 0.000691 0.023356 1.000000 3.333333
693 0.001092 0.032850 1.000000 3.333333
694 0.000977 0.024837 1.000000 3.333333
695 0.000977 0.032321 1.000000 3.333333
696 0.000691 0.020273 1.000000 3.333333
697 0.000691 0.015625 1.000000 3.333333
698 0.000691 0.028142 1.000000 3.333333
699 0.000488 0.020782 1.000000 3.333333
700 0.000846 0.020175 1.000000 3.333333
701 0.000691 0.015883 1.000000 3.333333
702 0.000000 0.022278 1.000000 3.333333
703 0.000977 0.030383 1.000000 3.333333
704 0.000691 0.015299 1.000000 3.333333
705 0.000977 0.045165 1.000000 3.333333
706 0.000000 0.041618 1.000000 3.333333
707 0.000691 0.020702 1.000000 3.333333
708 0.000000 0.010317 1.000000 3.333333
709 0.000977 0.009434 1.000000 3.333333
710 0.000977 0.018020 1.000000 3.333333
711 0.000000 0.035262 1.000000 3.333333
712 0.000000 0.038936 1.000000 3.333333
713 0.000691 0.019584 1.000000 3.333333
714 0.001292 0.030380 1.000000 3.333333
715 0.000691 0.039001 1.000000 3.333333
716 0.000000 0.041653 1.000000 3.333333
717 0.000691 0.027600 1.000000 3.333333
718 0.001092 0.027099 1.000000 3.333333
719 0.000000 0.046320 1.000000 3.333333
720 0.001544 0.044026 1.000000 3.333333
721 0.000691 0.023606 1.000000 3.333333
722 0.001196 0.031493 1.000000 3.333333
723 0.000977 0.049585 1.000000 3.333333
724 0.001761 0.056555 1.000000 3.333333
725 0.000691 0.022706 1.000000 3.333333
726 0.000846 0.023143 1.000000 3.333333
727 0.000846 0.012702 1.000000 5.000000
728 0.000846 0.053402 1.000000 5.000000
729 0.000000 0.006063 1.000000 5.000000
730 0.000977 0.004423 1.000000 5.000000
731 0.000691 0.007555 1.000000 5.000000
732 0.000846 0.065424 1.000000 5.000000
733 0.001196 0.022229 1.000000 5.000000
734 0.000977 0.028658 1.000000 5.000000
735 0.001465 0.033294 1.000000 5.000000
736 0.000000 0.012617 1.000000 5.000000
737 0.001196 0.011227 1.000000 5.000000
738 0.000488 0.016441 1.000000 5.000000
739 0.000977 0.006435 1.000000 5.000000
740 0.001292 0.075570 1.000000 5.000000
741 0.000691 0.015056 1.000000 5.000000
742 0.000977 0.022391 1.000000 5.000000
743 0.000488 0.011798 1.000000 5.000000
744 0.000977 0.034026 1.000000 5.000000
745 0.000488 0.013885 1.000000 5.000000
746 0.000000 0.014947 1.000000 5.000000
747 0.000488 0.029424 1.000000 5.000000
748 0.000000 0.004490 1.000000 5.000000
749 0.000691 0.017090 1.000000 5.000000
750 0.000000 0.013836 1.000000 5.000000
751 0.000977 0.009461 1.000000 5.000000
752 0.001381 0.014931 1.000000 5.000000
753 0.001292 0.022088 1.000000 5.000000
754 0.000000 0.007550 1.000000 5.000000
755 0.001196 0.015612 1.000000 5.000000
756 0.000000 0.006490 1.000000 5.000000
757 0.000977 0.009498 1.000000 5.000000
758 0.000691 0.008325 1.000000 5.000000
759 0.000488 0.009893 1.000000 5.000000
760 0.000488 0.009621 1.000000 5.000000
761 0.000000 0.069680 1.000000 5.000000
762 0.000846 0.070502 1.000000 5.000000
763 0.000977 0.013234 1.000000 5.000000
764 0.000488 0.010773 1.000000 5.000000
765 0.000691 0.019815 1.000000 5.000000
766 0.000000 0.005793 1.000000 5.000000
767 0.000000 0.010428 1.000000 5.000000
768 0.000000 0.011873 1.000000 5.000000
769 0.000691 0.007126 1.000000 5.000000
770 0.000691 0.007403 1.000000 5.000000
771 0.001196 0.007905 1.000000 5.000000
772 0.000488 0.008925 1.000000 5.000000
773 0.000977 0.007931 1.000000 5.000000
774 0.001544 0.024055 1.000000 5.000000
775 0.001619 0.017937 1.000000 5.000000
776 0.000488 0.029247 1.000000 5.000000
777 0.000488 0.012837 1.000000 5.000000
778 0.000488 0.012122 1.000000 5.000000
779 0.000977 0.012427 1.000000 5.000000
780 0.000691 0.013007 1.000000 5.000000
781 0.000691 0.020660 1.000000 5.000000
782 0.000000 0.012375 1.000000 5.000000
783 0.000691 0.020592 1.000000 5.000000
784 0.001544 0.016271 1.000000 5.000000
785 0.000691 0.014483 1.000000 5.000000
786 0.000977 0.013512 1.000000 5.000000
787 0.001196 0.015108 1.000000 5.000000
788 0.000488 0.013067 1.000000 5.000000
789 0.000846 0.014293 1.000000 5.000000
790 0.000977 0.008227 1.000000 5.000000
791 0.000488 0.013781 1.000000 5.000000
792 0.000691 0.011683 1.000000 5.000000
793 0.000691 0.008630 1.000000 5.000000
794 0.001196 0.015580 1.000000 5.000000
795 0.000488 0.015173 1.000000 5.000000
796 0.000000 0.005702 1.000000 5.000000
797 0.000846 0.013214 1.000000 5.000000
798 0.000977 0.008118 1.000000 5.000000
799 0.000000 0.014120 1.000000 5.000000
800 0.000488 0.009148 1.000000 5.000000
801 0.000977 0.031920 1.000000 5.000000
802 0.001691 0.035573 1.000000 5.000000
803 0.000488 0.012985 1.000000 5.000000
804 0.000488 0.008882 1.000000 5.000000
805 0.000691 0.035080 1.000000 5.000000
806 0.000691 0.007443 1.000000 5.000000
807 0.002238 0.012272 1.000000 5.000000
808 0.001196 0.019737 1.000000 5.000000
809 0.001196 0.009819 1.000000 5.000000
810 0.000691 0.010470 1.000000 5.000000
811 0.000846 0.025899 1.000000 5.000000
812 0.000488 0.002950 1.000000 5.000000
813 0.000488 0.005512 1.000000 5.000000
814 0.001381 0.029321 1.000000 5.000000
815 0.000691 0.010644 1.000000 5.000000
816 0.001292 0.010794 1.000000 5.000000
817 0.001691 0.014566 1.000000 5.000000
818 0.001196 0.005588 1.000000 5.000000
819 0.001381 0.012210 1.000000 5.000000
820 0.000977 0.008631 1.000000 5.000000
821 0.000846 0.018035 1.000000 5.000000
822 0.000691 0.011000 1.000000 5.000000
823 0.000691 0.014040 1.000000 5.000000
824 0.000691 0.008668 1.000000 5.000000
825 0.000691 0.001873 1.000000 5.000000
826 0.000691 0.034970 1.000000 5.000000
827 0.000000 0.018343 1.000000 5.000000
828 0.000846 0.011817 1.000000 5.000000
829 0.001196 0.006491 1.000000 5.000000
830 0.000000 0.027760 1.000000 5.000000
831 0.000488 0.017248 1.000000 5.000000
832 0.000691 0.009781 1.000000 5.000000
833 0.001381 0.028809 1.000000 5.000000
834 0.000691 0.016355 1.000000 5.000000
835 0.000691 0.010133 1.000000 5.000000
836 0.000691 0.013659 1.000000 5.000000
837 0.000691 0.011921 1.000000 5.000000
838 0.000691 0.037319 1.000000 5.000000
839 0.000977 0.023970 1.000000 5.000000
840 0.000488 0.006266 1.000000 5.000000
841 0.000691 0.011269 1.000000 5.000000
842 0.000691 0.014925 1.000000 5.000000
843 0.000691 0.023230 1.000000 5.000000
844 0.002490 0.016579 1.000000 5.000000
845 0.000691 0.009746 1.000000 5.000000
846 0.000488 0.009637 1.000000 5.000000
847 0.000691 0.005274 1.000000 5.000000
848 0.001092 0.013813 1.000000 5.000000
849 0.001196 0.025760 1.000000 5.000000
850 0.002013 0.012650 1.000000 5.000000
851 0.002128 0.012063 1.000000 5.000000
852 0.000691 0.022180 1.000000 5.000000
853 0.001381 0.028572 1.000000 5.000000
854 0.001292 0.021714 1.000000 5.000000
855 0.001544 0.015621 1.000000 5.000000
856 0.000691 0.024358 1.000000 5.000000
857 0.001196 0.019957 1.000000 5.000000
858 0.000846 0.012658 1.000000 5.000000
859 0.000488 0.002835 1.000000 5.000000
860 0.000691 0.012607 1.000000 5.000000
861 0.000977 0.028674 1.000000 5.000000
862 0.000488 0.017794 1.000000 5.000000
863 0.000000 0.007204 1.000000 5.000000
864 0.000488 0.034838 1.000000 5.000000
865 0.000488 0.015793 1.000000 5.000000
866 0.000691 0.020911 1.000000 5.000000
867 0.000691 0.029561 1.000000 5.000000
868 0.000691 0.024346 1.000000 5.000000
869 0.000000 0.034696 1.000000 5.000000
870 0.001691 0.040319 1.000000 5.000000
871 0.002072 0.018909 1.000000 5.000000
872 0.001619 0.010807 1.000000 5.000000
873 0.001196 0.013149 1.000000 5.000000
874 0.000977 0.027108 1.000000 5.000000
875 0.000691 0.019471 1.000000 5.000000
876 0.000846 0.011048 1.000000 5.000000
877 0.001544 0.031852 1.000000 5.000000
878 0.000000 0.023145 1.000000 5.000000
879 0.001092 0.019692 1.000000 5.000000
880 0.001381 0.022460 1.000000 5.000000
881 0.001196 0.015312 1.000000 5.000000
882 0.000977 0.017653 1.000000 5.000000
883 0.000000 0.043153 1.000000 5.000000
884 0.000691 0.020987 1.000000 5.000000
885 0.000977 0.041913 1.000000 5.000000
886 0.000488 0.021639 1.000000 5.000000
887 0.000977 0.017747 1.000000 5.000000
888 0.001953 0.031306 1.000000 5.000000
889 0.001544 0.047692 1.000000 5.000000
890 0.000691 0.005285 1.000000 5.000000
891 0.000977 0.016335 1.000000 5.000000
892 0.000691 0.024979 1.000000 5.000000
893 0.000977 0.004059 1.000000 5.000000
894 0.000977 0.016087 1.000000 5.000000
895 0.000488 0.007248 1.000000 5.000000
896 0.000691 0.007489 1.000000 5.000000
897 0.000691 0.012705 1.000000 5.000000
898 0.001465 0.034088 1.000000 5.000000
899 0.000488 0.014064 1.000000 5.000000
900 0.000000 0.016091 1.000000 5.000000
901 0.000846 0.012078 1.000000 5.000000
902 0.000691 0.016998 1.000000 5.000000
903 0.001827 0.031265 1.000000 5.000000
904 0.000846 0.009301 1.000000 5.000000
905 0.000691 0.007501 1.000000 5.000000
906 0.000691 0.031787 1.000000 5.000000
907 0.000691 0.011620 1.000000 5.000000
908 0.000000 0.012694 1.000000 5.000000
909 0.000691 0.007533 1.000000 5.000000
910 0.000488 0.019897 1.000000 5.000000
911 0.000691 0.016619 1.000000 5.000000
912 0.000000 0.012829 1.000000 5.000000
913 0.000846 0.020448 1.000000 5.000000
914 0.000488 0.004191 1.000000 5.000000
915 0.000000 0.017886 1.000000 5.000000
916 0.000691 0.016277 1.000000 5.000000
917 0.000000 0.013255 1.000000 3.333333
918 0.000488 0.018598 1.000000 3.333333
919 0.000488 0.010618 1.000000 3.333333
920 0.000691 0.013978 1.000000 3.333333
921 0.000977 0.017111 1.000000 3.333333
922 0.001381 0.031882 1.000000 3.333333
923 0.001465 0.018411 1.000000 3.333333
924 0.002238 0.019268 1.000000 3.333333
925 0.001196 0.013362 1.000000 3.333333
926 0.000846 0.011409 1.000000 3.333333
927 0.001691 0.041498 1.000000 3.333333
928 0.000977 0.042331 1.000000 3.333333
929 0.001619 0.030581 1.000000 3.333333
930 0.001196 0.043110 1.000000 3.333333
931 0.000846 0.012575 1.000000 3.333333
932 0.001381 0.024757 1.000000 3.333333
933 0.000488 0.026877 1.000000 3.333333
934 0.001196 0.031888 1.000000 3.333333
935 0.002970 0.045962 1.000000 3.333333
936 0.001953 0.022002 1.000000 3.333333
937 0.000977 0.036849 1.000000 3.333333
938 0.001891 0.048054 1.000000 3.333333
939 0.001691 0.051532 1.000000 3.333333
940 0.001619 0.046217 1.000000 3.333333
941 0.001761 0.033183 1.000000 3.333333
942 0.000977 0.079131 1.000000 3.333333
943 0.001953 0.070864 1.000000 3.333333
944 0.002013 0.026157 1.000000 3.333333
945 0.001891 0.058881 1.000000 3.333333
946 0.001092 0.042452 1.000000 3.333333
947 0.001092 0.048562 1.000000 3.333333
948 0.000691 0.051947 1.000000 3.333333
949 0.001196 0.042365 1.000000 3.333333
950 0.000977 0.053892 1.000000 3.333333
951 0.000000 0.048898 1.000000 3.333333
952 0.000691 0.043909 1.000000 3.333333
953 0.000488 0.042639 1.000000 3.333333
954 0.002072 0.048090 1.000000 3.333333
955 0.001196 0.061642 1.000000 3.333333
956 0.000846 0.039615 1.000000 3.333333
957 0.001827 0.034094 1.000000 3.333333
958 0.000846 0.038447 1.000000 3.333333
959 0.001619 0.020785 1.000000 3.333333
960 0.000691 0.048246 1.000000 3.333333
961 0.001953 0.050204 1.000000 3.333333
962 0.001196 0.035000 1.000000 3.333333
963 0.003164 0.039522 1.000000 3.333333
964 0.000846 0.022641 1.000000 3.333333
965 0.000000 0.063124 1.000000 3.333333
966 0.000846 0.074378 1.000000 3.333333
967 0.000977 0.056162 1.000000 3.333333
968 0.001092 0.068714 1.000000 3.333333
969 0.000488 0.046991 1.000000 3.333333
970 0.000691 0.060045 1.000000 3.333333
971 0.001092 0.067102 1.000000 3.333333
972 0.000488 0.039020 1.000000 3.333333
973 0.000488 0.037202 1.000000 3.333333
974 0.000691 0.040906 1.000000 3.333333
975 0.000691 0.036809 1.000000 3.333333
976 0.000488 0.041913 1.000000 3.333333
977 0.000691 0.088581 1.000000 3.333333
978 0.001761 0.062110 1.000000 3.333333
979 0.000977 0.029705 1.000000 3.333333
980 0.000691 0.045594 1.000000 3.333333
981 0.001292 0.037146 1.000000 3.333333
982 0.001544 0.037355 1.000000 3.333333
983 0.001196 0.028562 1.000000 3.333333
984 0.001092 0.020424 1.000000 3.333333
985 0.001761 0.015386 1.000000 3.333333
986 0.000846 0.025377 1.000000 3.333333
987 0.000846 0.017205 1.000000 3.333333
988 0.000000 0.030090 1.000000 3.333333
989 0.001544 0.030122 1.000000 3.333333
990 0.000691 0.014051 1.000000 3.333333
991 0.001891 0.018390 1.000000 3.333333
992 0.000000 0.052649 1.000000 3.333333
993 0.000000 0.058272 1.000000 3.333333
994 0.001196 0.035931 1.000000 3.333333
995 0.001544 0.042831 1.000000 3.333333
996 0.000488 0.045400 1.000000 3.333333
997 0.000691 0.042726 1.000000 3.333333
998 0.000977 0.031968 1.000000 3.333333
999 0.000488 0.037971 1.000000 3.333333
1000 0.000691 0.034207 1.000000 3.333333
1001 0.001381 0.017547 1.000000 3.333333
1002 0.000846 0.020149 1.000000 3.333333
1003 0.001465 0.024254 1.000000 3.333333
1004 0.000000 0.033567 1.000000 3.333333
1005 0.000691 0.025172 1.000000 3.333333
1006 0.000846 0.014713 1.000000 3.333333
1007 0.001196 0.011634 1.000000 3.333333
1008 0.001092 0.018700 1.000000 3.333333
1009 0.000488 0.013670 1.000000 3.333333
1010 0.000691 0.011942 1.000000 3.333333
1011 0.000846 0.022561 1.000000 3.333333
1012 0.000691 0.027077 1.000000 3.333333
1013 0.000000 0.015845 1.000000 3.333333
1014 0.000977 0.014670 1.000000 3.333333
1015 0.000488 0.022500 1.000000 3.333333
1016 0.000488 0.008805 1.000000 3.333333
1017 0.000000 0.014251 1.000000 3.333333
1018 0.000000 0.016353 1.000000 3.333333
1019 0.000691 0.007831 1.000000 5.000000
1020 0.000977 0.013450 1.000000 5.000000
1021 0.000000 0.009753 1.000000 5.000000
1022 0.000977 0.009014 1.000000 5.000000
1023 0.000691 0.008420 1.000000 5.000000
1024 0.003967 0.018721 1.000000 5.000000
1025 0.005415 0.026651 1.000000 5.000000
1026 0.002290 0.024284 1.000000 5.000000
1027 0.002013 0.024364 1.000000 5.000000
1028 0.001381 0.016054 1.000000 5.000000
1029 0.000846 0.018624 1.000000 5.000000
1030 0.002537 0.014876 1.000000 5.000000
1031 0.001381 0.020372 1.000000 5.000000
1032 0.000488 0.007567 1.000000 5.000000
1033 0.000691 0.012056 1.000000 5.000000
1034 0.000000 0.016533 1.000000 5.000000
1035 0.000000 0.018257 1.000000 5.000000
1036 0.000977 0.012694 1.000000 5.000000
1037 0.000977 0.025657 1.000000 5.000000
1038 0.000691 0.018517 1.000000 5.000000
1039 0.000691 0.024339 1.000000 5.000000
1040 0.000691 0.025439 1.000000 5.000000
1041 0.001092 0.020948 1.000000 5.000000
1042 0.001381 0.010734 1.000000 5.000000
1043 0.001544 0.018012 1.000000 5.000000
1044 0.000977 0.014633 1.000000 5.000000
1045 0.001292 0.017200 1.000000 5.000000
1046 0.001196 0.018367 1.000000 5.000000
1047 0.000691 0.017933 1.000000 5.000000
1048 0.000977 0.007605 1.000000 5.000000
1049 0.000691 0.009600 1.000000 5.000000
1050 0.000846 0.013817 1.000000 5.000000
1051 0.000846 0.026109 1.000000 5.000000
1052 0.000488 0.013805 1.000000 5.000000
1053 0.000691 0.004692 1.000000 5.000000
1054 0.000977 0.013121 1.000000 5.000000
1055 0.001381 0.012486 1.000000 5.000000
1056 0.000488 0.009081 1.000000 5.000000
1057 0.000000 0.007751 1.000000 5.000000
1058 0.001092 0.016809 1.000000 5.000000
1059 0.000000 0.015896 1.000000 3.333333
1060 0.000846 0.010637 1.000000 5.000000
1061 0.000000 0.007622 1.000000 5.000000
1062 0.000488 0.007508 1.000000 5.000000
1063 0.000000 0.014800 1.000000 5.000000
1064 0.000691 0.008270 1.000000 5.000000
1065 0.000488 0.022619 1.000000 5.000000
1066 0.000488 0.021688 1.000000 5.000000
1067 0.000488 0.009988 1.000000 5.000000
1068 0.000000 0.004727 1.000000 5.000000
1069 0.000846 0.006416 1.000000 5.000000
1070 0.000977 0.005507 1.000000 3.333333
1071 0.000488 0.010396 1.000000 3.333333
1072 0.000691 0.017063 1.000000 3.333333
1073 0.000977 0.025421 1.000000 3.333333
1074 0.000977 0.024327 1.000000 3.333333
1075 0.001381 0.029035 1.000000 3.333333
1076 0.001092 0.026313 1.000000 3.333333
1077 0.000691 0.025724 1.000000 3.333333
1078 0.000977 0.019735 1.000000 3.333333
1079 0.000977 0.019298 1.000000 3.333333
1080 0.001092 0.021302 1.000000 3.333333
1081 0.000000 0.028905 1.000000 3.333333
1082 0.000691 0.049284 1.000000 3.333333
1083 0.000000 0.034597 1.000000 3.333333
1084 0.000691 0.024348 1.000000 3.333333
1085 0.000691 0.030444 1.000000 3.333333
1086 0.000488 0.025043 1.000000 3.333333
1087 0.000846 0.008701 1.000000 3.333333
1088 0.000691 0.003513 1.000000 3.333333
1089 0.000488 0.010676 1.000000 3.333333
1090 0.000000 0.025565 1.000000 3.333333
1091 0.000691 0.035136 1.000000 3.333333
1092 0.001465 0.035292 1.000000 3.333333
1093 0.000691 0.013670 1.000000 3.333333
1094 0.000488 0.026976 1.000000 3.333333
1095 0.000846 0.036170 1.000000 3.333333
1096 0.001196 0.043957 1.000000 3.333333
1097 0.000691 0.056699 1.000000 3.333333
1098 0.001292 0.061921 1.000000 3.333333
1099 0.001619 0.056365 1.000000 3.333333
1100 0.000691 0.062396 1.000000 3.333333
1101 0.001196 0.056470 1.000000 3.333333
1102 0.001827 0.077106 1.000000 3.333333
1103 0.001196 0.058039 1.000000 3.333333
1104 0.000977 0.028569 1.000000 3.333333
1105 0.001953 0.038400 1.000000 3.333333
1106 0.001691 0.048015 1.000000 3.333333
1107 0.000488 0.046237 1.000000 3.333333
1108 0.000691 0.034071 1.000000 3.333333
1109 0.000977 0.038473 1.000000 3.333333
1110 0.002238 0.070975 1.000000 3.333333
1111 0.001827 0.076197 1.000000 3.333333
1112 0.001092 0.050390 1.000000 3.333333
1113 0.001292 0.059582 1.000000 3.333333
1114 0.001292 0.059721 1.000000 3.333333
1115 0.001381 0.064956 1.000000 3.333333
1116 0.000846 0.052607 1.000000 3.333333
1117 0.000691 0.049157 1.000000 3.333333
1118 0.001544 0.077878 1.000000 3.333333
1119 0.000977 0.050343 1.000000 3.333333
1120 0.000846 0.030376 1.000000 3.333333
1121 0.000846 0.022610 1.000000 3.333333
1122 0.001292 0.030407 1.000000 3.333333
1123 0.001196 0.045651 1.000000 3.333333
1124 0.000488 0.035409 1.000000 3.333333
1125 0.000977 0.024746 1.000000 3.333333
1126 0.001092 0.044425 1.000000 3.333333
1127 0.000977 0.039830 1.000000 3.333333
1128 0.000691 0.021158 1.000000 3.333333
1129 0.000977 0.018572 1.000000 3.333333
1130 0.000488 0.022963 1.000000 3.333333
1131 0.000000 0.020576 1.000000 3.333333
1132 0.001381 0.016583 1.000000 3.333333
1133 0.000977 0.025118 1.000000 3.333333
1134 0.001292 0.017458 1.000000 3.333333
1135 0.000846 0.018373 1.000000 3.333333
1136 0.000846 0.029667 1.000000 3.333333
1137 0.000488 0.025694 1.000000 3.333333
1138 0.000488 0.035091 1.000000 3.333333
1139 0.000000 0.045318 1.000000 3.333333
1140 0.000488 0.036591 1.000000 3.333333
1141 0.000977 0.029274 1.000000 3.333333
1142 0.000488 0.036510 1.000000 3.333333
1143 0.000977 0.037888 1.000000 3.333333
1144 0.000488 0.033506 1.000000 3.333333
1145 0.000691 0.024474 1.000000 3.333333
1146 0.000000 0.016164 1.000000 3.333333
1147 0.000000 0.007845 1.000000 5.000000
1148 0.000977 0.006705 1.000000 5.000000
1149 0.001292 0.011526 1.000000 5.000000
1150 0.001619 0.029624 1.000000 5.000000
1151 0.000691 0.010445 1.000000 5.000000
1152 0.000846 0.009222 1.000000 5.000000
1153 0.000691 0.009242 1.000000 5.000000
1154 0.000691 0.014365 1.000000 5.000000
1155 0.000000 0.009965 1.000000 5.000000
1156 0.000846 0.007274 1.000000 5.000000
1157 0.000846 0.014658 1.000000 5.000000
1158 0.000691 0.012302 1.000000 5.000000
1159 0.000691 0.017924 1.000000 5.000000
1160 0.000691 0.010733 1.000000 5.000000
1161 0.000977 0.019106 1.000000 5.000000
1162 0.000977 0.017687 1.000000 5.000000
1163 0.000488 0.009573 1.000000 5.000000
1164 0.000000 0.017339 1.000000 5.000000
1165 0.000691 0.032922 1.000000 5.000000
1166 0.000977 0.006082 1.000000 5.000000
1167 0.000977 0.006153 1.000000 5.000000
1168 0.001092 0.022348 1.000000 5.000000
1169 0.000846 0.017943 1.000000 5.000000
1170 0.001544 0.013481 1.000000 5.000000
1171 0.001953 0.023463 1.000000 5.000000
1172 0.001196 0.021363 1.000000 5.000000
1173 0.000691 0.024837 1.000000 5.000000
1174 0.000691 0.024053 1.000000 5.000000
1175 0.001196 0.023173 1.000000 5.000000
1176 0.000691 0.034531 1.000000 5.000000
1177 0.000977 0.049806 1.000000 5.000000
1178 0.000691 0.008630 1.000000 5.000000
1179 0.000691 0.013390 1.000000 5.000000
1180 0.000691 0.015436 1.000000 5.000000
1181 0.001196 0.013020 1.000000 5.000000
1182 0.001092 0.025093 1.000000 5.000000
1183 0.000977 0.040268 1.000000 5.000000
1184 0.000846 0.010282 1.000000 5.000000
1185 0.000691 0.015201 1.000000 5.000000
1186 0.001544 0.033033 1.000000 5.000000
1187 0.000000 0.011750 1.000000 5.000000
1188 0.000691 0.007833 1.000000 5.000000
1189 0.000977 0.008652 1.000000 5.000000
1190 0.000846 0.015509 1.000000 5.000000
1191 0.000691 0.013567 1.000000 5.000000
1192 0.000488 0.012492 1.000000 5.000000
1193 0.000000 0.011022 1.000000 5.000000
1194 0.001092 0.028692 1.000000 5.000000
1195 0.001196 0.016324 1.000000 5.000000
1196 0.000488 0.013820 1.000000 5.000000
1197 0.000488 0.018399 1.000000 5.000000
1198 0.001292 0.016460 1.000000 5.000000
1199 0.001544 0.025595 1.000000 5.000000
1200 0.000691 0.012178 1.000000 5.000000
1201 0.000977 0.020886 1.000000 5.000000
1202 0.000691 0.019593 1.000000 5.000000
1203 0.000691 0.019310 1.000000 5.000000
1204 0.000488 0.016772 1.000000 5.000000
1205 0.001196 0.009542 1.000000 5.000000
1206 0.000691 0.017381 1.000000 5.000000
1207 0.001092 0.010390 1.000000 5.000000
1208 0.002072 0.010582 1.000000 5.000000
1209 0.001544 0.011419 1.000000 5.000000
1210 0.000977 0.010371 1.000000 5.000000
1211 0.000000 0.031550 1.000000 5.000000
1212 0.000846 0.012919 1.000000 5.000000
1213 0.000977 0.017543 1.000000 5.000000
1214 0.000977 0.013735 1.000000 5.000000
1215 0.000691 0.012782 1.000000 5.000000
1216 0.000977 0.006841 1.000000 5.000000
1217 0.002889 0.012045 1.000000 5.000000
1218 0.002392 0.017378 1.000000 5.000000
1219 0.000691 0.017677 1.000000 5.000000
1220 0.000691 0.015278 1.000000 5.000000
1221 0.000691 0.010691 1.000000 5.000000
1222 0.000846 0.012295 1.000000 5.000000
1223 0.000691 0.009269 1.000000 5.000000
1224 0.000691 0.007335 1.000000 5.000000
1225 0.000691 0.018452 1.000000 5.000000
1226 0.000000 0.025915 1.000000 5.000000
1227 0.000000 0.006153 1.000000 5.000000
1228 0.000691 0.020078 1.000000 5.000000
1229 0.000000 0.024533 1.000000 5.000000
1230 0.000691 0.035498 1.000000 5.000000
1231 0.000691 0.013847 1.000000 5.000000
1232 0.000977 0.032185 1.000000 5.000000
1233 0.001544 0.023323 1.000000 5.000000
1234 0.000691 0.021185 1.000000 5.000000
1235 0.000488 0.024913 1.000000 5.000000
1236 0.000846 0.007428 1.000000 5.000000
1237 0.000000 0.012564 1.000000 5.000000
1238 0.000977 0.008518 1.000000 5.000000
1239 0.000977 0.021817 1.000000 5.000000
1240 0.000488 0.017169 1.000000 5.000000
1241 0.000691 0.017801 1.000000 5.000000
1242 0.000691 0.012427 1.000000 5.000000
1243 0.000000 0.014578 1.000000 5.000000
1244 0.000488 0.034471 1.000000 5.000000
1245 0.000488 0.019880 1.000000 5.000000
1246 0.001196 0.003540 1.000000 5.000000
1247 0.000977 0.045217 1.000000 5.000000
1248 0.001196 0.019416 1.000000 5.000000
1249 0.000000 0.040044 1.000000 5.000000
1250 0.000691 0.027886 1.000000 5.000000
1251 0.000691 0.038306 1.000000 5.000000
1252 0.000691 0.033514 1.000000 5.000000
1253 0.000846 0.018202 1.000000 5.000000
1254 0.001196 0.030888 1.000000 5.000000
1255 0.001619 0.055609 1.000000 5.000000
1256 0.002128 0.043294 1.000000 5.000000
1257 0.000846 0.055031 1.000000 5.000000
1258 0.000691 0.030094 1.000000 5.000000
1259 0.001544 0.047228 1.000000 5.000000
1260 0.000691 0.034572 1.000000 5.000000
1261 0.000000 0.024129 1.000000 5.000000
1262 0.000691 0.035502 1.000000 5.000000
1263 0.000691 0.022306 1.000000 5.000000
1264 0.000691 0.028226 1.000000 5.000000
1265 0.000488 0.032606 1.000000 5.000000
1266 0.000488 0.028057 1.000000 5.000000
1267 0.000691 0.023407 1.000000 5.000000
1268 0.000488 0.022297 1.000000 5.000000
1269 0.000691 0.014870 1.000000 5.000000
1270 0.000977 0.019159 1.000000 5.000000
1271 0.000000 0.035632 1.000000 5.000000
1272 0.000846 0.028084 1.000000 5.000000
1273 0.000488 0.019097 1.000000 5.000000
1274 0.000000 0.023273 1.000000 5.000000
1275 0.000846 0.021895 1.000000 5.000000
1276 0.001292 0.012499 1.000000 5.000000
1277 0.000691 0.018887 1.000000 5.000000
1278 0.001381 0.013803 1.000000 5.000000
1279 0.000977 0.024879 1.000000 5.000000
1280 0.000488 0.015008 1.000000 5.000000
1281 0.000977 0.026387 1.000000 5.000000
1282 0.000488 0.013333 1.000000 5.000000
1283 0.000488 0.021167 1.000000 5.000000
1284 0.000846 0.020150 1.000000 5.000000
1285 0.000691 0.016617 1.000000 5.000000
1286 0.001691 0.004743 1.000000 5.000000
1287 0.000691 0.010544 1.000000 5.000000
1288 0.001827 0.016297 1.000000 5.000000
1289 0.001465 0.024797 1.000000 5.000000
1290 0.001691 0.019635 1.000000 5.000000
1291 0.001544 0.029414 1.000000 5.000000
1292 0.001381 0.020720 1.000000 5.000000
1293 0.000846 0.021774 1.000000 5.000000
1294 0.000846 0.022570 1.000000 5.000000
1295 0.000977 0.013841 1.000000 5.000000
1296 0.000691 0.015891 1.000000 5.000000
1297 0.003202 0.022339 1.000000 5.000000
1298 0.002584 0.021441 1.000000 5.000000
1299 0.001092 0.016127 1.000000 5.000000
1300 0.000977 0.031320 1.000000 5.000000
1301 0.000000 0.031677 1.000000 5.000000
1302 0.000977 0.018404 1.000000 5.000000
1303 0.001381 0.015195 1.000000 5.000000
1304 0.000846 0.028563 1.000000 5.000000
1305 0.000000 0.016174 1.000000 5.000000
1306 0.000488 0.016476 1.000000 5.000000
1307 0.000977 0.047094 1.000000 5.000000
1308 0.001465 0.029913 1.000000 5.000000
1309 0.000000 0.022822 1.000000 5.000000
1310 0.000977 0.022636 1.000000 5.000000
1311 0.000000 0.011661 1.000000 5.000000
1312 0.000691 0.009130 1.000000 5.000000
1313 0.000691 0.016533 1.000000 5.000000
1314 0.001381 0.012186 1.000000 5.000000
1315 0.001092 0.011276 1.000000 5.000000
1316 0.000000 0.040744 1.000000 5.000000
1317 0.000000 0.006743 1.000000 5.000000
1318 0.000488 0.008525 1.000000 5.000000
1319 0.000691 0.009088 1.000000 5.000000
1320 0.000488 0.006324 1.000000 5.000000
1321 0.000000 0.004999 1.000000 5.000000
1322 0.000488 0.009438 1.000000 5.000000
1323 0.000000 0.010145 1.000000 5.000000
1324 0.000000 0.012368 1.000000 5.000000
1325 0.000691 0.005443 1.000000 5.000000
1326 0.000488 0.004992 1.000000 5.000000
1327 0.000488 0.012724 1.000000 5.000000
1328 0.000846 0.009407 1.000000 5.000000
1329 0.000000 0.014272 1.000000 5.000000
1330 0.000488 0.031206 1.000000 5.000000
1331 0.000000 0.008048 1.000000 5.000000
1332 0.000000 0.006891 1.000000 5.000000
1333 0.000488 0.023789 1.000000 5.000000
1334 0.000000 0.016235 1.000000 5.000000
1335 0.000000 0.018440 1.000000 5.000000
1336 0.000691 0.027903 1.000000 5.000000
1337 0.000691 0.017682 1.000000 5.000000
1338 0.000691 0.036033 1.000000 5.000000
1339 0.000691 0.029814 1.000000 5.000000
1340 0.000000 0.028292 1.000000 5.000000
1341 0.000000 0.021209 1.000000 5.000000
1342 0.001196 0.025480 1.000000 5.000000
1343 0.000000 0.012004 1.000000 5.000000
1344 0.000691 0.009665 1.000000 5.000000
1345 0.001292 0.010635 1.000000 5.000000
1346 0.000691 0.014886 1.000000 5.000000
1347 0.000691 0.028031 1.000000 5.000000
1348 0.000488 0.012061 1.000000 5.000000
1349 0.000977 0.007699 1.000000 5.000000
1350 0.000488 0.011696 1.000000 5.000000
1351 0.001092 0.022171 1.000000 5.000000
1352 0.001381 0.018117 1.000000 5.000000
1353 0.000000 0.016059 1.000000 5.000000
1354 0.001196 0.026838 1.000000 5.000000
1355 0.001544 0.016329 1.000000 5.000000
1356 0.001381 0.010314 1.000000 5.000000
1357 0.002674 0.032609 1.000000 5.000000
1358 0.004580 0.027295 1.000000 5.000000
1359 0.002930 0.007260 1.000000 5.000000
1360 0.001292 0.020715 1.000000 5.000000
1361 0.001292 0.008510 1.000000 5.000000
1362 0.000691 0.006865 1.000000 5.000000
1363 0.000000 0.024085 1.000000 5.000000
1364 0.001619 0.010208 1.000000 5.000000
1365 0.001619 0.016088 1.000000 5.000000
1366 0.000488 0.020591 1.000000 5.000000
1367 0.000691 0.014607 1.000000 5.000000
1368 0.001092 0.027257 1.000000 5.000000
1369 0.000846 0.014926 1.000000 5.000000
1370 0.000691 0.023140 1.000000 5.000000
1371 0.000691 0.022214 1.000000 5.000000
1372 0.001292 0.015959 1.000000 5.000000
1373 0.000488 0.027362 1.000000 5.000000
1374 0.000691 0.019259 1.000000 5.000000
1375 0.000691 0.019095 1.000000 5.000000
1376 0.000000 0.009506 1.000000 5.000000
1377 0.000691 0.018561 1.000000 5.000000
1378 0.000846 0.014311 1.000000 5.000000
1379 0.000000 0.029690 1.000000 5.000000
1380 0.000691 0.010032 1.000000 5.000000
1381 0.000000 0.013280 1.000000 5.000000
1382 0.001292 0.011508 1.000000 5.000000
1383 0.002072 0.014206 1.000000 5.000000
1384 0.001092 0.030266 1.000000 5.000000
1385 0.000000 0.012978 1.000000 5.000000
1386 0.000488 0.012250 1.000000 5.000000
1387 0.001092 0.019058 1.000000 5.000000
1388 0.001196 0.017770 1.000000 5.000000
1389 0.000691 0.011000 1.000000 5.000000
1390 0.000000 0.014410 1.000000 5.000000
1391 0.000000 0.006207 1.000000 5.000000
1392 0.000691 0.022013 1.000000 5.000000
1393 0.000488 0.016996 1.000000 5.000000
1394 0.000488 0.022189 1.000000 5.000000
1395 0.000488 0.009548 1.000000 5.000000
1396 0.000000 0.011242 1.000000 5.000000
1397 0.000488 0.015208 1.000000 5.000000
1398 0.000846 0.015986 1.000000 5.000000
1399 0.000000 0.010323 1.000000 5.000000
1400 0.000691 0.003103 1.000000 5.000000
1401 0.000846 0.016873 1.000000 5.000000
1402 0.000977 0.007054 1.000000 5.000000
1403 0.000691 0.006114 1.000000 5.000000
1404 0.000977 0.040641 1.000000 5.000000
1405 0.000691 0.018555 1.000000 5.000000
1406 0.000846 0.015450 1.000000 5.000000
1407 0.000000 0.005541 1.000000 5.000000
1408 0.000488 0.014998 1.000000 5.000000
1409 0.000000 0.020304 1.000000 5.000000
1410 0.000846 0.025721 1.000000 5.000000
1411 0.000846 0.004661 1.000000 5.000000
1412 0.000488 0.008487 1.000000 5.000000
1413 0.001381 0.006433 1.000000 5.000000
1414 0.000000 0.008649 1.000000 5.000000
1415 0.001196 0.005568 1.000000 5.000000
1416 0.000691 0.005362 1.000000 5.000000
1417 0.000691 0.008983 1.000000 5.000000
1418 0.000488 0.001880 1.000000 5.000000
1419 0.000691 0.008546 1.000000 5.000000
1420 0.000846 0.019147 1.000000 5.000000
1421 0.000000 0.031798 1.000000 5.000000
1422 0.000691 0.014333 1.000000 5.000000
1423 0.000000 0.012147 1.000000 5.000000
1424 0.000488 0.006817 1.000000 5.000000
1425 0.000977 0.009532 1.000000 5.000000
1426 0.000488 0.014838 1.000000 5.000000
1427 0.000488 0.022373 1.000000 5.000000
1428 0.000488 0.012434 1.000000 5.000000
1429 0.000488 0.022169 1.000000 5.000000
1430 0.000691 0.026300 1.000000 5.000000
1431 0.001196 0.009874 1.000000 5.000000
1432 0.000000 0.016464 1.000000 5.000000
1433 0.000488 0.026549 1.000000 5.000000
1434 0.000000 0.010215 1.000000 5.000000
1435 0.000846 0.007238 1.000000 5.000000
1436 0.000488 0.027306 1.000000 5.000000
1437 0.001827 0.023309 1.000000 5.000000
1438 0.001381 0.005883 1.000000 5.000000
1439 0.000846 0.017064 1.000000 5.000000
1440 0.000846 0.013205 1.000000 5.000000
1441 0.001196 0.007297 1.000000 5.000000
1442 0.000691 0.012632 1.000000 5.000000
1443 0.002013 0.037913 1.000000 5.000000
1444 0.000977 0.017761 1.000000 5.000000
1445 0.000691 0.037340 1.000000 5.000000
1446 0.000691 0.016164 1.000000 5.000000
1447 0.000977 0.050774 1.000000 5.000000
1448 0.000000 0.025929 1.000000 5.000000
1449 0.000691 0.043999 1.000000 5.000000
1450 0.000846 0.032273 1.000000 5.000000
1451 0.000691 0.048823 1.000000 5.000000
1452 0.000691 0.029845 1.000000 5.000000
1453 0.000000 0.021900 1.000000 5.000000
1454 0.000488 0.018649 1.000000 5.000000
1455 0.001196 0.030698 1.000000 5.000000
1456 0.000846 0.027460 1.000000 5.000000
1457 0.000691 0.010081 1.000000 5.000000
1458 0.000977 0.073111 1.000000 5.000000
1459 0.000691 0.023714 1.000000 5.000000
1460 0.001196 0.019828 1.000000 5.000000
1461 0.000691 0.005843 1.000000 5.000000
1462 0.001381 0.034225 1.000000 5.000000
1463 0.000691 0.013608 1.000000 5.000000
1464 0.000977 0.016076 1.000000 5.000000
1465 0.000488 0.016551 1.000000 5.000000
1466 0.000846 0.047813 1.000000 5.000000
1467 0.000977 0.036708 1.000000 5.000000
1468 0.001092 0.042467 1.000000 5.000000
1469 0.000488 0.036245 1.000000 5.000000
1470 0.001381 0.039460 1.000000 5.000000
1471 0.001691 0.015357 1.000000 5.000000
1472 0.001196 0.017624 1.000000 5.000000
1473 0.000691 0.013432 1.000000 5.000000
1474 0.000488 0.019867 1.000000 5.000000
1475 0.000488 0.012446 1.000000 5.000000
1476 0.000488 0.015521 1.000000 5.000000
1477 0.000691 0.009705 1.000000 5.000000
1478 0.000488 0.009463 1.000000 5.000000
1479 0.000000 0.005356 1.000000 5.000000
1480 0.000977 0.007016 1.000000 5.000000
1481 0.000977 0.011538 1.000000 5.000000
1482 0.000000 0.026894 1.000000 5.000000
1483 0.000488 0.012339 1.000000 5.000000
1484 0.000000 0.011571 1.000000 5.000000
1485 0.001092 0.009265 1.000000 5.000000
1486 0.000977 0.005993 1.000000 5.000000
1487 0.000977 0.011968 1.000000 5.000000
1488 0.000488 0.031109 1.000000 5.000000
1489 0.000488 0.019162 1.000000 5.000000
1490 0.000691 0.023213 1.000000 5.000000
1491 0.000977 0.055820 1.000000 3.333333
1492 0.000000 0.048432 1.000000 3.333333
1493 0.000000 0.013460 1.000000 3.333333
1494 0.000977 0.013646 1.000000 3.333333
1495 0.000691 0.019631 1.000000 3.333333
1496 0.001092 0.009272 1.000000 3.333333
1497 0.000000 0.008742 1.000000 3.333333
1498 0.000846 0.018053 1.000000 3.333333
1499 0.000846 0.029363 1.000000 3.333333
1500 0.001953 0.031199 1.000000 3.333333
1501 0.001381 0.027072 1.000000 3.333333
1502 0.000977 0.015929 1.000000 3.333333
1503 0.000846 0.019241 1.000000 3.333333
1504 0.001196 0.038839 1.000000 3.333333
1505 0.002013 0.033758 1.000000 3.333333
1506 0.002762 0.045886 1.000000 3.333333
1507 0.001691 0.064851 1.000000 3.333333
1508 0.001092 0.042687 1.000000 3.333333
1509 0.001953 0.044682 1.000000 3.333333
1510 0.002290 0.054169 1.000000 3.333333
1511 0.001827 0.046167 1.000000 3.333333
1512 0.001691 0.032007 1.000000 3.333333
1513 0.002128 0.054868 1.000000 3.333333
1514 0.002392 0.075766 1.000000 3.333333
1515 0.002930 0.068918 1.000000 3.333333
1516 0.003127 0.063431 1.000000 3.333333
1517 0.002537 0.054166 1.000000 3.333333
1518 0.002629 0.056272 1.000000 3.333333
1519 0.001827 0.051258 1.000000 3.333333
1520 0.001292 0.043425 1.000000 3.333333
1521 0.003312 0.069650 1.000000 3.333333
1522 0.004085 0.072468 1.000000 3.333333
1523 0.001544 0.044719 1.000000 3.333333
1524 0.002184 0.045201 1.000000 3.333333
1525 0.002847 0.046590 1.000000 3.333333
1526 0.001827 0.078438 1.000000 3.333333
1527 0.002490 0.089374 1.000000 3.333333
1528 0.000977 0.058010 1.000000 3.333333
1529 0.000488 0.042341 1.000000 3.333333
1530 0.000691 0.038447 1.000000 3.333333
1531 0.000691 0.034903 1.000000 3.333333
1532 0.000846 0.048565 1.000000 3.333333
1533 0.000846 0.045762 1.000000 3.333333
1534 0.001619 0.036821 1.000000 3.333333
1535 0.001544 0.028984 1.000000 3.333333
1536 0.001381 0.030445 1.000000 3.333333
1537 0.001092 0.033439 1.000000 3.333333
1538 0.001381 0.030493 1.000000 3.333333
1539 0.000977 0.063253 1.000000 3.333333
1540 0.000977 0.070850 1.000000 3.333333
1541 0.001196 0.038737 1.000000 3.333333
1542 0.001465 0.042247 1.000000 3.333333
1543 0.000691 0.058113 1.000000 3.333333
1544 0.000488 0.045974 1.000000 3.333333
1545 0.000691 0.042626 1.000000 3.333333
1546 0.001292 0.060067 1.000000 3.333333
1547 0.000977 0.058207 1.000000 3.333333
1548 0.000488 0.055448 1.000000 3.333333
1549 0.000488 0.060460 1.000000 3.333333
1550 0.000691 0.050215 1.000000 3.333333
1551 0.000691 0.050262 1.000000 3.333333
1552 0.000691 0.060049 1.000000 3.333333
1553 0.000691 0.054223 1.000000 3.333333
1554 0.000488 0.055931 1.000000 3.333333
1555 0.000846 0.048680 1.000000 3.333333
1556 0.000691 0.042878 1.000000 3.333333
1557 0.000846 0.052080 1.000000 3.333333
1558 0.001092 0.054211 1.000000 3.333333
1559 0.001196 0.079509 1.000000 3.333333
1560 0.000691 0.081030 1.000000 3.333333
1561 0.000000 0.050276 1.000000 3.333333
1562 0.000000 0.045702 1.000000 3.333333
1563 0.000977 0.073202 1.000000 3.333333
1564 0.000977 0.057918 1.000000 3.333333
1565 0.001092 0.029111 1.000000 3.333333
1566 0.001196 0.039572 1.000000 3.333333
1567 0.001953 0.036214 1.000000 3.333333
1568 0.000846 0.042426 1.000000 3.333333
1569 0.000691 0.050509 1.000000 3.333333
1570 0.001092 0.047496 1.000000 3.333333
1571 0.001544 0.049410 1.000000 3.333333
1572 0.001092 0.021588 1.000000 3.333333
1573 0.000000 0.022618 1.000000 3.333333
1574 0.000977 0.037781 1.000000 3.333333
1575 0.001196 0.037838 1.000000 3.333333
1576 0.000691 0.019334 1.000000 3.333333
1577 0.001465 0.012919 1.000000 3.333333
1578 0.001953 0.017898 1.000000 3.333333
1579 0.002584 0.041394 1.000000 3.333333
1580 0.000691 0.059952 1.000000 3.333333
1581 0.000488 0.041991 1.000000 3.333333
1582 0.001544 0.031612 1.000000 3.333333
1583 0.001381 0.029242 1.000000 3.333333
1584 0.001092 0.037883 1.000000 3.333333
1585 0.000691 0.034109 1.000000 3.333333
1586 0.000977 0.029276 1.000000 3.333333
1587 0.000691 0.020308 1.000000 3.333333
1588 0.000488 0.019093 1.000000 3.333333
