0 0.003383 0.015615 1.000000 1.428571
1 0.003239 0.013547 1.000000 1.428571
2 0.002847 0.013144 1.000000 1.428571
3 0.002290 0.011248 1.000000 1.666667
4 0.001381 0.009389 1.000000 1.666667
5 0.001292 0.014935 1.000000 1.666667
6 0.001465 0.015746 1.000000 1.666667
7 0.001196 0.017883 1.000000 2.000000
8 0.001465 0.012010 1.000000 2.000000
9 0.002392 0.025183 1.000000 2.000000
10 0.002584 0.024639 1.000000 2.000000
11 0.001761 0.032981 1.000000 2.000000
12 0.001891 0.042789 1.000000 2.000000
13 0.002392 0.036753 1.000000 2.000000
14 0.002392 0.028331 1.000000 2.000000
15 0.002290 0.021551 1.000000 2.500000
16 0.002072 0.019700 1.000000 2.500000
17 0.001827 0.017782 1.000000 2.500000
18 0.000977 0.015672 1.000000 2.500000
19 0.001196 0.023917 1.000000 2.500000
20 0.001381 0.025206 1.000000 2.500000
21 0.001691 0.020417 1.000000 2.500000
22 0.001196 0.012668 1.000000 2.500000
23 0.000488 0.015653 1.000000 3.333333
24 0.000691 0.014670 1.000000 3.333333
25 0.000977 0.015685 1.000000 3.333333
26 0.001292 0.016003 1.000000 3.333333
27 0.001196 0.014606 1.000000 3.333333
28 0.000846 0.039909 1.000000 3.333333
29 0.000977 0.043313 1.000000 3.333333
30 0.000691 0.025939 1.000000 3.333333
31 0.000691 0.016603 1.000000 3.333333
32 0.000691 0.026341 1.000000 3.333333
33 0.000691 0.037472 1.000000 3.333333
34 0.000488 0.015947 1.000000 3.333333
35 0.000488 0.012977 1.000000 3.333333
36 0.000977 0.039294 1.000000 3.333333
37 0.000488 0.036206 1.000000 3.333333
38 0.001196 0.009408 1.000000 3.333333
39 0.000977 0.013277 1.000000 3.333333
40 0.000691 0.017240 1.000000 3.333333
41 0.000846 0.010449 1.000000 3.333333
42 0.000488 0.011521 1.000000 3.333333
43 0.000000 0.011861 1.000000 3.333333
44 0.000000 0.036701 1.000000 3.333333
45 0.001953 0.033357 1.000000 3.333333
46 0.002392 0.024564 1.000000 3.333333
47 0.000691 0.023109 1.000000 3.333333
48 0.000488 0.027155 1.000000 3.333333
49 0.001092 0.010710 1.000000 3.333333
50 0.001544 0.026247 1.000000 3.333333
51 0.001619 0.039072 1.000000 3.333333
52 0.000488 0.018044 1.000000 3.333333
53 0.000000 0.002782 1.000000 3.333333
54 0.000000 0.009135 1.000000 3.333333
55 0.001691 0.008226 1.000000 3.333333
56 0.001691 0.005823 1.000000 3.333333
57 0.001761 0.009579 1.000000 3.333333
58 0.001891 0.008572 1.000000 3.333333
59 0.001381 0.008957 1.000000 3.333333
60 0.000846 0.015223 1.000000 3.333333
61 0.000000 0.013888 1.000000 3.333333
62 0.000000 0.008202 1.000000 3.333333
63 0.001544 0.010614 1.000000 3.333333
64 0.001292 0.013123 1.000000 3.333333
65 0.001891 0.023826 1.000000 3.333333
66 0.001092 0.011147 1.000000 3.333333
67 0.001891 0.009244 1.000000 3.333333
68 0.000846 0.016742 1.000000 3.333333
69 0.000846 0.019341 1.000000 3.333333
70 0.001381 0.015756 1.000000 3.333333
71 0.000977 0.012153 1.000000 3.333333
72 0.000488 0.012445 1.000000 3.333333
73 0.000691 0.012277 1.000000 3.333333
74 0.000488 0.008039 1.000000 3.333333
75 0.000691 0.031899 1.000000 3.333333
76 0.000977 0.034610 1.000000 3.333333
77 0.000000 0.018100 1.000000 3.333333
78 0.000000 0.020291 1.000000 3.333333
79 0.000000 0.029635 1.000000 3.333333
80 0.000846 0.027307 1.000000 3.333333
81 0.000691 0.027559 1.000000 3.333333
82 0.000000 0.020908 1.000000 3.333333
83 0.000691 0.013248 1.000000 5.000000
84 0.000000 0.010354 1.000000 5.000000
85 0.000488 0.017679 1.000000 5.000000
86 0.000691 0.008006 1.000000 5.000000
87 0.001092 0.013046 1.000000 5.000000
88 0.000000 0.022845 1.000000 5.000000
89 0.000488 0.010195 1.000000 5.000000
90 0.000691 0.015450 1.000000 5.000000
91 0.000488 0.011328 1.000000 5.000000
92 0.000000 0.014763 1.000000 5.000000
93 0.000691 0.010483 1.000000 5.000000
94 0.000977 0.010030 1.000000 5.000000
95 0.000488 0.016279 1.000000 5.000000
96 0.000691 0.009346 1.000000 5.000000
97 0.000846 0.010181 1.000000 5.000000
98 0.000000 0.014508 1.000000 5.000000
99 0.001196 0.010330 1.000000 5.000000
100 0.000000 0.006459 1.000000 5.000000
101 0.001292 0.028258 1.000000 3.333333
102 0.000691 0.029000 1.000000 3.333333
103 0.000488 0.025434 1.000000 3.333333
104 0.000977 0.026963 1.000000 3.333333
105 0.000691 0.016001 1.000000 3.333333
106 0.000977 0.016542 1.000000 3.333333
107 0.002441 0.014804 1.000000 3.333333
108 0.003555 0.009810 1.000000 3.333333
109 0.000977 0.009771 1.000000 3.333333
110 0.003275 0.024805 1.000000 3.333333
111 0.000488 0.022523 1.000000 3.333333
112 0.001544 0.032555 1.000000 3.333333
113 0.001544 0.019932 1.000000 3.333333
114 0.001544 0.024878 1.000000 3.333333
115 0.001092 0.015163 1.000000 3.333333
116 0.001092 0.017918 1.000000 3.333333
117 0.000846 0.019344 1.000000 3.333333
118 0.001544 0.020611 1.000000 3.333333
119 0.001827 0.018004 1.000000 3.333333
120 0.001092 0.021266 1.000000 3.333333
121 0.001953 0.010856 1.000000 3.333333
122 0.001619 0.030138 1.000000 3.333333
123 0.001196 0.012067 1.000000 3.333333
124 0.001619 0.019108 1.000000 3.333333
125 0.001292 0.010281 1.000000 3.333333
126 0.001092 0.007251 1.000000 3.333333
127 0.001761 0.006187 1.000000 3.333333
128 0.001196 0.014209 1.000000 3.333333
129 0.001891 0.011726 1.000000 3.333333
130 0.001381 0.019933 1.000000 3.333333
131 0.002128 0.016859 1.000000 3.333333
132 0.000691 0.022292 1.000000 3.333333
133 0.001953 0.012374 1.000000 3.333333
134 0.002184 0.021008 1.000000 3.333333
135 0.001092 0.003760 1.000000 3.333333
136 0.001381 0.011913 1.000000 3.333333
137 0.000691 0.017750 1.000000 3.333333
138 0.001827 0.012909 1.000000 3.333333
139 0.000846 0.019062 1.000000 3.333333
140 0.002342 0.012362 1.000000 3.333333
141 0.000846 0.015241 1.000000 3.333333
142 0.001092 0.017727 1.000000 3.333333
143 0.001292 0.013671 1.000000 3.333333
144 0.001691 0.015154 1.000000 3.333333
145 0.002719 0.019368 1.000000 3.333333
146 0.001092 0.013814 1.000000 3.333333
147 0.002072 0.022236 1.000000 3.333333
148 0.000488 0.010798 1.000000 3.333333
149 0.000691 0.022099 1.000000 3.333333
150 0.001092 0.016573 1.000000 3.333333
151 0.000000 0.017047 1.000000 3.333333
152 0.001465 0.014661 1.000000 3.333333
153 0.000977 0.018846 1.000000 3.333333
154 0.001465 0.017843 1.000000 3.333333
155 0.000488 0.016999 1.000000 3.333333
156 0.001544 0.018780 1.000000 3.333333
157 0.000691 0.014098 1.000000 3.333333
158 0.001196 0.009508 1.000000 3.333333
159 0.000846 0.019599 1.000000 3.333333
160 0.001092 0.022927 1.000000 3.333333
161 0.001381 0.023595 1.000000 3.333333
162 0.000691 0.020429 1.000000 3.333333
163 0.000977 0.019727 1.000000 3.333333
164 0.001381 0.024211 1.000000 3.333333
165 0.001544 0.014831 1.000000 3.333333
166 0.001092 0.031325 1.000000 3.333333
167 0.000846 0.013965 1.000000 3.333333
168 0.001465 0.016470 1.000000 3.333333
169 0.001196 0.008833 1.000000 3.333333
170 0.001891 0.011893 1.000000 3.333333
171 0.001691 0.012950 1.000000 3.333333
172 0.001092 0.014963 1.000000 3.333333
173 0.000846 0.019831 1.000000 3.333333
174 0.000977 0.020376 1.000000 3.333333
175 0.001619 0.025065 1.000000 3.333333
176 0.002674 0.034734 1.000000 3.333333
177 0.001465 0.029473 1.000000 3.333333
178 0.001827 0.028783 1.000000 3.333333
179 0.001292 0.014646 1.000000 3.333333
180 0.001691 0.011918 1.000000 3.333333
181 0.000488 0.014261 1.000000 3.333333
182 0.000977 0.011018 1.000000 3.333333
183 0.002013 0.011528 1.000000 3.333333
184 0.002762 0.009199 1.000000 3.333333
185 0.000691 0.010953 1.000000 3.333333
186 0.000846 0.011980 1.000000 3.333333
187 0.000691 0.012032 1.000000 3.333333
188 0.000488 0.009957 1.000000 3.333333
189 0.001544 0.010440 1.000000 3.333333
190 0.000977 0.014990 1.000000 3.333333
191 0.001292 0.015110 1.000000 3.333333
192 0.000846 0.013769 1.000000 3.333333
193 0.000691 0.013040 1.000000 3.333333
194 0.000846 0.011268 1.000000 3.333333
195 0.000977 0.010396 1.000000 3.333333
196 0.000691 0.007380 1.000000 3.333333
197 0.001092 0.009902 1.000000 3.333333
198 0.001196 0.014576 1.000000 3.333333
199 0.001544 0.011050 1.000000 3.333333
200 0.000691 0.012313 1.000000 3.333333
201 0.001196 0.013269 1.000000 3.333333
202 0.001619 0.019205 1.000000 3.333333
203 0.001465 0.022384 1.000000 3.333333
204 0.001761 0.024307 1.000000 3.333333
205 0.002072 0.019324 1.000000 3.333333
206 0.000488 0.014381 1.000000 3.333333
207 0.002013 0.021566 1.000000 3.333333
208 0.001891 0.027596 1.000000 3.333333
209 0.000691 0.018416 1.000000 3.333333
210 0.002490 0.025068 1.000000 3.333333
211 0.001761 0.030480 1.000000 3.333333
212 0.001544 0.022720 1.000000 3.333333
213 0.002290 0.034492 1.000000 3.333333
214 0.001196 0.037809 1.000000 3.333333
215 0.001619 0.020935 1.000000 3.333333
216 0.000846 0.014459 1.000000 3.333333
217 0.002762 0.024625 1.000000 3.333333
218 0.002184 0.028388 1.000000 3.333333
219 0.001092 0.018965 1.000000 3.333333
220 0.000846 0.025669 1.000000 3.333333
221 0.001196 0.019607 1.000000 3.333333
222 0.002238 0.029707 1.000000 3.333333
223 0.000846 0.017696 1.000000 3.333333
224 0.001196 0.010731 1.000000 3.333333
225 0.000977 0.014658 1.000000 3.333333
226 0.000691 0.018651 1.000000 3.333333
227 0.001092 0.011124 1.000000 3.333333
228 0.000000 0.014822 1.000000 3.333333
229 0.001196 0.014815 1.000000 3.333333
230 0.000691 0.010447 1.000000 3.333333
231 0.000977 0.017323 1.000000 3.333333
232 0.000691 0.014534 1.000000 3.333333
233 0.001381 0.015923 1.000000 3.333333
234 0.000000 0.008966 1.000000 3.333333
235 0.001891 0.010585 1.000000 3.333333
236 0.001381 0.007432 1.000000 3.333333
237 0.001953 0.007256 1.000000 3.333333
238 0.001196 0.005982 1.000000 3.333333
239 0.000000 0.015347 1.000000 3.333333
240 0.001292 0.012257 1.000000 3.333333
241 0.001827 0.010262 1.000000 3.333333
242 0.001761 0.011252 1.000000 3.333333
243 0.000488 0.013135 1.000000 3.333333
244 0.002392 0.013543 1.000000 3.333333
245 0.001691 0.007623 1.000000 3.333333
246 0.000691 0.010978 1.000000 3.333333
247 0.000488 0.019469 1.000000 3.333333
248 0.001092 0.018570 1.000000 3.333333
249 0.001092 0.018410 1.000000 3.333333
250 0.001092 0.005856 1.000000 3.333333
251 0.001292 0.021290 1.000000 3.333333
252 0.000000 0.018565 1.000000 3.333333
253 0.001465 0.016024 1.000000 3.333333
254 0.000691 0.013399 1.000000 3.333333
255 0.000977 0.014234 1.000000 3.333333
256 0.000000 0.016605 1.000000 3.333333
257 0.000488 0.015413 1.000000 3.333333
258 0.000977 0.023185 1.000000 3.333333
259 0.000488 0.025858 1.000000 3.333333
260 0.001196 0.027629 1.000000 3.333333
261 0.000488 0.025609 1.000000 3.333333
262 0.000691 0.015685 1.000000 3.333333
263 0.000691 0.017053 1.000000 3.333333
264 0.000977 0.019737 1.000000 3.333333
265 0.000977 0.019210 1.000000 3.333333
266 0.000977 0.016236 1.000000 3.333333
267 0.000691 0.008135 1.000000 3.333333
268 0.000691 0.005675 1.000000 3.333333
269 0.001381 0.022413 1.000000 3.333333
270 0.000691 0.030564 1.000000 3.333333
271 0.000977 0.020827 1.000000 3.333333
272 0.000488 0.014652 1.000000 3.333333
273 0.000691 0.009384 1.000000 3.333333
274 0.001196 0.012585 1.000000 3.333333
275 0.000000 0.006937 1.000000 3.333333
276 0.000846 0.012509 1.000000 3.333333
277 0.001465 0.008512 1.000000 3.333333
278 0.002013 0.008483 1.000000 3.333333
279 0.001619 0.015633 1.000000 3.333333
280 0.002490 0.029581 1.000000 3.333333
281 0.001196 0.011962 1.000000 3.333333
282 0.000977 0.012051 1.000000 3.333333
283 0.001381 0.009832 1.000000 3.333333
284 0.000846 0.003610 1.000000 3.333333
285 0.001891 0.005915 1.000000 3.333333
286 0.000977 0.010699 1.000000 3.333333
287 0.002013 0.024874 1.000000 3.333333
288 0.001544 0.020192 1.000000 3.333333
289 0.000846 0.020850 1.000000 3.333333
290 0.001953 0.010525 1.000000 3.333333
291 0.000977 0.005202 1.000000 3.333333
292 0.001092 0.005606 1.000000 3.333333
293 0.000488 0.007766 1.000000 3.333333
294 0.000000 0.010872 1.000000 3.333333
295 0.001196 0.008513 1.000000 3.333333
296 0.001292 0.008820 1.000000 3.333333
297 0.000691 0.022173 1.000000 3.333333
298 0.001196 0.018995 1.000000 3.333333
299 0.001196 0.019266 1.000000 3.333333
300 0.000000 0.023579 1.000000 3.333333
301 0.001292 0.018446 1.000000 3.333333
302 0.000846 0.011511 1.000000 3.333333
303 0.001196 0.009963 1.000000 3.333333
304 0.001196 0.010052 1.000000 3.333333
305 0.001196 0.014774 1.000000 3.333333
306 0.000846 0.026645 1.000000 3.333333
307 0.001196 0.033358 1.000000 3.333333
308 0.000691 0.016829 1.000000 3.333333
309 0.001544 0.014014 1.000000 3.333333
310 0.000691 0.019924 1.000000 3.333333
311 0.001092 0.064698 1.000000 3.333333
312 0.000691 0.057466 1.000000 3.333333
313 0.001544 0.013535 1.000000 3.333333
314 0.000846 0.009310 1.000000 3.333333
315 0.002762 0.014734 1.000000 3.333333
316 0.001381 0.013996 1.000000 3.333333
317 0.000846 0.021765 1.000000 3.333333
318 0.001827 0.035368 1.000000 3.333333
319 0.000691 0.036706 1.000000 3.333333
320 0.001196 0.022594 1.000000 3.333333
321 0.000846 0.012454 1.000000 3.333333
322 0.002128 0.015698 1.000000 3.333333
323 0.000691 0.013711 1.000000 3.333333
324 0.001761 0.005100 1.000000 3.333333
325 0.002342 0.007420 1.000000 3.333333
326 0.001381 0.001732 1.000000 3.333333
327 0.001196 0.013951 1.000000 3.333333
328 0.000691 0.016085 1.000000 3.333333
329 0.000000 0.006000 1.000000 3.333333
330 0.000691 0.009594 1.000000 3.333333
331 0.001092 0.014097 1.000000 3.333333
332 0.000000 0.008560 1.000000 3.333333
333 0.000000 0.009803 1.000000 3.333333
334 0.000977 0.020610 1.000000 3.333333
335 0.000691 0.017137 1.000000 3.333333
336 0.000846 0.015449 1.000000 3.333333
337 0.001092 0.008876 1.000000 3.333333
338 0.002392 0.007259 1.000000 3.333333
339 0.001292 0.007173 1.000000 3.333333
340 0.002072 0.011019 1.000000 3.333333
341 0.002342 0.009531 1.000000 3.333333
342 0.001544 0.011096 1.000000 3.333333
343 0.001691 0.011005 1.000000 3.333333
344 0.000846 0.016735 1.000000 3.333333
345 0.001953 0.014944 1.000000 3.333333
346 0.001381 0.012814 1.000000 3.333333
347 0.001092 0.012338 1.000000 3.333333
348 0.000977 0.016986 1.000000 3.333333
349 0.001092 0.013949 1.000000 3.333333
350 0.000691 0.008044 1.000000 3.333333
351 0.002072 0.018763 1.000000 3.333333
352 0.000000 0.030112 1.000000 3.333333
353 0.000691 0.029600 1.000000 3.333333
354 0.000691 0.021491 1.000000 3.333333
355 0.000691 0.025436 1.000000 3.333333
356 0.000846 0.034823 1.000000 3.333333
357 0.000488 0.033178 1.000000 3.333333
358 0.000691 0.023218 1.000000 3.333333
359 0.000846 0.025597 1.000000 3.333333
360 0.000691 0.022727 1.000000 3.333333
361 0.000488 0.022713 1.000000 3.333333
362 0.001381 0.018855 1.000000 3.333333
363 0.001891 0.021281 1.000000 3.333333
364 0.001381 0.017781 1.000000 3.333333
365 0.000691 0.020621 1.000000 3.333333
366 0.000691 0.032837 1.000000 3.333333
367 0.001092 0.031439 1.000000 3.333333
368 0.000846 0.017399 1.000000 3.333333
369 0.001092 0.020101 1.000000 3.333333
370 0.001292 0.016826 1.000000 3.333333
371 0.001196 0.015942 1.000000 3.333333
372 0.001761 0.029502 1.000000 3.333333
373 0.000000 0.033177 1.000000 3.333333
374 0.001092 0.023544 1.000000 3.333333
375 0.000846 0.029989 1.000000 3.333333
376 0.000000 0.026741 1.000000 3.333333
377 0.001196 0.018861 1.000000 3.333333
378 0.000846 0.021587 1.000000 3.333333
379 0.000488 0.015660 1.000000 3.333333
380 0.000691 0.026555 1.000000 3.333333
381 0.000691 0.028747 1.000000 3.333333
382 0.001196 0.023859 1.000000 3.333333
383 0.002762 0.021218 1.000000 3.333333
384 0.000977 0.022035 1.000000 3.333333
385 0.000977 0.029746 1.000000 3.333333
386 0.000000 0.035824 1.000000 3.333333
387 0.001292 0.035262 1.000000 3.333333
388 0.000846 0.026760 1.000000 3.333333
389 0.000488 0.038127 1.000000 3.333333
390 0.000691 0.015818 1.000000 3.333333
391 0.000488 0.012384 1.000000 3.333333
392 0.001196 0.013794 1.000000 3.333333
393 0.000691 0.016377 1.000000 3.333333
394 0.001381 0.003163 1.000000 3.333333
395 0.000977 0.017237 1.000000 3.333333
396 0.000000 0.012509 1.000000 3.333333
397 0.000488 0.016297 1.000000 3.333333
398 0.000691 0.024002 1.000000 3.333333
399 0.000691 0.031724 1.000000 3.333333
400 0.001092 0.021665 1.000000 3.333333
401 0.000488 0.010357 1.000000 3.333333
402 0.000691 0.018829 1.000000 3.333333
403 0.000977 0.012061 1.000000 3.333333
404 0.001381 0.018612 1.000000 3.333333
405 0.001092 0.012360 1.000000 3.333333
406 0.000977 0.005813 1.000000 3.333333
407 0.001092 0.017880 1.000000 3.333333
408 0.001092 0.028311 1.000000 3.333333
409 0.001381 0.033606 1.000000 3.333333
410 0.000691 0.033706 1.000000 3.333333
411 0.000691 0.043477 1.000000 3.333333
412 0.000691 0.050078 1.000000 3.333333
413 0.000846 0.052592 1.000000 3.333333
414 0.001891 0.049092 1.000000 3.333333
415 0.001465 0.093184 1.000000 3.333333
416 0.000691 0.221881 1.000000 3.333333
417 0.001196 0.138796 1.000000 5.000000
418 0.001196 0.124079 1.000000 5.000000
419 0.001544 0.166417 1.000000 3.333333
420 0.001953 0.179386 1.000000 3.333333
421 0.001381 0.144614 1.000000 3.333333
422 0.000977 0.104468 1.000000 3.333333
423 0.001761 0.114095 1.000000 3.333333
424 0.001292 0.106589 1.000000 3.333333
425 0.001827 0.097443 1.000000 3.333333
426 0.002719 0.059976 1.000000 3.333333
427 0.001544 0.050281 1.000000 3.333333
428 0.000000 0.058803 1.000000 3.333333
429 0.001381 0.042685 1.000000 3.333333
430 0.002674 0.027038 1.000000 3.333333
431 0.000846 0.047197 1.000000 3.333333
432 0.001292 0.042632 1.000000 3.333333
433 0.000846 0.026307 1.000000 3.333333
434 0.001619 0.027407 1.000000 3.333333
435 0.001381 0.037643 1.000000 3.333333
436 0.000977 0.027898 1.000000 3.333333
437 0.000846 0.028419 1.000000 3.333333
438 0.001092 0.030104 1.000000 3.333333
439 0.000846 0.022049 1.000000 3.333333
440 0.001619 0.026101 1.000000 3.333333
441 0.001381 0.023542 1.000000 3.333333
442 0.002072 0.021606 1.000000 3.333333
443 0.000846 0.020253 1.000000 3.333333
444 0.000846 0.019947 1.000000 3.333333
445 0.000846 0.026744 1.000000 3.333333
446 0.000000 0.027505 1.000000 3.333333
447 0.000000 0.014568 1.000000 3.333333
448 0.000846 0.016322 1.000000 3.333333
449 0.001292 0.021862 1.000000 3.333333
450 0.000691 0.023679 1.000000 3.333333
451 0.000977 0.016325 1.000000 3.333333
452 0.000691 0.019577 1.000000 3.333333
453 0.000977 0.017453 1.000000 3.333333
454 0.000488 0.026500 1.000000 3.333333
455 0.000000 0.018270 1.000000 3.333333
456 0.000977 0.015424 1.000000 3.333333
457 0.000691 0.037142 1.000000 3.333333
458 0.000488 0.032269 1.000000 3.333333
459 0.000691 0.010389 1.000000 3.333333
460 0.001381 0.009072 1.000000 3.333333
461 0.000977 0.018197 1.000000 3.333333
462 0.001691 0.015362 1.000000 3.333333
463 0.000691 0.016700 1.000000 3.333333
464 0.000691 0.023473 1.000000 3.333333
465 0.000846 0.017076 1.000000 3.333333
466 0.000846 0.009458 1.000000 3.333333
467 0.000977 0.018480 1.000000 3.333333
468 0.001827 0.007940 1.000000 3.333333
469 0.000977 0.003021 1.000000 5.000000
470 0.001381 0.021100 1.000000 3.333333
471 0.000488 0.009885 1.000000 5.000000
472 0.000846 0.013461 1.000000 5.000000
473 0.000846 0.015491 1.000000 5.000000
474 0.000000 0.005490 1.000000 5.000000
475 0.001196 0.010076 1.000000 5.000000
476 0.001092 0.006527 1.000000 5.000000
477 0.000488 0.007915 1.000000 5.000000
478 0.000488 0.012856 1.000000 5.000000
479 0.000488 0.010994 1.000000 5.000000
480 0.000488 0.010463 1.000000 5.000000
481 0.001092 0.011395 1.000000 5.000000
482 0.001544 0.023650 1.000000 5.000000
483 0.000691 0.014332 1.000000 5.000000
484 0.000977 0.011857 1.000000 5.000000
485 0.000691 0.013414 1.000000 5.000000
486 0.000846 0.010704 1.000000 5.000000
487 0.000000 0.013375 1.000000 5.000000
488 0.000488 0.014939 1.000000 5.000000
489 0.001196 0.017399 1.000000 5.000000
490 0.000000 0.012798 1.000000 5.000000
491 0.000000 0.011734 1.000000 5.000000
492 0.000691 0.011653 1.000000 5.000000
493 0.000000 0.011556 1.000000 5.000000
494 0.000691 0.014564 1.000000 5.000000
495 0.001092 0.012859 1.000000 5.000000
496 0.000488 0.014827 1.000000 5.000000
497 0.000691 0.010075 1.000000 5.000000
498 0.000000 0.012585 1.000000 5.000000
499 0.000691 0.018241 1.000000 5.000000
500 0.000691 0.022081 1.000000 5.000000
501 0.000846 0.021143 1.000000 5.000000
502 0.000691 0.011665 1.000000 5.000000
503 0.000488 0.012556 1.000000 5.000000
504 0.000000 0.008177 1.000000 5.000000
505 0.000000 0.017463 1.000000 5.000000
506 0.000488 0.006346 1.000000 5.000000
507 0.001092 0.008673 1.000000 3.333333
508 0.002762 0.036166 1.000000 3.333333
509 0.000977 0.031986 1.000000 3.333333
510 0.001381 0.010879 1.000000 3.333333
511 0.001092 0.013650 1.000000 3.333333
512 0.000691 0.012728 1.000000 3.333333
513 0.000691 0.015174 1.000000 3.333333
514 0.001381 0.015327 1.000000 3.333333
515 0.000691 0.014696 1.000000 3.333333
516 0.000691 0.012897 1.000000 3.333333
517 0.001292 0.017248 1.000000 3.333333
518 0.001761 0.016424 1.000000 3.333333
519 0.000691 0.017046 1.000000 3.333333
520 0.000488 0.020236 1.000000 3.333333
521 0.000488 0.022818 1.000000 3.333333
522 0.000977 0.021837 1.000000 3.333333
523 0.000977 0.027720 1.000000 3.333333
524 0.000000 0.024299 1.000000 3.333333
525 0.001196 0.032585 1.000000 3.333333
526 0.000691 0.035379 1.000000 3.333333
527 0.000488 0.026795 1.000000 3.333333
528 0.000000 0.024224 1.000000 3.333333
529 0.001381 0.026332 1.000000 3.333333
530 0.000691 0.019694 1.000000 3.333333
531 0.000977 0.020565 1.000000 3.333333
532 0.001953 0.042346 1.000000 3.333333
533 0.002072 0.039973 1.000000 3.333333
534 0.001196 0.031182 1.000000 3.333333
535 0.002184 0.052274 1.000000 3.333333
536 0.002629 0.044370 1.000000 3.333333
537 0.000977 0.019430 1.000000 3.333333
538 0.001196 0.019518 1.000000 3.333333
539 0.001761 0.022845 1.000000 3.333333
540 0.000000 0.022356 1.000000 3.333333
541 0.001544 0.016941 1.000000 3.333333
542 0.001761 0.012578 1.000000 3.333333
543 0.000977 0.022983 1.000000 3.333333
544 0.001761 0.021032 1.000000 3.333333
545 0.002184 0.020307 1.000000 3.333333
546 0.003937 0.026033 1.000000 3.333333
547 0.000977 0.019033 1.000000 3.333333
548 0.002889 0.013742 1.000000 3.333333
549 0.001691 0.012048 1.000000 3.333333
550 0.002290 0.015637 1.000000 3.333333
551 0.001691 0.013828 1.000000 3.333333
552 0.001196 0.011287 1.000000 3.333333
553 0.001544 0.027761 1.000000 3.333333
554 0.000691 0.018929 1.000000 3.333333
555 0.001292 0.018406 1.000000 3.333333
556 0.001092 0.007780 1.000000 3.333333
557 0.001544 0.009592 1.000000 3.333333
558 0.000000 0.012439 1.000000 3.333333
559 0.001092 0.025533 1.000000 3.333333
560 0.000691 0.019623 1.000000 3.333333
561 0.000488 0.014420 1.000000 3.333333
562 0.001292 0.012064 1.000000 3.333333
563 0.000977 0.016569 1.000000 3.333333
564 0.001092 0.025641 1.000000 3.333333
565 0.001292 0.027764 1.000000 3.333333
566 0.000000 0.019961 1.000000 3.333333
567 0.000488 0.007344 1.000000 3.333333
568 0.000846 0.017151 1.000000 3.333333
569 0.000000 0.017965 1.000000 3.333333
570 0.000977 0.024997 1.000000 3.333333
571 0.001891 0.010575 1.000000 3.333333
572 0.001465 0.015447 1.000000 3.333333
573 0.000846 0.019040 1.000000 3.333333
574 0.000691 0.009601 1.000000 3.333333
575 0.001092 0.013184 1.000000 3.333333
576 0.000846 0.016262 1.000000 3.333333
577 0.000691 0.020158 1.000000 3.333333
578 0.000691 0.020021 1.000000 3.333333
579 0.003010 0.022889 1.000000 3.333333
580 0.003202 0.024535 1.000000 3.333333
581 0.002847 0.017471 1.000000 3.333333
582 0.001953 0.020152 1.000000 3.333333
583 0.003312 0.020499 1.000000 3.333333
584 0.001196 0.017794 1.000000 3.333333
585 0.003521 0.016511 1.000000 3.333333
586 0.004114 0.017426 1.000000 3.333333
587 0.000691 0.030153 1.000000 3.333333
588 0.004883 0.024308 1.000000 3.333333
589 0.003997 0.024791 1.000000 3.333333
590 0.002847 0.039336 1.000000 3.333333
591 0.003521 0.028352 1.000000 3.333333
592 0.001691 0.024240 1.000000 3.333333
593 0.000691 0.020650 1.000000 3.333333
594 0.000691 0.016461 1.000000 3.333333
595 0.001196 0.029155 1.000000 3.333333
596 0.000977 0.023269 1.000000 3.333333
597 0.000691 0.022163 1.000000 3.333333
598 0.000488 0.020619 1.000000 3.333333
599 0.000000 0.025582 1.000000 3.333333
600 0.000977 0.027193 1.000000 3.333333
601 0.001292 0.020536 1.000000 3.333333
602 0.000846 0.027744 1.000000 3.333333
603 0.000977 0.028119 1.000000 3.333333
604 0.000488 0.022950 1.000000 3.333333
605 0.001292 0.030391 1.000000 3.333333
606 0.000488 0.030500 1.000000 3.333333
607 0.000691 0.023748 1.000000 3.333333
608 0.001381 0.031239 1.000000 3.333333
609 0.001196 0.023358 1.000000 3.333333
610 0.000691 0.023538 1.000000 3.333333
611 0.002013 0.039394 1.000000 2.500000
612 0.001691 0.045011 1.000000 2.500000
613 0.000977 0.047087 1.000000 2.500000
614 0.001619 0.029459 1.000000 2.500000
615 0.001465 0.017835 1.000000 2.500000
616 0.000691 0.017586 1.000000 2.500000
617 0.001544 0.022956 1.000000 2.500000
618 0.001092 0.017798 1.000000 2.000000
619 0.002674 0.045873 1.000000 2.000000
620 0.002719 0.032183 1.000000 2.000000
621 0.000000 0.029071 1.000000 2.000000
622 0.000488 0.031276 1.000000 1.666667
623 0.000977 0.030521 1.000000 1.666667
624 0.000691 0.049965 1.000000 1.428571
625 0.001196 0.067268 1.000000 1.250000
626 0.001465 0.073783 1.000000 1.250000
627 0.001827 0.085065 1.000000 1.250000
628 0.001691 0.086518 1.000000 1.250000
629 0.001827 0.094412 1.000000 1.250000
630 0.001092 0.080379 1.000000 1.250000
631 0.001381 0.091551 1.000000 1.250000
632 0.000977 0.083082 1.000000 1.250000
633 0.001619 0.083639 1.000000 1.250000
634 0.001092 0.081625 1.000000 1.250000
635 0.001381 0.078517 1.000000 1.428571
636 0.001196 0.072564 1.000000 1.428571
637 0.001196 0.077735 1.000000 1.428571
638 0.000691 0.053137 1.000000 1.666667
639 0.001196 0.063073 1.000000 1.666667
640 0.001465 0.070586 1.000000 1.666667
641 0.001465 0.066469 1.000000 1.666667
642 0.001196 0.065024 1.000000 1.666667
643 0.001465 0.056080 1.000000 2.000000
644 0.001196 0.055052 1.000000 2.000000
645 0.001381 0.053010 1.000000 2.000000
646 0.001092 0.062207 1.000000 2.000000
647 0.002072 0.062625 1.000000 2.000000
648 0.000488 0.063205 1.000000 2.000000
649 0.001292 0.080541 1.000000 2.000000
650 0.000846 0.061232 1.000000 2.000000
651 0.000977 0.062483 1.000000 2.500000
652 0.002537 0.081841 1.000000 2.500000
653 0.001544 0.058755 1.000000 2.500000
654 0.000846 0.072611 1.000000 2.500000
655 0.000977 0.041485 1.000000 2.500000
656 0.000488 0.041437 1.000000 2.500000
657 0.000846 0.046099 1.000000 2.500000
658 0.002238 0.102230 1.000000 2.500000
659 0.000846 0.148215 1.000000 2.500000
660 0.001092 0.164313 1.000000 2.500000
661 0.001196 0.141339 1.000000 2.500000
662 0.000691 0.083537 1.000000 3.333333
663 0.000488 0.077297 1.000000 3.333333
664 0.000846 0.070686 1.000000 3.333333
665 0.000691 0.067601 1.000000 3.333333
666 0.000000 0.032939 1.000000 3.333333
667 0.000691 0.013942 1.000000 3.333333
668 0.001292 0.018143 1.000000 3.333333
669 0.001196 0.016723 1.000000 3.333333
670 0.000000 0.034239 1.000000 3.333333
671 0.001092 0.046224 1.000000 3.333333
672 0.000691 0.050192 1.000000 3.333333
673 0.000846 0.060499 1.000000 3.333333
674 0.000846 0.055231 1.000000 3.333333
675 0.000691 0.045760 1.000000 3.333333
676 0.000691 0.023135 1.000000 3.333333
677 0.000488 0.024156 1.000000 3.333333
678 0.000846 0.029919 1.000000 3.333333
679 0.000691 0.016410 1.000000 3.333333
680 0.001292 0.023725 1.000000 3.333333
681 0.000691 0.018962 1.000000 3.333333
682 0.000691 0.021811 1.000000 3.333333
683 0.000488 0.022080 1.000000 3.333333
684 0.000977 0.024448 1.000000 3.333333
685 0.000977 0.018465 1.000000 3.333333
686 0.000000 0.016797 1.000000 3.333333
687 0.000691 0.016927 1.000000 3.333333
688 0.000691 0.014689 1.000000 3.333333
689 0.000691 0.024100 1.000000 3.333333
690 0.000691 0.017565 1.000000 3.333333
691 0.001465 0.030823 1.000000 3.333333
692 0.001761 0.027165 1.000000 3.333333
693 0.001381 0.019660 1.000000 3.333333
694 0.000488 0.013333 1.000000 3.333333
695 0.001691 0.019404 1.000000 3.333333
696 0.000000 0.017986 1.000000 3.333333
697 0.002072 0.028770 1.000000 3.333333
698 0.000691 0.008361 1.000000 5.000000
699 0.000691 0.005426 1.000000 5.000000
700 0.001465 0.036327 1.000000 5.000000
701 0.002441 0.027501 1.000000 5.000000
702 0.000691 0.016123 1.000000 5.000000
703 0.000691 0.020432 1.000000 5.000000
704 0.000000 0.016771 1.000000 5.000000
705 0.001465 0.028812 1.000000 5.000000
706 0.001381 0.017667 1.000000 5.000000
707 0.000691 0.021918 1.000000 5.000000
708 0.000977 0.019172 1.000000 5.000000
709 0.000691 0.006275 1.000000 5.000000
710 0.000000 0.034063 1.000000 5.000000
711 0.000977 0.018676 1.000000 5.000000
712 0.001381 0.028615 1.000000 5.000000
713 0.000977 0.018194 1.000000 5.000000
714 0.000691 0.023752 1.000000 5.000000
715 0.000000 0.017654 1.000000 5.000000
716 0.000691 0.032249 1.000000 5.000000
717 0.000000 0.029604 1.000000 5.000000
718 0.000977 0.029480 1.000000 5.000000
719 0.001761 0.038569 1.000000 5.000000
720 0.001381 0.016121 1.000000 5.000000
721 0.001381 0.045233 1.000000 5.000000
722 0.000977 0.021944 1.000000 5.000000
723 0.001196 0.039207 1.000000 5.000000
724 0.000846 0.044640 1.000000 5.000000
725 0.001092 0.021992 1.000000 5.000000
726 0.001092 0.015364 1.000000 5.000000
727 0.000000 0.018407 1.000000 5.000000
728 0.000846 0.022608 1.000000 5.000000
729 0.000691 0.013468 1.000000 5.000000
730 0.001196 0.019013 1.000000 5.000000
731 0.000691 0.015483 1.000000 5.000000
732 0.000691 0.021691 1.000000 5.000000
733 0.000977 0.013006 1.000000 5.000000
734 0.000691 0.010752 1.000000 5.000000
735 0.001381 0.037691 1.000000 5.000000
736 0.000691 0.023280 1.000000 5.000000
737 0.000488 0.009273 1.000000 5.000000
738 0.000846 0.025952 1.000000 5.000000
739 0.000000 0.012679 1.000000 5.000000
740 0.000977 0.022309 1.000000 5.000000
741 0.000488 0.007554 1.000000 5.000000
742 0.000691 0.049687 1.000000 5.000000
743 0.000977 0.019834 1.000000 5.000000
744 0.000846 0.013988 1.000000 5.000000
745 0.000846 0.049010 1.000000 5.000000
746 0.001092 0.017784 1.000000 5.000000
747 0.000691 0.017693 1.000000 5.000000
748 0.000691 0.012814 1.000000 5.000000
749 0.001381 0.016296 1.000000 5.000000
750 0.000691 0.013605 1.000000 5.000000
751 0.000977 0.021960 1.000000 5.000000
752 0.000691 0.027798 1.000000 5.000000
753 0.001619 0.054352 1.000000 5.000000
754 0.002013 0.017759 1.000000 5.000000
755 0.001092 0.019104 1.000000 5.000000
756 0.001381 0.022800 1.000000 5.000000
757 0.001196 0.022707 1.000000 5.000000
758 0.001292 0.014337 1.000000 5.000000
759 0.000977 0.032944 1.000000 5.000000
760 0.000691 0.016089 1.000000 5.000000
761 0.000000 0.021052 1.000000 5.000000
762 0.001381 0.038210 1.000000 5.000000
763 0.000846 0.019477 1.000000 5.000000
764 0.000000 0.016571 1.000000 5.000000
765 0.000000 0.009322 1.000000 5.000000
766 0.000691 0.023055 1.000000 5.000000
767 0.000977 0.012947 1.000000 5.000000
768 0.000691 0.010479 1.000000 5.000000
769 0.000488 0.017715 1.000000 5.000000
770 0.000691 0.009052 1.000000 5.000000
771 0.000977 0.018819 1.000000 5.000000
772 0.000846 0.011561 1.000000 5.000000
773 0.000691 0.011658 1.000000 5.000000
774 0.000846 0.012783 1.000000 5.000000
775 0.000691 0.063294 1.000000 5.000000
776 0.000691 0.011374 1.000000 5.000000
777 0.000846 0.019758 1.000000 5.000000
778 0.000000 0.023147 1.000000 5.000000
779 0.000846 0.011233 1.000000 5.000000
780 0.000488 0.007540 1.000000 5.000000
781 0.001196 0.002389 1.000000 5.000000
782 0.001196 0.018341 1.000000 5.000000
783 0.000691 0.012824 1.000000 5.000000
784 0.000977 0.007299 1.000000 5.000000
785 0.000977 0.001286 1.000000 5.000000
786 0.000977 0.013289 1.000000 5.000000
787 0.000488 0.030652 1.000000 5.000000
788 0.000691 0.027381 1.000000 5.000000
789 0.000000 0.034006 1.000000 5.000000
790 0.000488 0.023103 1.000000 5.000000
791 0.000000 0.019896 1.000000 5.000000
792 0.000977 0.022251 1.000000 5.000000
793 0.000691 0.024133 1.000000 5.000000
794 0.000846 0.027728 1.000000 5.000000
795 0.001092 0.022143 1.000000 5.000000
796 0.000691 0.015259 1.000000 5.000000
797 0.000846 0.017656 1.000000 5.000000
798 0.000691 0.020777 1.000000 5.000000
799 0.000000 0.013018 1.000000 5.000000
800 0.001196 0.023813 1.000000 5.000000
801 0.000488 0.011631 1.000000 5.000000
802 0.000846 0.014110 1.000000 5.000000
803 0.000846 0.008838 1.000000 5.000000
804 0.000977 0.018224 1.000000 5.000000
805 0.001827 0.009299 1.000000 5.000000
806 0.000488 0.007959 1.000000 5.000000
807 0.000691 0.005195 1.000000 5.000000
808 0.000691 0.015192 1.000000 5.000000
809 0.000000 0.010906 1.000000 5.000000
810 0.000977 0.017088 1.000000 5.000000
811 0.000977 0.016398 1.000000 5.000000
812 0.000488 0.003706 1.000000 5.000000
813 0.000691 0.009885 1.000000 5.000000
814 0.000000 0.013989 1.000000 5.000000
815 0.000488 0.006998 1.000000 5.000000
816 0.000488 0.019444 1.000000 5.000000
817 0.000488 0.018327 1.000000 5.000000
818 0.000000 0.011894 1.000000 5.000000
819 0.000691 0.010094 1.000000 5.000000
820 0.000977 0.008064 1.000000 5.000000
821 0.001761 0.031521 1.000000 5.000000
822 0.001292 0.017754 1.000000 5.000000
823 0.001381 0.010445 1.000000 5.000000
824 0.000846 0.020169 1.000000 5.000000
825 0.000000 0.015365 1.000000 5.000000
826 0.000846 0.025520 1.000000 5.000000
827 0.000691 0.022407 1.000000 5.000000
828 0.000000 0.017942 1.000000 5.000000
829 0.000691 0.015656 1.000000 5.000000
830 0.000488 0.007972 1.000000 5.000000
831 0.000846 0.004665 1.000000 5.000000
832 0.001196 0.026248 1.000000 5.000000
833 0.000000 0.020017 1.000000 5.000000
834 0.001196 0.005233 1.000000 5.000000
835 0.001827 0.018190 1.000000 5.000000
836 0.000977 0.009980 1.000000 5.000000
837 0.000691 0.006101 1.000000 5.000000
838 0.000000 0.018755 1.000000 5.000000
839 0.000846 0.015316 1.000000 5.000000
840 0.000977 0.022200 1.000000 5.000000
841 0.000691 0.014233 1.000000 3.333333
842 0.001691 0.022100 1.000000 3.333333
843 0.000488 0.026179 1.000000 3.333333
844 0.000846 0.033357 1.000000 3.333333
845 0.000691 0.020783 1.000000 3.333333
846 0.001196 0.026017 1.000000 3.333333
847 0.001292 0.032500 1.000000 3.333333
848 0.001381 0.025825 1.000000 3.333333
849 0.000846 0.022638 1.000000 3.333333
850 0.001092 0.032710 1.000000 3.333333
851 0.001092 0.040530 1.000000 3.333333
852 0.001544 0.054228 1.000000 3.333333
853 0.000488 0.031797 1.000000 3.333333
854 0.000977 0.070032 1.000000 3.333333
855 0.000488 0.035113 1.000000 3.333333
856 0.000488 0.038462 1.000000 3.333333
857 0.001381 0.035938 1.000000 3.333333
858 0.000846 0.023301 1.000000 3.333333
859 0.000691 0.035178 1.000000 3.333333
860 0.000691 0.090649 1.000000 3.333333
861 0.002184 0.133048 1.000000 3.333333
862 0.003164 0.082241 1.000000 3.333333
863 0.001953 0.055422 1.000000 3.333333
864 0.001465 0.065552 1.000000 3.333333
865 0.004528 0.042352 1.000000 3.333333
866 0.002537 0.125967 1.000000 3.333333
867 0.002847 0.068286 1.000000 3.333333
868 0.003967 0.075330 1.000000 3.333333
869 0.003654 0.068660 1.000000 3.333333
870 0.002392 0.052846 1.000000 3.333333
871 0.002490 0.094016 1.000000 3.333333
872 0.003383 0.061037 1.000000 3.333333
873 0.002490 0.030943 1.000000 3.333333
874 0.004312 0.042130 1.000000 3.333333
875 0.000977 0.031953 1.000000 3.333333
876 0.002128 0.111022 1.000000 3.333333
877 0.002290 0.088059 1.000000 3.333333
878 0.002930 0.117702 1.000000 3.333333
879 0.001761 0.034213 1.000000 3.333333
880 0.001619 0.044126 1.000000 3.333333
881 0.001381 0.082460 1.000000 3.333333
882 0.002392 0.033074 1.000000 3.333333
883 0.003588 0.034521 1.000000 3.333333
884 0.004683 0.048786 1.000000 3.333333
885 0.000977 0.037279 1.000000 3.333333
886 0.001691 0.021490 1.000000 3.333333
887 0.001465 0.005824 1.000000 3.333333
888 0.000977 0.022224 1.000000 3.333333
889 0.001953 0.076751 1.000000 3.333333
890 0.001544 0.064365 1.000000 3.333333
891 0.000691 0.010365 1.000000 3.333333
892 0.001292 0.024602 1.000000 3.333333
893 0.000000 0.023912 1.000000 3.333333
894 0.002238 0.023384 1.000000 3.333333
895 0.002441 0.023925 1.000000 3.333333
896 0.001953 0.015922 1.000000 3.333333
897 0.002013 0.015486 1.000000 3.333333
898 0.000977 0.023782 1.000000 3.333333
899 0.001619 0.047421 1.000000 3.333333
900 0.001381 0.028562 1.000000 3.333333
901 0.001196 0.011067 1.000000 3.333333
902 0.000691 0.025116 1.000000 3.333333
903 0.000977 0.031252 1.000000 3.333333
904 0.001953 0.026188 1.000000 3.333333
905 0.001891 0.029375 1.000000 3.333333
906 0.001544 0.020209 1.000000 3.333333
907 0.000977 0.019685 1.000000 3.333333
908 0.002441 0.014871 1.000000 3.333333
909 0.001827 0.020395 1.000000 3.333333
910 0.000691 0.018097 1.000000 3.333333
911 0.001761 0.025013 1.000000 3.333333
912 0.000846 0.025941 1.000000 3.333333
913 0.002184 0.032993 1.000000 3.333333
914 0.001544 0.039485 1.000000 3.333333
915 0.001953 0.030905 1.000000 3.333333
916 0.002674 0.031082 1.000000 3.333333
917 0.001691 0.029364 1.000000 3.333333
918 0.001827 0.017626 1.000000 5.000000
919 0.001381 0.004260 1.000000 5.000000
920 0.000000 0.024708 1.000000 5.000000
921 0.001381 0.012404 1.000000 5.000000
922 0.001691 0.009341 1.000000 5.000000
923 0.001292 0.007201 1.000000 5.000000
924 0.000846 0.027674 1.000000 5.000000
925 0.000846 0.011913 1.000000 5.000000
926 0.000488 0.010613 1.000000 5.000000
927 0.000977 0.017374 1.000000 5.000000
928 0.000691 0.012254 1.000000 3.333333
929 0.000977 0.012728 1.000000 3.333333
930 0.001619 0.029603 1.000000 3.333333
931 0.000691 0.023929 1.000000 3.333333
932 0.001196 0.030822 1.000000 3.333333
933 0.001092 0.028827 1.000000 3.333333
934 0.000000 0.026066 1.000000 3.333333
935 0.000691 0.018580 1.000000 3.333333
936 0.000977 0.024786 1.000000 3.333333
937 0.001292 0.016169 1.000000 3.333333
938 0.000488 0.010804 1.000000 3.333333
939 0.001544 0.028702 1.000000 3.333333
940 0.002072 0.031469 1.000000 3.333333
941 0.000977 0.039171 1.000000 3.333333
942 0.001891 0.032574 1.000000 3.333333
943 0.001196 0.038582 1.000000 3.333333
944 0.001953 0.049631 1.000000 3.333333
945 0.001465 0.050144 1.000000 3.333333
946 0.000000 0.038346 1.000000 3.333333
947 0.001691 0.034733 1.000000 3.333333
948 0.001092 0.031620 1.000000 3.333333
949 0.002342 0.031083 1.000000 3.333333
950 0.001827 0.031194 1.000000 3.333333
951 0.000977 0.034003 1.000000 3.333333
952 0.000977 0.036031 1.000000 3.333333
953 0.000000 0.027877 1.000000 3.333333
954 0.000846 0.016674 1.000000 3.333333
955 0.000691 0.017896 1.000000 3.333333
956 0.000000 0.030011 1.000000 2.500000
957 0.001196 0.028827 1.000000 2.500000
958 0.000977 0.034337 1.000000 2.500000
959 0.001544 0.032627 1.000000 2.500000
960 0.001544 0.024773 1.000000 2.500000
961 0.001691 0.031761 1.000000 2.000000
962 0.001544 0.043882 1.000000 2.000000
963 0.001381 0.047398 1.000000 2.000000
964 0.000977 0.042839 1.000000 1.666667
965 0.000977 0.043042 1.000000 1.666667
966 0.000846 0.043619 1.000000 1.666667
967 0.001381 0.047552 1.000000 1.666667
968 0.000846 0.052509 1.000000 1.666667
969 0.000846 0.053042 1.000000 1.666667
970 0.000691 0.052352 1.000000 1.666667
971 0.000488 0.046833 1.000000 1.666667
972 0.000846 0.045252 1.000000 1.666667
973 0.000488 0.047255 1.000000 1.666667
974 0.001092 0.029999 1.000000 1.666667
975 0.001381 0.033951 1.000000 1.428571
976 0.001465 0.052585 1.000000 1.428571
977 0.000977 0.064741 1.000000 1.428571
978 0.001381 0.052016 1.000000 1.428571
979 0.001092 0.045015 1.000000 1.428571
980 0.000846 0.030607 1.000000 1.428571
981 0.000977 0.036667 1.000000 1.250000
982 0.000977 0.019724 1.000000 1.250000
983 0.000000 0.017116 1.000000 1.250000
984 0.000977 0.021610 1.000000 1.250000
985 0.000488 0.023180 1.000000 1.250000
986 0.000691 0.023602 1.000000 1.250000
987 0.000977 0.042009 1.000000 1.111111
988 0.000691 0.031116 1.000000 1.111111
989 0.000977 0.038700 1.000000 1.111111
990 0.000846 0.056616 1.000000 1.111111
991 0.000977 0.050700 1.000000 1.111111
992 0.000977 0.050554 1.000000 1.111111
993 0.000488 0.053275 1.000000 1.111111
994 0.000691 0.054929 1.000000 1.111111
995 0.000488 0.038705 1.000000 1.250000
996 0.000977 0.040287 1.000000 1.250000
997 0.000000 0.036953 1.000000 1.250000
998 0.000691 0.034165 1.000000 1.428571
999 0.001196 0.027970 1.000000 1.428571
1000 0.001196 0.023794 1.000000 1.666667
1001 0.001196 0.025957 1.000000 1.666667
1002 0.000846 0.021785 1.000000 1.666667
1003 0.000846 0.022572 1.000000 2.000000
1004 0.001092 0.029558 1.000000 2.000000
1005 0.001292 0.050084 1.000000 2.000000
1006 0.001691 0.054067 1.000000 2.500000
1007 0.001196 0.046034 1.000000 2.500000
1008 0.000977 0.057457 1.000000 2.500000
1009 0.000977 0.054794 1.000000 2.500000
1010 0.001092 0.059678 1.000000 2.500000
1011 0.001544 0.051002 1.000000 2.500000
1012 0.000977 0.052929 1.000000 2.500000
1013 0.000488 0.034924 1.000000 3.333333
1014 0.000691 0.038230 1.000000 3.333333
1015 0.000488 0.041977 1.000000 3.333333
1016 0.000691 0.039787 1.000000 3.333333
1017 0.000691 0.034254 1.000000 3.333333
1018 0.000846 0.039042 1.000000 3.333333
1019 0.000846 0.033941 1.000000 3.333333
1020 0.000488 0.029376 1.000000 3.333333
1021 0.000691 0.026052 1.000000 3.333333
1022 0.000488 0.022132 1.000000 3.333333
1023 0.000846 0.020367 1.000000 3.333333
1024 0.000691 0.017136 1.000000 3.333333
1025 0.000691 0.016723 1.000000 3.333333
1026 0.001092 0.014958 1.000000 3.333333
1027 0.002013 0.008657 1.000000 3.333333
1028 0.001691 0.009029 1.000000 3.333333
1029 0.000691 0.021667 1.000000 3.333333
1030 0.001196 0.022268 1.000000 3.333333
1031 0.000691 0.036345 1.000000 3.333333
1032 0.000000 0.019228 1.000000 3.333333
1033 0.001196 0.026281 1.000000 3.333333
1034 0.000977 0.025195 1.000000 3.333333
1035 0.000691 0.033039 1.000000 3.333333
1036 0.000691 0.030025 1.000000 3.333333
1037 0.001381 0.039851 1.000000 3.333333
1038 0.000000 0.023207 1.000000 3.333333
1039 0.000977 0.022671 1.000000 3.333333
1040 0.000846 0.021340 1.000000 3.333333
1041 0.000488 0.014879 1.000000 3.333333
1042 0.001381 0.012180 1.000000 3.333333
1043 0.001827 0.009262 1.000000 3.333333
1044 0.002238 0.019154 1.000000 3.333333
1045 0.001619 0.022218 1.000000 3.333333
1046 0.002128 0.016191 1.000000 3.333333
1047 0.001761 0.020656 1.000000 3.333333
1048 0.000846 0.026405 1.000000 3.333333
1049 0.001381 0.023298 1.000000 3.333333
1050 0.000488 0.010462 1.000000 3.333333
1051 0.000691 0.004915 1.000000 3.333333
1052 0.000691 0.010383 1.000000 3.333333
1053 0.000000 0.013963 1.000000 3.333333
1054 0.000977 0.007491 1.000000 3.333333
1055 0.000691 0.010090 1.000000 3.333333
1056 0.000000 0.009516 1.000000 3.333333
1057 0.000691 0.009811 1.000000 3.333333
1058 0.000691 0.010891 1.000000 3.333333
1059 0.000691 0.014329 1.000000 3.333333
1060 0.000977 0.004278 1.000000 3.333333
1061 0.000488 0.005117 1.000000 3.333333
1062 0.001619 0.017818 1.000000 3.333333
1063 0.001544 0.008191 1.000000 3.333333
1064 0.000691 0.011108 1.000000 3.333333
1065 0.001196 0.014812 1.000000 3.333333
1066 0.001381 0.013522 1.000000 3.333333
1067 0.000846 0.024901 1.000000 3.333333
1068 0.001092 0.025227 1.000000 3.333333
1069 0.001196 0.031286 1.000000 3.333333
1070 0.001827 0.003718 1.000000 3.333333
1071 0.001619 0.005151 1.000000 3.333333
1072 0.000977 0.012195 1.000000 3.333333
1073 0.000846 0.017413 1.000000 3.333333
1074 0.001092 0.014204 1.000000 3.333333
1075 0.000846 0.002748 1.000000 3.333333
1076 0.000846 0.010460 1.000000 3.333333
1077 0.001544 0.010541 1.000000 3.333333
1078 0.001544 0.019089 1.000000 3.333333
1079 0.001619 0.017380 1.000000 3.333333
1080 0.000000 0.008273 1.000000 3.333333
1081 0.000846 0.019800 1.000000 3.333333
1082 0.000846 0.014706 1.000000 3.333333
1083 0.000846 0.009656 1.000000 3.333333
1084 0.000846 0.009480 1.000000 3.333333
1085 0.001827 0.023228 1.000000 3.333333
1086 0.001953 0.025507 1.000000 3.333333
1087 0.001465 0.020748 1.000000 3.333333
1088 0.001465 0.005683 1.000000 3.333333
1089 0.000000 0.014784 1.000000 3.333333
1090 0.001465 0.013382 1.000000 3.333333
1091 0.000846 0.009274 1.000000 3.333333
1092 0.001619 0.011972 1.000000 3.333333
1093 0.000691 0.019471 1.000000 3.333333
1094 0.000691 0.017883 1.000000 3.333333
1095 0.001292 0.010285 1.000000 3.333333
1096 0.001465 0.006756 1.000000 3.333333
1097 0.001196 0.012787 1.000000 3.333333
1098 0.001761 0.001656 1.000000 3.333333
1099 0.000000 0.011679 1.000000 3.333333
1100 0.000691 0.017238 1.000000 3.333333
1101 0.000691 0.017185 1.000000 3.333333
1102 0.000977 0.021781 1.000000 3.333333
1103 0.000977 0.023630 1.000000 3.333333
1104 0.000488 0.023944 1.000000 3.333333
1105 0.000691 0.024027 1.000000 2.500000
1106 0.000977 0.020014 1.000000 2.500000
1107 0.000846 0.009253 1.000000 2.500000
1108 0.000691 0.005340 1.000000 2.500000
1109 0.000691 0.002561 1.000000 2.500000
1110 0.000000 0.012547 1.000000 2.500000
1111 0.000691 0.024146 1.000000 2.500000
1112 0.000691 0.021848 1.000000 2.500000
1113 0.000691 0.015598 1.000000 2.500000
1114 0.000000 0.021342 1.000000 2.500000
1115 0.000691 0.036182 1.000000 2.500000
1116 0.001196 0.046277 1.000000 2.500000
1117 0.001465 0.044917 1.000000 2.500000
1118 0.000691 0.034531 1.000000 2.500000
1119 0.001092 0.043513 1.000000 2.000000
1120 0.001691 0.035141 1.000000 2.000000
1121 0.000691 0.036892 1.000000 2.000000
1122 0.000488 0.026375 1.000000 2.000000
1123 0.000691 0.026059 1.000000 2.000000
1124 0.001544 0.024183 1.000000 2.000000
1125 0.001196 0.021514 1.000000 1.666667
1126 0.000846 0.023232 1.000000 1.666667
1127 0.001544 0.023539 1.000000 1.666667
1128 0.001691 0.023751 1.000000 1.428571
1129 0.000977 0.018248 1.000000 1.428571
1130 0.000000 0.023819 1.000000 1.250000
1131 0.000691 0.025113 1.000000 1.250000
1132 0.000977 0.036350 1.000000 1.111111
1133 0.000488 0.032379 1.000000 1.111111
1134 0.000000 0.036622 1.000000 1.000000
1135 0.001196 0.041982 1.000000 0.909091
1136 0.000691 0.034761 1.000000 0.909091
1137 0.000488 0.025762 1.000000 0.833333
1138 0.000846 0.034182 1.000000 0.714286
1139 0.000977 0.033323 1.000000 0.666667
1140 0.000488 0.042038 1.000000 0.588235
1141 0.000977 0.051350 1.000000 0.476190
1142 0.000691 0.033175 1.000000 0.400000
1143 0.000846 0.045005 1.000000 0.370370
1144 0.000488 0.050457 1.000000 0.357143
1145 0.001196 0.057435 1.000000 0.344828
1146 0.001196 0.056858 1.000000 0.344828
1147 0.000691 0.049791 1.000000 0.333333
1148 0.000000 0.047763 1.000000 0.333333
1149 0.000488 0.051648 1.000000 0.344828
1150 0.000488 0.054865 1.000000 0.344828
1151 0.000691 0.053594 1.000000 0.344828
1152 0.000846 0.051089 1.000000 0.344828
1153 0.000691 0.053305 1.000000 0.357143
1154 0.000000 0.047527 1.000000 0.357143
1155 0.000691 0.053917 1.000000 0.370370
1156 0.000488 0.054150 1.000000 0.384615
1157 0.000691 0.057114 1.000000 0.384615
1158 0.000488 0.060751 1.000000 0.400000
1159 0.000691 0.065197 1.000000 0.416667
1160 0.000691 0.065606 1.000000 0.434783
1161 0.000000 0.060710 1.000000 0.454545
1162 0.000000 0.063223 1.000000 0.476190
1163 0.000691 0.063804 1.000000 0.476190
1164 0.000846 0.053603 1.000000 0.500000
1165 0.000000 0.054577 1.000000 0.526316
1166 0.000488 0.046893 1.000000 0.555556
1167 0.000488 0.050339 1.000000 0.555556
1168 0.000488 0.051527 1.000000 0.588235
1169 0.000000 0.053818 1.000000 0.625000
1170 0.000000 0.058315 1.000000 0.625000
1171 0.000000 0.058129 1.000000 0.666667
1172 0.000977 0.072343 1.000000 0.666667
1173 0.000846 0.073334 1.000000 0.714286
1174 0.000000 0.073203 1.000000 0.769231
1175 0.001196 0.074145 1.000000 0.769231
1176 0.000691 0.077652 1.000000 0.769231
1177 0.000691 0.072843 1.000000 0.833333
1178 0.000488 0.072944 1.000000 0.833333
1179 0.000488 0.066508 1.000000 0.909091
1180 0.000000 0.068805 1.000000 0.909091
1181 0.000691 0.068837 1.000000 0.909091
1182 0.000846 0.065556 1.000000 0.909091
1183 0.000691 0.067617 1.000000 0.909091
1184 0.000691 0.060894 1.000000 1.000000
1185 0.000977 0.069304 1.000000 1.000000
1186 0.000691 0.058155 1.000000 1.000000
1187 0.000691 0.070357 1.000000 0.909091
1188 0.001196 0.068760 1.000000 0.909091
1189 0.000691 0.070866 1.000000 0.909091
