0 1.196040 26.587711 0.001000 0.005000
1 0.488281 28.692593 0.001000 0.005000
2 1.381068 23.604620 0.001000 0.005000
3 0.690534 40.419598 0.001000 0.005000
4 0.000000 36.667210 0.001000 0.005000
5 0.690534 52.120388 0.001000 0.005000
6 0.690534 43.640663 0.001000 0.005000
7 1.381068 47.928623 0.001000 0.005000
8 0.976562 33.599545 0.001000 0.005000
9 0.690534 27.305641 0.001000 0.005000
10 0.976562 50.116268 0.001000 0.005000
11 0.000000 38.118484 0.001000 0.005000
12 0.690534 55.311752 0.001000 0.005000
13 1.691456 32.227272 0.001000 0.005000
14 0.000000 80.547211 0.001000 0.005000
15 0.845728 33.281769 0.001000 0.005000
16 0.690534 80.012787 0.001000 0.005000
17 0.976562 48.893143 0.001000 0.005000
18 0.690534 77.742676 0.001000 0.005000
19 0.976562 36.316257 0.001000 0.005000
20 0.488281 89.154274 0.001000 0.005000
21 1.826981 42.263966 0.001000 0.005000
22 0.690534 85.961327 0.001000 0.005000
23 0.845728 61.223499 0.001000 0.005000
24 0.690534 42.991955 0.001000 0.005000
25 0.690534 49.706596 0.001000 0.005000
26 1.691456 40.057110 0.001000 0.005000
27 1.091830 73.481178 0.001000 0.005000
28 0.000000 44.777100 0.001000 0.005000
29 0.488281 52.087105 0.001000 0.005000
30 0.976562 70.205627 0.001000 0.005000
31 0.000000 35.398956 0.001000 0.005000
32 0.000000 68.409859 0.001000 0.005000
33 0.690534 58.836052 0.001000 0.005000
34 0.690534 64.406128 0.001000 0.005000
35 0.690534 69.085777 0.001000 0.005000
36 0.488281 63.768562 0.001000 0.005000
37 0.000000 83.123589 0.001000 0.005000
38 0.488281 62.793655 0.001000 0.005000
39 0.488281 95.864929 0.001000 0.005000
40 0.000000 87.603279 0.001000 0.005000
41 0.488281 87.914528 0.001000 0.005000
42 0.488281 85.370125 0.001000 0.005000
43 0.488281 81.351585 0.001000 0.005000
44 0.000000 79.559319 0.001000 0.005000
45 0.690534 82.023613 0.001000 0.005000
46 0.000000 98.460449 0.001000 0.005000
47 0.000000 87.875610 0.001000 0.005000
48 0.000000 74.070107 0.001000 0.005000
49 0.000000 89.961601 0.001000 0.005000
50 0.488281 71.850098 0.001000 0.005000
51 0.690534 81.822800 0.001000 0.005000
52 0.690534 79.917938 0.001000 0.005000
53 1.291871 142.356155 0.001000 0.005000
54 1.381068 12.983719 0.001000 0.005000
55 0.488281 53.994541 0.001000 0.005000
56 0.976562 87.300095 0.001000 0.005000
57 0.690534 52.177505 0.001000 0.005000
58 0.488281 61.451084 0.001000 0.005000
59 0.488281 59.391529 0.001000 0.005000
60 0.488281 33.594563 0.001000 0.005000
61 0.690534 98.133110 0.001000 0.005000
62 0.000000 60.737724 0.001000 0.005000
63 0.690534 58.926456 0.001000 0.005000
64 0.000000 23.477015 0.001000 0.005000
65 0.488281 96.313713 0.001000 0.005000
66 0.690534 34.975567 0.001000 0.005000
67 1.544081 72.420723 0.001000 0.005000
68 0.976562 45.041916 0.001000 0.005000
69 0.690534 31.179626 0.001000 0.005000
70 0.000000 31.897808 0.001000 0.005000
71 0.000000 48.973778 0.001000 0.005000
72 0.690534 33.890011 0.001000 0.005000
73 0.690534 16.861536 0.001000 0.005000
74 0.488281 26.666786 0.001000 0.005000
75 0.000000 27.108662 0.001000 0.005000
76 0.690534 37.084694 0.001000 0.005000
77 0.488281 19.661697 0.001000 0.005000
78 0.845728 18.602371 0.001000 0.005000
79 0.488281 14.049255 0.001000 0.005000
80 0.000000 10.844636 0.001000 0.005000
81 0.000000 12.990316 0.001000 0.005000
82 0.690534 17.677874 0.001000 0.005000
83 0.845728 13.601454 0.001000 0.005000
84 1.291871 13.126948 0.001000 0.005000
85 0.690534 17.993111 0.001000 0.005000
86 0.488281 12.663800 0.001000 0.005000
87 0.845728 7.494182 0.001000 0.005000
88 0.845728 17.246885 0.001000 0.005000
89 0.000000 10.119010 0.001000 0.005000
90 0.845728 17.920294 0.001000 0.005000
91 0.976562 14.879248 0.001000 0.005000
92 0.690534 14.545301 0.001000 0.005000
93 0.690534 25.997253 0.001000 0.005000
94 0.976562 15.039412 0.001000 0.005000
95 0.976562 28.663702 0.001000 0.005000
96 0.690534 26.249792 0.001000 0.005000
97 0.000000 24.432114 0.001000 0.005000
98 0.845728 27.264765 0.001000 0.005000
99 0.690534 19.564880 0.001000 0.005000
100 0.488281 23.631725 0.001000 0.005000
101 0.690534 28.448093 0.001000 0.005000
102 1.381068 28.249594 0.001000 0.005000
103 0.488281 25.048687 0.001000 0.005000
104 0.000000 30.752659 0.001000 0.005000
105 0.000000 13.571157 0.001000 0.005000
106 0.000000 58.021748 0.001000 0.005000
107 0.690534 36.834068 0.001000 0.005000
108 1.196040 12.211883 0.001000 0.005000
109 0.690534 36.661247 0.001000 0.005000
110 0.690534 32.389244 0.001000 0.005000
111 0.690534 23.249022 0.001000 0.005000
112 0.488281 73.352074 0.001000 0.005000
113 0.488281 45.036720 0.001000 0.005000
114 0.690534 33.965954 0.001000 0.005000
115 0.000000 38.822090 0.001000 0.005000
116 1.291871 47.939255 0.001000 0.005000
117 1.196040 54.031887 0.001000 0.005000
118 0.690534 41.453850 0.001000 0.005000
119 0.845728 54.846085 0.001000 0.005000
120 0.976562 84.299126 0.001000 0.005000
121 1.291871 46.616756 0.001000 0.005000
122 0.000000 47.024757 0.001000 0.005000
123 0.000000 75.552124 0.001000 0.005000
124 0.000000 61.443386 0.001000 0.005000
125 0.690534 75.820297 0.001000 0.005000
126 0.845728 51.513931 0.001000 0.005000
127 0.845728 61.811840 0.001000 0.005000
128 0.690534 74.425545 0.001000 0.005000
129 0.690534 76.412926 0.001000 0.005000
130 0.845728 57.160473 0.001000 0.005000
131 0.690534 54.355541 0.001000 0.005000
132 0.000000 54.574078 0.001000 0.005000
133 0.690534 36.731026 0.001000 0.005000
134 0.488281 48.471165 0.001000 0.005000
135 0.000000 43.936134 0.001000 0.005000
136 0.690534 43.378059 0.001000 0.005000
137 0.488281 73.860573 0.001000 0.005000
138 0.690534 70.887215 0.001000 0.005000
139 0.845728 72.073303 0.001000 0.005000
140 0.000000 49.557281 0.001000 0.005000
141 1.196040 33.915840 0.001000 0.005000
142 0.488281 65.832413 0.001000 0.005000
143 0.845728 66.201637 0.001000 0.005000
144 0.000000 56.518227 0.001000 0.005000
145 0.690534 74.359070 0.001000 0.005000
146 0.845728 51.391209 0.001000 0.005000
147 1.196040 46.388325 0.001000 0.005000
148 0.976562 59.725857 0.001000 0.005000
149 0.845728 75.787308 0.001000 0.005000
150 0.000000 61.407490 0.001000 0.005000
151 0.976562 45.808979 0.001000 0.005000
152 0.690534 74.133278 0.001000 0.005000
153 0.690534 48.232822 0.001000 0.005000
154 0.690534 64.542328 0.001000 0.005000
155 1.826981 31.020842 0.001000 0.005000
156 0.690534 73.583878 0.001000 0.005000
157 0.000000 63.961658 0.001000 0.005000
158 1.196040 85.796776 0.001000 0.005000
159 0.488281 47.241787 0.001000 0.005000
160 0.845728 71.415726 0.001000 0.005000
161 0.690534 61.590416 0.001000 0.005000
162 0.690534 67.203285 0.001000 0.005000
163 0.488281 51.648891 0.001000 0.005000
164 0.690534 53.473495 0.001000 0.005000
165 0.000000 60.217636 0.001000 0.005000
166 0.000000 45.910553 0.001000 0.005000
167 0.488281 71.446205 0.001000 0.005000
168 0.000000 40.761776 0.001000 0.005000
169 0.000000 43.500782 0.001000 0.005000
170 0.488281 49.592281 0.001000 0.005000
171 0.000000 41.114750 0.001000 0.005000
172 0.488281 62.136063 0.001000 0.005000
173 0.000000 29.991512 0.001000 0.005000
174 0.488281 45.691807 0.001000 0.005000
175 0.000000 56.330978 0.001000 0.005000
176 0.690534 41.860958 0.001000 0.005000
177 0.690534 67.264717 0.001000 0.005000
178 0.488281 34.760605 0.001000 0.005000
179 0.000000 30.026155 0.001000 0.005000
180 0.488281 48.168427 0.001000 0.005000
181 0.000000 39.369308 0.001000 0.005000
182 0.000000 80.347366 0.001000 0.005000
183 0.000000 58.039726 0.001000 0.005000
184 0.845728 56.519466 0.001000 0.005000
185 0.000000 62.048599 0.001000 0.005000
186 0.690534 67.585388 0.001000 0.005000
187 0.000000 57.126480 0.001000 0.005000
188 0.845728 41.250031 0.001000 0.005000
189 0.000000 56.495945 0.001000 0.005000
190 0.690534 73.024712 0.001000 0.005000
191 0.976562 62.580055 0.001000 0.005000
192 0.000000 51.971394 0.001000 0.005000
193 0.690534 69.902229 0.001000 0.005000
194 0.000000 66.422279 0.001000 0.005000
195 1.291871 67.109001 0.001000 0.005000
196 0.976562 29.686899 0.001000 0.005000
197 0.845728 29.088902 0.001000 0.005000
198 0.488281 23.303179 0.001000 0.005000
199 0.488281 39.324440 0.001000 0.005000
200 0.488281 24.292097 0.001000 0.005000
201 0.000000 86.373573 0.001000 0.005000
202 0.690534 82.372574 0.001000 0.005000
203 1.091830 47.526142 0.001000 0.005000
204 0.976562 72.682388 0.001000 0.005000
205 0.488281 65.892654 0.001000 0.005000
206 1.691456 37.691204 0.001000 0.005000
207 0.488281 55.091743 0.001000 0.005000
208 0.000000 49.447838 0.001000 0.005000
209 1.760523 42.329590 0.001000 0.005000
210 0.976562 54.247383 0.001000 0.005000
211 0.690534 45.904556 0.001000 0.005000
212 0.845728 80.172653 0.001000 0.005000
213 0.690534 34.140884 0.001000 0.005000
214 1.196040 36.240322 0.001000 0.005000
215 2.183661 36.473919 0.001000 0.005000
216 0.845728 32.478836 0.001000 0.005000
217 0.845728 42.576744 0.001000 0.005000
218 1.544081 27.895803 0.001000 0.005000
219 1.196040 35.063774 0.001000 0.005000
220 0.488281 44.346943 0.001000 0.005000
221 0.000000 32.436577 0.001000 0.005000
222 0.488281 34.072617 0.001000 0.005000
223 0.000000 57.934044 0.001000 0.005000
224 0.976562 28.668283 0.001000 0.005000
225 0.845728 46.974823 0.001000 0.005000
226 0.488281 36.734112 0.001000 0.005000
227 0.000000 22.381680 0.001000 0.005000
228 0.000000 32.567070 0.001000 0.005000
229 0.488281 53.040096 0.001000 0.005000
230 0.000000 23.838034 0.001000 0.005000
231 1.091830 40.675144 0.001000 0.005000
232 0.845728 27.278357 0.001000 0.005000
233 0.488281 20.233679 0.001000 0.005000
234 1.381068 42.799099 0.001000 0.005000
235 0.690534 44.579453 0.001000 0.005000
236 0.488281 34.086521 0.001000 0.005000
237 0.488281 40.796120 0.001000 0.005000
238 0.690534 28.321716 0.001000 0.005000
239 0.976562 29.361013 0.001000 0.005000
240 0.488281 41.477131 0.001000 0.005000
241 1.291871 39.246937 0.001000 0.005000
242 1.091830 35.977581 0.001000 0.005000
243 0.690534 39.047421 0.001000 0.005000
244 0.976562 30.617113 0.001000 0.005000
245 1.544081 40.997398 0.001000 0.005000
246 1.381068 46.026253 0.001000 0.005000
247 0.976562 37.141850 0.001000 0.005000
248 0.976562 53.605274 0.001000 0.005000
249 0.690534 32.579857 0.001000 0.005000
250 0.488281 39.487011 0.001000 0.005000
251 0.690534 37.070297 0.001000 0.005000
252 0.000000 40.247147 0.001000 0.005000
253 0.488281 36.920280 0.001000 0.005000
254 0.488281 29.914454 0.001000 0.005000
255 1.091830 36.717705 0.001000 0.005000
256 0.845728 30.402592 0.001000 0.005000
257 1.196040 63.168522 0.001000 0.005000
258 0.690534 51.563190 0.001000 0.005000
259 0.488281 24.536362 0.001000 0.005000
260 0.488281 43.701004 0.001000 0.005000
261 0.488281 24.465719 0.001000 0.005000
262 0.000000 54.576908 0.001000 0.005000
263 0.000000 55.303303 0.001000 0.005000
264 0.690534 34.639751 0.001000 0.005000
265 1.091830 49.910023 0.001000 0.005000
266 0.976562 64.887459 0.001000 0.005000
267 0.000000 32.466858 0.001000 0.005000
268 0.488281 66.511131 0.001000 0.005000
269 0.690534 56.974491 0.001000 0.005000
270 0.000000 47.758091 0.001000 0.005000
271 0.488281 29.060684 0.001000 0.005000
272 0.000000 26.766737 0.001000 0.005000
273 0.000000 45.780159 0.001000 0.005000
274 0.000000 35.325909 0.001000 0.005000
275 0.690534 47.061665 0.001000 0.005000
276 0.488281 99.366737 0.001000 0.005000
277 0.690534 38.355110 0.001000 0.005000
278 1.291871 73.982986 0.001000 0.005000
279 0.690534 58.694992 0.001000 0.005000
280 0.000000 46.395493 0.001000 0.005000
281 0.690534 44.705772 0.001000 0.005000
282 0.000000 42.960514 0.001000 0.005000
283 0.690534 56.476578 0.001000 0.005000
284 0.845728 48.369038 0.001000 0.005000
285 0.976562 88.790215 0.001000 0.005000
286 0.488281 138.682648 0.001000 0.005000
287 0.488281 115.136566 0.001000 0.005000
288 0.488281 69.608757 0.001000 0.005000
289 0.000000 67.551910 0.001000 0.005000
290 0.690534 51.954781 0.001000 0.005000
291 0.000000 57.977810 0.001000 0.005000
292 1.091830 49.742970 0.001000 0.005000
293 0.845728 90.153580 0.001000 0.005000
294 0.000000 91.712547 0.001000 0.005000
295 0.845728 55.383190 0.001000 0.005000
296 0.690534 36.863884 0.001000 0.005000
297 1.291871 72.281036 0.001000 0.005000
298 0.976562 52.587280 0.001000 0.005000
299 0.976562 74.038933 0.001000 0.005000
300 0.976562 82.773651 0.001000 0.005000
301 0.000000 92.779732 0.001000 0.005000
302 1.091830 54.275311 0.001000 0.005000
303 0.488281 33.377819 0.001000 0.005000
304 0.845728 50.155399 0.001000 0.005000
305 0.000000 50.665192 0.001000 0.005000
306 0.690534 26.848652 0.001000 0.005000
307 0.976562 40.962845 0.001000 0.005000
308 0.845728 44.017380 0.001000 0.005000
309 0.976562 45.513618 0.001000 0.005000
310 0.976562 64.961876 0.001000 0.005000
311 0.976562 37.991447 0.001000 0.005000
312 0.000000 45.108593 0.001000 0.005000
313 0.488281 50.429150 0.001000 0.005000
314 0.845728 45.596527 0.001000 0.005000
315 0.000000 36.003933 0.001000 0.005000
316 0.690534 50.695000 0.001000 0.005000
317 0.000000 42.532700 0.001000 0.005000
318 0.690534 67.326988 0.001000 0.005000
319 0.690534 41.188961 0.001000 0.005000
320 0.000000 48.873035 0.001000 0.005000
321 0.976562 25.447809 0.001000 0.005000
322 0.976562 57.450218 0.001000 0.005000
323 0.690534 49.297554 0.001000 0.005000
324 0.488281 21.640738 0.001000 0.005000
325 0.976562 63.162205 0.001000 0.005000
326 1.544081 47.489056 0.001000 0.005000
327 0.845728 46.780449 0.001000 0.005000
328 0.690534 49.265915 0.001000 0.005000
329 0.976562 32.770470 0.001000 0.005000
330 0.000000 49.077431 0.001000 0.005000
331 0.690534 30.122585 0.001000 0.005000
332 1.091830 30.683451 0.001000 0.005000
333 0.845728 28.413427 0.001000 0.005000
334 0.488281 38.114819 0.001000 0.005000
335 0.976562 30.370636 0.001000 0.005000
336 0.000000 35.950043 0.001000 0.005000
337 0.690534 50.830757 0.001000 0.005000
338 0.690534 43.121735 0.001000 0.005000
339 1.091830 45.879986 0.001000 0.005000
340 1.091830 51.460789 0.001000 0.005000
341 0.488281 34.403385 0.001000 0.005000
342 1.091830 33.647114 0.001000 0.005000
343 0.690534 40.491894 0.001000 0.005000
344 0.690534 55.226765 0.001000 0.005000
345 0.000000 63.187187 0.001000 0.005000
346 0.976562 59.767170 0.001000 0.005000
347 0.690534 34.240879 0.001000 0.005000
348 0.845728 66.100250 0.001000 0.005000
349 0.690534 33.121769 0.001000 0.005000
350 0.000000 35.188309 0.001000 0.005000
351 0.488281 32.933918 0.001000 0.005000
352 0.488281 41.942894 0.001000 0.005000
353 0.488281 28.343700 0.001000 0.005000
354 0.000000 32.472744 0.001000 0.005000
355 0.690534 36.515308 0.001000 0.005000
356 0.976562 57.563492 0.001000 0.005000
357 0.690534 43.476807 0.001000 0.005000
358 0.690534 42.016575 0.001000 0.005000
359 0.000000 51.359432 0.001000 0.005000
360 1.091830 50.858940 0.001000 0.005000
361 0.690534 56.346355 0.001000 0.005000
362 0.000000 37.052532 0.001000 0.005000
363 0.000000 63.459534 0.001000 0.005000
364 0.488281 44.997780 0.001000 0.005000
365 0.690534 33.613731 0.001000 0.005000
366 0.000000 32.692448 0.001000 0.005000
367 1.091830 77.133629 0.001000 0.005000
368 0.488281 74.807281 0.001000 0.005000
369 0.000000 65.578079 0.001000 0.005000
370 0.845728 87.121376 0.001000 0.005000
371 0.488281 46.072231 0.001000 0.005000
372 0.690534 57.467896 0.001000 0.005000
373 0.488281 52.000717 0.001000 0.005000
374 0.000000 78.880470 0.001000 0.005000
375 1.291871 60.675220 0.001000 0.005000
376 0.000000 58.628235 0.001000 0.005000
377 0.488281 42.681423 0.001000 0.005000
378 0.000000 43.568977 0.001000 0.005000
379 0.488281 45.435303 0.001000 0.005000
380 0.488281 30.621412 0.001000 0.005000
381 0.488281 43.690727 0.001000 0.005000
382 1.291871 46.745651 0.001000 0.005000
383 0.488281 34.404385 0.001000 0.005000
384 1.196040 46.071320 0.001000 0.005000
385 0.488281 33.987705 0.001000 0.005000
386 0.845728 67.933037 0.001000 0.005000
387 0.488281 47.383591 0.001000 0.005000
388 0.845728 43.611851 0.001000 0.005000
389 1.381068 69.456497 0.001000 0.005000
390 0.976562 38.222347 0.001000 0.005000
391 0.845728 69.811531 0.001000 0.005000
392 0.488281 34.912903 0.001000 0.005000
393 1.196040 37.719376 0.001000 0.005000
394 1.091830 28.534872 0.001000 0.005000
395 1.291871 40.825794 0.001000 0.005000
396 1.091830 33.816238 0.001000 0.005000
397 0.488281 57.784470 0.001000 0.005000
398 0.976562 32.058002 0.001000 0.005000
399 0.845728 38.708851 0.001000 0.005000
400 0.690534 66.381042 0.001000 0.005000
401 0.488281 42.715603 0.001000 0.005000
402 0.488281 48.124523 0.001000 0.005000
403 0.690534 48.908997 0.001000 0.005000
404 0.488281 38.350872 0.001000 0.005000
405 0.690534 44.562920 0.001000 0.005000
406 0.000000 44.695850 0.001000 0.005000
407 0.845728 51.930233 0.001000 0.005000
408 0.845728 39.814137 0.001000 0.005000
409 1.544081 40.919521 0.001000 0.005000
410 0.690534 37.735561 0.001000 0.005000
411 0.690534 37.919090 0.001000 0.005000
412 0.690534 51.422184 0.001000 0.005000
413 0.000000 45.468842 0.001000 0.005000
414 0.845728 33.025784 0.001000 0.005000
415 0.488281 45.918900 0.001000 0.005000
416 0.690534 42.110046 0.001000 0.005000
417 0.488281 34.997211 0.001000 0.005000
418 0.488281 38.171001 0.001000 0.005000
419 0.690534 38.779339 0.001000 0.005000
420 0.488281 40.014576 0.001000 0.005000
421 1.291871 42.711887 0.001000 0.005000
422 0.488281 29.042522 0.001000 0.005000
423 0.000000 37.147655 0.001000 0.005000
424 0.690534 54.691093 0.001000 0.005000
425 0.976562 45.083393 0.001000 0.005000
426 0.690534 33.621548 0.001000 0.005000
427 0.000000 47.463707 0.001000 0.005000
428 0.690534 66.832359 0.001000 0.005000
429 0.690534 44.690983 0.001000 0.005000
430 0.000000 49.845776 0.001000 0.005000
431 0.000000 53.713840 0.001000 0.005000
432 0.488281 37.386120 0.001000 0.005000
433 0.488281 40.122696 0.001000 0.005000
434 0.488281 45.776695 0.001000 0.005000
435 0.488281 41.988926 0.001000 0.005000
436 0.690534 41.789795 0.001000 0.005000
437 0.976562 48.281258 0.001000 0.005000
438 0.000000 63.824055 0.001000 0.005000
439 0.488281 45.257992 0.001000 0.005000
440 0.976562 35.320370 0.001000 0.005000
441 1.464844 72.721275 0.001000 0.005000
442 0.976562 36.417099 0.001000 0.005000
443 0.690534 41.650772 0.001000 0.005000
444 0.488281 56.278412 0.001000 0.005000
445 0.690534 41.050426 0.001000 0.005000
446 0.488281 41.839054 0.001000 0.005000
447 0.000000 64.236877 0.001000 0.005000
448 0.000000 105.771484 0.001000 0.005000
449 0.488281 37.161018 0.001000 0.005000
450 0.000000 63.177979 0.001000 0.005000
451 0.845728 40.148563 0.001000 0.005000
452 1.196040 41.010502 0.001000 0.005000
453 0.845728 50.527699 0.001000 0.005000
454 0.488281 44.159084 0.001000 0.005000
455 0.976562 43.703857 0.001000 0.005000
456 0.690534 39.176548 0.001000 0.005000
457 0.690534 35.236244 0.001000 0.005000
458 0.000000 31.798008 0.001000 0.005000
459 0.488281 35.942371 0.001000 0.005000
460 0.488281 62.011932 0.001000 0.005000
461 0.000000 61.070774 0.001000 0.005000
462 0.000000 52.010551 0.001000 0.005000
463 0.845728 61.140362 0.001000 0.005000
464 0.000000 43.714306 0.001000 0.005000
465 0.000000 38.393986 0.001000 0.005000
466 1.091830 44.413914 0.001000 0.005000
467 0.690534 38.167286 0.001000 0.005000
468 0.488281 33.729153 0.001000 0.005000
469 0.690534 42.212502 0.001000 0.005000
470 0.976562 38.242252 0.001000 0.005000
471 0.690534 29.950693 0.001000 0.005000
472 0.488281 36.914028 0.001000 0.005000
473 0.000000 50.596241 0.001000 0.005000
474 0.690534 60.865242 0.001000 0.005000
475 0.488281 46.098553 0.001000 0.005000
476 0.845728 42.859509 0.001000 0.005000
477 0.976562 29.584169 0.001000 0.005000
478 1.091830 46.961128 0.001000 0.005000
479 0.000000 57.101463 0.001000 0.005000
480 0.845728 33.628098 0.001000 0.005000
481 1.619446 47.384079 0.001000 0.005000
482 0.488281 46.177643 0.001000 0.005000
483 0.690534 54.477989 0.001000 0.005000
484 0.488281 26.290428 0.001000 0.005000
485 0.488281 64.306259 0.001000 0.005000
486 0.000000 42.328056 0.001000 0.005000
487 1.196040 35.848850 0.001000 0.005000
488 1.381068 62.415222 0.001000 0.005000
489 0.000000 50.340824 0.001000 0.005000
490 0.488281 39.587494 0.001000 0.005000
491 0.000000 34.862583 0.001000 0.005000
492 0.690534 32.656105 0.001000 0.005000
493 0.690534 44.763340 0.001000 0.005000
494 0.000000 72.175003 0.001000 0.005000
495 0.000000 41.558815 0.001000 0.005000
496 0.000000 66.178108 0.001000 0.005000
497 0.488281 46.867706 0.001000 0.005000
498 0.690534 42.275074 0.001000 0.005000
499 1.291871 56.707237 0.001000 0.005000
500 0.690534 93.886589 0.001000 0.005000
501 0.690534 62.553410 0.001000 0.005000
502 0.976562 46.722294 0.001000 0.005000
503 0.845728 60.285137 0.001000 0.005000
504 0.976562 52.293320 0.001000 0.005000
505 0.690534 41.498291 0.001000 0.005000
506 0.000000 71.140297 0.001000 0.005000
507 0.845728 59.253922 0.001000 0.005000
508 0.488281 34.521053 0.001000 0.005000
509 0.488281 46.945774 0.001000 0.005000
510 0.000000 45.422520 0.001000 0.005000
511 0.000000 37.080666 0.001000 0.005000
512 0.690534 47.532204 0.001000 0.005000
513 0.690534 77.452538 0.001000 0.005000
514 0.000000 73.472458 0.001000 0.005000
515 0.488281 80.109512 0.001000 0.005000
516 0.845728 85.258064 0.001000 0.005000
517 0.845728 74.694077 0.001000 0.005000
518 0.000000 112.973930 0.001000 0.005000
519 0.690534 95.202034 0.001000 0.005000
520 1.196040 43.290127 0.001000 0.005000
521 0.690534 68.746849 0.001000 0.005000
522 1.291871 49.539482 0.001000 0.005000
523 0.488281 57.049252 0.001000 0.005000
524 0.000000 55.452065 0.001000 0.005000
525 0.690534 77.173759 0.001000 0.005000
526 0.690534 55.357555 0.001000 0.005000
527 0.000000 47.410446 0.001000 0.005000
528 0.976562 59.891899 0.001000 0.005000
529 0.845728 47.146614 0.001000 0.005000
530 0.488281 37.698704 0.001000 0.005000
531 0.000000 44.595863 0.001000 0.005000
532 0.000000 58.814262 0.001000 0.005000
533 0.690534 68.804131 0.001000 0.005000
534 0.488281 60.032116 0.001000 0.005000
535 0.000000 106.868507 0.001000 0.005000
536 0.976562 47.451473 0.001000 0.005000
537 0.488281 68.520027 0.001000 0.005000
538 0.488281 62.094231 0.001000 0.005000
539 0.000000 61.750080 0.001000 0.005000
540 0.488281 62.744926 0.001000 0.005000
541 0.845728 55.425526 0.001000 0.005000
542 0.976562 94.844666 0.001000 0.005000
543 0.000000 56.804855 0.001000 0.005000
544 0.690534 68.553612 0.001000 0.005000
545 0.488281 66.786888 0.001000 0.005000
546 0.690534 55.430477 0.001000 0.005000
547 0.000000 65.012611 0.001000 0.005000
548 0.976562 45.629253 0.001000 0.005000
549 0.690534 43.382832 0.001000 0.005000
550 0.976562 46.547119 0.001000 0.005000
551 0.690534 77.776154 0.001000 0.005000
552 0.690534 34.323895 0.001000 0.005000
553 1.091830 60.507572 0.001000 0.005000
554 0.000000 36.769585 0.001000 0.005000
555 1.291871 40.359718 0.001000 0.005000
556 1.826981 41.523388 0.001000 0.005000
557 1.091830 83.635529 0.001000 0.005000
558 0.488281 77.169998 0.001000 0.005000
559 1.091830 56.495052 0.001000 0.005000
560 0.000000 70.744164 0.001000 0.005000
561 0.000000 101.017380 0.001000 0.005000
562 0.845728 132.097321 0.001000 0.005000
563 0.845728 33.174442 0.001000 0.005000
564 0.000000 60.940811 0.001000 0.005000
565 0.845728 26.895229 0.001000 0.005000
566 0.690534 27.832094 0.001000 0.005000
567 0.000000 76.505028 0.001000 0.005000
568 0.000000 84.903191 0.001000 0.005000
569 0.488281 61.651783 0.001000 0.005000
570 0.488281 80.108864 0.001000 0.005000
571 0.845728 172.210220 0.001000 0.005000
572 0.000000 116.137032 0.001000 0.005000
573 0.690534 95.288055 0.001000 0.005000
574 0.000000 41.912998 0.001000 0.005000
575 0.000000 64.579605 0.001000 0.005000
576 0.000000 47.489414 0.001000 0.005000
577 0.000000 74.606560 0.001000 0.005000
578 0.000000 81.524979 0.001000 0.005000
579 0.690534 109.296875 0.001000 0.005000
580 0.690534 73.808624 0.001000 0.005000
581 0.000000 45.958530 0.001000 0.005000
582 0.488281 49.906296 0.001000 0.005000
583 0.000000 32.621769 0.001000 0.005000
584 0.690534 39.451939 0.001000 0.005000
585 0.000000 31.205494 0.001000 0.005000
586 0.690534 34.698875 0.001000 0.005000
587 0.000000 53.995674 0.001000 0.005000
588 0.845728 98.519394 0.001000 0.005000
589 0.488281 161.692841 0.001000 0.005000
590 0.690534 54.967426 0.001000 0.005000
591 1.544081 69.565620 0.001000 0.005000
592 1.196040 71.607361 0.001000 0.005000
593 0.488281 47.742165 0.001000 0.005000
594 0.488281 43.398666 0.001000 0.005000
595 0.488281 117.305656 0.001000 0.005000
596 0.976562 77.432999 0.001000 0.005000
597 0.976562 31.326897 0.001000 0.005000
598 0.488281 44.108944 0.001000 0.005000
599 0.488281 71.102615 0.001000 0.005000
600 0.000000 51.899399 0.001000 0.005000
601 0.690534 60.647907 0.001000 0.005000
602 0.690534 41.790119 0.001000 0.005000
603 0.000000 50.091373 0.001000 0.005000
604 0.000000 44.711597 0.001000 0.005000
605 0.000000 60.055801 0.001000 0.005000
606 0.000000 70.143333 0.001000 0.005000
607 0.976562 52.688744 0.001000 0.005000
608 0.488281 32.013737 0.001000 0.005000
609 0.000000 50.524807 0.001000 0.005000
610 0.000000 76.019524 0.001000 0.005000
611 0.488281 44.623901 0.001000 0.005000
612 0.690534 67.368195 0.001000 0.005000
613 0.000000 63.934471 0.001000 0.005000
614 0.488281 47.848686 0.001000 0.005000
615 0.690534 84.467590 0.001000 0.005000
616 0.690534 58.481514 0.001000 0.005000
617 0.000000 65.244804 0.001000 0.005000
618 0.000000 73.274879 0.001000 0.005000
619 0.976562 17.209414 0.001000 0.005000
620 0.976562 80.232185 0.001000 0.005000
621 0.976562 49.257458 0.001000 0.005000
622 0.976562 47.013718 0.001000 0.005000
623 0.000000 72.760193 0.001000 0.005000
624 0.845728 68.842232 0.001000 0.005000
625 0.690534 57.640743 0.001000 0.005000
626 0.488281 88.592926 0.001000 0.005000
627 0.000000 99.711861 0.001000 0.005000
628 0.000000 35.628181 0.001000 0.005000
629 0.690534 95.449028 0.001000 0.005000
630 0.976562 70.943260 0.001000 0.005000
631 0.488281 38.593758 0.001000 0.005000
632 1.196040 33.286320 0.001000 0.005000
633 0.488281 38.789890 0.001000 0.005000
634 0.000000 28.364391 0.001000 0.005000
635 0.976562 32.082706 0.001000 0.005000
636 0.690534 38.774673 0.001000 0.005000
637 0.976562 53.787987 0.001000 0.005000
638 0.690534 72.717262 0.001000 0.005000
639 0.000000 73.042305 0.001000 0.005000
640 0.000000 46.548050 0.001000 0.005000
641 0.000000 41.493412 0.001000 0.005000
642 0.690534 36.974575 0.001000 0.005000
643 0.845728 60.055462 0.001000 0.005000
644 0.000000 53.607128 0.001000 0.005000
645 0.488281 36.905373 0.001000 0.005000
646 0.000000 48.167023 0.001000 0.005000
647 0.690534 65.306099 0.001000 0.005000
648 0.976562 73.443420 0.001000 0.005000
649 0.000000 36.142609 0.001000 0.005000
650 0.000000 30.540209 0.001000 0.005000
651 0.690534 52.834057 0.001000 0.005000
652 0.000000 41.936573 0.001000 0.005000
653 0.000000 38.049946 0.001000 0.005000
654 0.488281 45.760128 0.001000 0.005000
655 0.690534 32.219387 0.001000 0.005000
656 0.000000 56.707298 0.001000 0.005000
657 0.690534 36.230129 0.001000 0.005000
658 0.488281 33.425575 0.001000 0.005000
659 0.488281 20.571831 0.001000 0.005000
660 0.000000 49.223656 0.001000 0.005000
661 0.690534 48.101540 0.001000 0.005000
662 0.690534 48.642952 0.001000 0.005000
663 0.000000 65.562599 0.001000 0.005000
664 0.000000 52.723400 0.001000 0.005000
665 0.690534 40.589520 0.001000 0.005000
666 0.000000 50.769501 0.001000 0.005000
667 0.690534 49.079735 0.001000 0.005000
668 0.690534 63.647541 0.001000 0.005000
669 0.488281 44.625656 0.001000 0.005000
670 0.845728 98.080772 0.001000 0.005000
671 0.690534 53.915474 0.001000 0.005000
672 0.690534 73.169243 0.001000 0.005000
673 0.000000 33.393654 0.001000 0.005000
674 0.000000 51.697517 0.001000 0.005000
675 0.690534 37.046230 0.001000 0.005000
676 0.845728 36.735825 0.001000 0.005000
677 0.488281 32.097946 0.001000 0.005000
678 0.000000 37.212864 0.001000 0.005000
679 0.690534 71.237328 0.001000 0.005000
680 0.488281 29.925827 0.001000 0.005000
681 0.488281 44.818901 0.001000 0.005000
682 0.488281 36.915646 0.001000 0.005000
683 0.845728 53.108829 0.001000 0.005000
684 0.488281 31.447866 0.001000 0.005000
685 0.845728 38.364334 0.001000 0.005000
686 0.000000 32.377186 0.001000 0.005000
687 0.690534 40.303455 0.001000 0.005000
688 0.488281 49.527287 0.001000 0.005000
689 0.690534 68.423393 0.001000 0.005000
690 0.690534 60.895638 0.001000 0.005000
691 1.091830 55.689964 0.001000 0.005000
692 0.690534 51.178535 0.001000 0.005000
693 0.690534 86.357552 0.001000 0.005000
694 0.488281 47.524193 0.001000 0.005000
695 0.690534 55.239628 0.001000 0.005000
696 0.488281 82.892509 0.001000 0.005000
697 0.000000 53.548523 0.001000 0.005000
698 1.196040 53.266079 0.001000 0.005000
699 0.976562 92.641434 0.001000 0.005000
700 1.619446 49.096634 0.001000 0.005000
701 0.000000 58.905743 0.001000 0.005000
702 1.381068 62.354218 0.001000 0.005000
703 0.690534 70.780510 0.001000 0.005000
704 0.488281 45.236084 0.001000 0.005000
705 0.000000 65.963036 0.001000 0.005000
706 0.488281 77.015999 0.001000 0.005000
707 0.690534 75.824211 0.001000 0.005000
708 1.091830 113.079674 0.001000 0.005000
709 0.488281 54.779957 0.001000 0.005000
710 0.690534 58.694435 0.001000 0.005000
711 0.690534 57.188450 0.001000 0.005000
712 0.690534 86.793159 0.001000 0.005000
713 1.091830 59.998245 0.001000 0.005000
714 0.488281 37.298218 0.001000 0.005000
715 0.488281 83.967209 0.001000 0.005000
716 0.690534 104.609856 0.001000 0.005000
717 0.845728 78.134926 0.001000 0.005000
718 1.091830 98.466377 0.001000 0.005000
719 0.690534 90.348801 0.001000 0.005000
720 0.488281 89.254356 0.001000 0.005000
721 0.690534 44.952755 0.001000 0.005000
722 0.488281 48.409294 0.001000 0.005000
723 0.690534 78.545631 0.001000 0.005000
724 0.488281 40.818592 0.001000 0.005000
725 0.000000 40.625385 0.001000 0.005000
726 1.091830 46.756340 0.001000 0.005000
727 1.291871 44.153610 0.001000 0.005000
728 0.488281 36.483017 0.001000 0.005000
729 0.976562 58.083057 0.001000 0.005000
730 0.488281 29.342707 0.001000 0.005000
731 0.488281 44.213921 0.001000 0.005000
732 0.845728 126.466072 0.001000 0.005000
733 0.976562 65.103302 0.001000 0.005000
734 0.690534 78.649498 0.001000 0.005000
735 0.690534 42.220833 0.001000 0.005000
736 0.488281 44.646618 0.001000 0.005000
737 0.000000 87.402908 0.001000 0.005000
738 0.690534 32.151089 0.001000 0.005000
739 0.690534 68.491478 0.001000 0.005000
740 0.690534 58.547485 0.001000 0.005000
741 0.000000 52.063526 0.001000 0.005000
742 0.488281 62.242729 0.001000 0.005000
743 0.000000 46.864971 0.001000 0.005000
744 0.845728 68.238098 0.001000 0.005000
745 0.000000 63.630661 0.001000 0.005000
746 0.690534 29.760973 0.001000 0.005000
747 0.690534 67.949661 0.001000 0.005000
748 0.000000 47.519512 0.001000 0.005000
749 0.000000 50.101765 0.001000 0.005000
750 0.000000 56.552448 0.001000 0.005000
751 0.488281 39.446781 0.001000 0.005000
752 0.488281 45.093990 0.001000 0.005000
753 0.000000 67.924965 0.001000 0.005000
754 0.000000 34.061806 0.001000 0.005000
755 0.000000 37.232716 0.001000 0.005000
756 0.488281 64.182503 0.001000 0.005000
757 0.488281 42.386417 0.001000 0.005000
758 0.488281 38.768730 0.001000 0.005000
759 0.000000 29.685596 0.001000 0.005000
760 0.000000 45.508938 0.001000 0.005000
761 0.488281 44.879963 0.001000 0.005000
762 0.000000 30.616673 0.001000 0.005000
763 0.000000 54.258617 0.001000 0.005000
764 0.488281 45.007957 0.001000 0.005000
765 0.488281 60.704365 0.001000 0.005000
766 0.000000 51.087059 0.001000 0.005000
767 0.488281 37.670589 0.001000 0.005000
768 0.000000 51.568188 0.001000 0.005000
769 0.488281 27.909660 0.001000 0.005000
770 0.488281 47.579487 0.001000 0.005000
771 0.000000 62.893181 0.001000 0.005000
772 0.488281 24.505947 0.001000 0.005000
773 0.000000 36.990791 0.001000 0.005000
774 0.000000 49.355724 0.001000 0.005000
775 0.690534 70.458572 0.001000 0.005000
776 0.000000 53.353252 0.001000 0.005000
777 0.000000 71.295364 0.001000 0.005000
778 0.690534 41.740150 0.001000 0.005000
779 0.488281 62.000160 0.001000 0.005000
780 0.690534 24.354877 0.001000 0.005000
781 0.488281 33.132465 0.001000 0.005000
782 0.000000 40.039341 0.001000 0.005000
783 0.000000 34.032570 0.001000 0.005000
784 0.488281 29.608263 0.001000 0.005000
785 0.845728 27.707563 0.001000 0.005000
786 0.488281 34.101395 0.001000 0.005000
787 0.000000 50.611900 0.001000 0.005000
788 0.488281 44.609810 0.001000 0.005000
789 0.690534 28.849861 0.001000 0.005000
790 0.690534 24.160288 0.001000 0.005000
791 0.488281 22.840372 0.001000 0.005000
792 0.976562 36.951691 0.001000 0.005000
793 0.488281 52.188618 0.001000 0.005000
794 0.488281 24.060316 0.001000 0.005000
795 0.690534 37.770412 0.001000 0.005000
796 0.690534 28.941658 0.001000 0.005000
797 0.488281 20.848017 0.001000 0.005000
798 0.976562 29.271757 0.001000 0.005000
799 0.488281 24.693766 0.001000 0.005000
800 0.000000 38.727154 0.001000 0.005000
801 0.488281 28.412556 0.001000 0.005000
802 0.488281 38.217594 0.001000 0.005000
803 2.489756 22.301842 0.001000 0.005000
804 3.088163 47.185249 0.001000 0.005000
805 0.845728 31.166998 0.001000 0.005000
806 1.544081 27.010077 0.001000 0.005000
807 0.976562 24.164785 0.001000 0.005000
808 0.000000 23.499243 0.001000 0.005000
809 0.488281 32.696266 0.001000 0.005000
810 0.845728 38.301521 0.001000 0.005000
811 0.690534 34.527878 0.001000 0.005000
812 0.000000 40.836872 0.001000 0.005000
813 0.690534 40.574467 0.001000 0.005000
814 0.000000 24.299522 0.001000 0.005000
815 0.488281 18.495064 0.001000 0.005000
816 0.000000 24.416933 0.001000 0.005000
817 0.000000 21.838116 0.001000 0.005000
818 0.690534 19.661007 0.001000 0.005000
819 0.000000 26.934309 0.001000 0.005000
820 0.976562 14.642821 0.001000 0.005000
821 0.690534 16.421919 0.001000 0.005000
822 0.690534 30.202169 0.001000 0.005000
823 0.690534 32.568481 0.001000 0.005000
824 0.000000 19.713541 0.001000 0.005000
825 0.000000 51.573769 0.001000 0.005000
826 0.690534 18.897364 0.001000 0.005000
827 0.000000 30.750994 0.001000 0.005000
828 0.690534 40.603619 0.001000 0.005000
829 0.000000 26.994680 0.001000 0.005000
830 1.381068 18.447405 0.001000 0.005000
831 0.976562 21.938633 0.001000 0.005000
832 0.000000 106.394630 0.001000 0.005000
833 0.690534 69.432831 0.001000 0.005000
834 0.000000 63.930531 0.001000 0.005000
835 0.976562 48.556919 0.001000 0.005000
836 0.690534 51.648285 0.001000 0.005000
837 0.690534 32.113956 0.001000 0.005000
838 0.845728 26.297459 0.001000 0.005000
839 0.976562 46.170918 0.001000 0.005000
840 0.976562 41.986404 0.001000 0.005000
841 1.381068 26.403028 0.001000 0.005000
842 1.826981 16.324560 0.001000 0.005000
843 0.976562 13.592142 0.001000 0.005000
844 1.544081 33.497417 0.001000 0.005000
845 0.845728 5.161181 0.001000 0.005000
846 0.000000 38.123840 0.001000 0.005000
847 0.488281 49.746178 0.001000 0.005000
848 0.488281 27.864519 0.001000 0.005000
849 0.488281 23.506840 0.001000 0.005000
850 0.690534 65.683922 0.001000 0.005000
851 0.488281 27.458134 0.001000 0.005000
852 0.000000 32.858227 0.001000 0.005000
853 0.488281 33.199871 0.001000 0.005000
854 0.690534 25.181179 0.001000 0.005000
855 0.000000 45.920918 0.001000 0.005000
856 0.488281 20.684654 0.001000 0.005000
857 0.690534 17.895834 0.001000 0.005000
858 0.000000 24.546431 0.001000 0.005000
859 0.000000 24.423737 0.001000 0.005000
860 0.690534 26.032768 0.001000 0.005000
861 0.000000 19.373596 0.001000 0.005000
862 0.845728 15.883101 0.001000 0.005000
863 0.488281 21.021887 0.001000 0.005000
864 0.000000 55.952885 0.001000 0.005000
865 0.488281 34.321072 0.001000 0.005000
866 0.000000 38.191936 0.001000 0.005000
867 0.690534 15.338276 0.001000 0.005000
868 0.000000 34.116268 0.001000 0.005000
869 1.196040 24.170166 0.001000 0.005000
870 0.845728 25.285669 0.001000 0.005000
871 0.488281 82.230553 0.001000 0.005000
872 0.488281 22.743990 0.001000 0.005000
873 0.690534 43.645035 0.001000 0.005000
874 0.488281 28.394846 0.001000 0.005000
875 0.690534 31.998241 0.001000 0.005000
876 0.690534 12.781317 0.001000 0.005000
877 0.488281 6.900863 0.001000 0.005000
878 0.690534 12.545416 0.001000 0.005000
879 0.000000 12.699727 0.001000 0.005000
880 0.000000 16.014582 0.001000 0.005000
881 0.000000 34.969612 0.001000 0.005000
882 0.690534 11.695835 0.001000 0.005000
883 0.488281 25.623709 0.001000 0.005000
884 0.000000 20.240435 0.001000 0.005000
885 0.690534 24.241863 0.001000 0.005000
886 0.690534 21.170748 0.001000 0.005000
887 1.691456 17.142782 0.001000 0.005000
888 1.760523 16.628893 0.001000 0.005000
889 0.976562 48.549118 0.001000 0.005000
890 0.488281 34.279701 0.001000 0.005000
891 0.690534 26.465376 0.001000 0.005000
892 1.091830 43.775936 0.001000 0.005000
893 0.000000 19.382685 0.001000 0.005000
894 0.000000 67.955589 0.001000 0.005000
895 0.488281 34.373878 0.001000 0.005000
896 0.690534 14.745810 0.001000 0.005000
897 0.000000 58.833511 0.001000 0.005000
898 0.488281 37.491905 0.001000 0.005000
899 0.000000 17.344456 0.001000 0.005000
900 0.845728 44.926712 0.001000 0.005000
901 0.488281 17.799135 0.001000 0.005000
902 0.000000 68.376434 0.001000 0.005000
903 0.976562 37.288136 0.001000 0.005000
904 0.845728 57.675869 0.001000 0.005000
905 0.000000 51.707176 0.001000 0.005000
906 0.000000 40.867622 0.001000 0.005000
907 0.000000 15.143559 0.001000 0.005000
908 0.488281 56.771629 0.001000 0.005000
909 0.000000 20.646679 0.001000 0.005000
910 0.690534 65.004951 0.001000 0.005000
911 0.690534 47.270634 0.001000 0.005000
912 0.845728 27.066332 0.001000 0.005000
913 0.690534 56.314674 0.001000 0.005000
914 0.690534 12.971251 0.001000 0.005000
915 0.000000 29.654673 0.001000 0.005000
916 0.488281 51.914261 0.001000 0.005000
917 0.000000 16.147282 0.001000 0.005000
918 0.845728 19.934469 0.001000 0.005000
919 0.000000 56.129200 0.001000 0.005000
920 0.000000 20.712820 0.001000 0.005000
921 0.845728 54.745590 0.001000 0.005000
922 0.000000 16.598774 0.001000 0.005000
923 0.488281 18.773916 0.001000 0.005000
924 0.000000 68.871979 0.001000 0.005000
925 0.488281 16.258808 0.001000 0.005000
926 0.000000 22.056562 0.001000 0.005000
927 0.976562 61.752605 0.001000 0.005000
928 0.690534 26.460701 0.001000 0.005000
929 0.690534 65.558029 0.001000 0.005000
930 0.000000 23.908741 0.001000 0.005000
931 0.690534 23.579220 0.001000 0.005000
932 0.000000 57.009758 0.001000 0.005000
933 0.690534 23.789087 0.001000 0.005000
934 0.000000 25.267136 0.001000 0.005000
935 0.000000 51.086666 0.001000 0.005000
936 0.000000 23.526402 0.001000 0.005000
937 0.488281 28.049141 0.001000 0.005000
938 0.488281 72.156464 0.001000 0.005000
939 0.000000 31.059305 0.001000 0.005000
940 0.488281 84.149376 0.001000 0.005000
941 0.488281 41.863304 0.001000 0.005000
942 0.845728 44.016178 0.001000 0.005000
943 0.976562 80.434616 0.001000 0.005000
944 0.000000 39.074657 0.001000 0.005000
945 0.690534 35.729408 0.001000 0.005000
946 0.000000 66.446495 0.001000 0.005000
947 0.690534 41.976421 0.001000 0.005000
948 0.000000 63.895386 0.001000 0.005000
949 0.000000 37.931236 0.001000 0.005000
950 0.690534 56.565968 0.001000 0.005000
951 0.488281 68.494934 0.001000 0.005000
952 0.000000 56.290516 0.001000 0.005000
953 0.488281 55.954449 0.001000 0.005000
954 0.488281 55.615391 0.001000 0.005000
955 0.488281 41.464771 0.001000 0.005000
956 0.488281 49.371078 0.001000 0.005000
957 0.488281 45.666985 0.001000 0.005000
958 0.690534 52.279335 0.001000 0.005000
959 0.488281 40.868587 0.001000 0.005000
960 0.488281 60.784794 0.001000 0.005000
961 0.845728 66.979912 0.001000 0.005000
962 0.845728 36.334633 0.001000 0.005000
963 0.976562 65.633530 0.001000 0.005000
964 0.488281 44.780621 0.001000 0.005000
965 0.488281 37.393154 0.001000 0.005000
966 0.845728 41.816338 0.001000 0.005000
967 0.690534 29.101933 0.001000 0.005000
968 0.000000 41.633156 0.001000 0.005000
969 0.690534 78.084579 0.001000 0.005000
970 0.000000 38.197372 0.001000 0.005000
971 0.690534 52.065849 0.001000 0.005000
972 0.000000 41.938694 0.001000 0.005000
973 0.690534 31.530397 0.001000 0.005000
974 0.000000 38.936104 0.001000 0.005000
975 0.488281 44.442326 0.001000 0.005000
976 0.690534 37.129551 0.001000 0.005000
977 0.000000 29.756477 0.001000 0.005000
978 0.488281 27.721336 0.001000 0.005000
979 0.488281 82.940483 0.001000 0.005000
980 0.000000 45.617252 0.001000 0.005000
981 0.488281 36.875790 0.001000 0.005000
982 0.000000 35.679539 0.001000 0.005000
983 0.690534 34.506844 0.001000 0.005000
984 0.000000 33.937817 0.001000 0.005000
985 0.690534 42.387074 0.001000 0.005000
986 0.488281 13.815694 0.001000 0.005000
987 0.488281 13.793218 0.001000 0.005000
988 0.690534 31.166906 0.001000 0.005000
989 0.690534 27.554619 0.001000 0.005000
990 0.690534 16.436203 0.001000 0.005000
991 0.000000 36.397930 0.001000 0.005000
992 0.000000 34.293980 0.001000 0.005000
993 0.000000 16.739101 0.001000 0.005000
994 0.000000 16.826340 0.001000 0.005000
995 0.488281 14.509200 0.001000 0.005000
996 0.488281 24.590351 0.001000 0.005000
997 0.690534 17.608587 0.001000 0.005000
998 0.000000 21.188200 0.001000 0.005000
999 0.690534 24.455032 0.001000 0.005000
1000 0.690534 18.454660 0.001000 0.005000
1001 0.488281 15.884148 0.001000 0.005000
1002 0.000000 17.240192 0.001000 0.005000
1003 0.690534 15.373659 0.001000 0.005000
1004 0.000000 17.783056 0.001000 0.005000
1005 0.690534 16.745789 0.001000 0.005000
1006 0.845728 21.808342 0.001000 0.005000
1007 0.690534 22.087990 0.001000 0.005000
1008 0.845728 11.922869 0.001000 0.005000
1009 1.196040 17.436432 0.001000 0.005000
1010 0.690534 15.117097 0.001000 0.005000
1011 0.000000 16.883711 0.001000 0.005000
1012 0.488281 18.112696 0.001000 0.005000
1013 0.000000 31.543455 0.001000 0.005000
1014 0.000000 18.693390 0.001000 0.005000
1015 0.000000 17.944437 0.001000 0.005000
1016 0.690534 18.038040 0.001000 0.005000
1017 0.000000 27.034737 0.001000 0.005000
1018 0.488281 47.746292 0.001000 0.005000
1019 0.488281 22.211714 0.001000 0.005000
1020 0.000000 44.234703 0.001000 0.005000
1021 0.488281 51.449390 0.001000 0.005000
1022 0.488281 29.946888 0.001000 0.005000
1023 0.690534 54.517262 0.001000 0.005000
1024 0.690534 44.702888 0.001000 0.005000
1025 0.000000 35.722191 0.001000 0.005000
1026 0.000000 45.052185 0.001000 0.005000
1027 0.690534 60.257832 0.001000 0.005000
1028 0.488281 35.757755 0.001000 0.005000
1029 0.690534 54.346283 0.001000 0.005000
1030 0.488281 71.061028 0.001000 0.005000
1031 0.000000 62.032883 0.001000 0.005000
1032 0.976562 86.817024 0.001000 0.005000
1033 0.976562 65.040947 0.001000 0.005000
1034 0.000000 69.855125 0.001000 0.005000
1035 0.976562 72.809753 0.001000 0.005000
1036 0.690534 66.079941 0.001000 0.005000
1037 0.000000 59.411659 0.001000 0.005000
1038 0.488281 71.400658 0.001000 0.005000
1039 0.690534 51.091549 0.001000 0.005000
1040 0.845728 79.474274 0.001000 0.005000
1041 0.488281 88.269897 0.001000 0.005000
1042 0.976562 74.554710 0.001000 0.005000
1043 0.000000 26.575363 0.001000 0.005000
1044 0.690534 67.032684 0.001000 0.005000
1045 0.976562 80.663429 0.001000 0.005000
1046 0.488281 45.931362 0.001000 0.005000
1047 0.488281 96.145020 0.001000 0.005000
1048 0.976562 23.210661 0.001000 0.005000
1049 0.000000 87.326103 0.001000 0.005000
1050 1.619446 65.546028 0.001000 0.005000
1051 0.976562 29.064493 0.001000 0.005000
1052 0.690534 58.366062 0.001000 0.005000
1053 0.000000 73.666885 0.001000 0.005000
1054 1.091830 30.045183 0.001000 0.005000
1055 1.291871 71.815796 0.001000 0.005000
1056 0.845728 88.859795 0.001000 0.005000
1057 0.690534 44.198002 0.001000 0.005000
1058 0.976562 107.355873 0.001000 0.005000
1059 0.690534 47.018990 0.001000 0.005000
1060 1.619446 90.032379 0.001000 0.005000
1061 1.953125 96.817543 0.001000 0.005000
1062 0.690534 42.053928 0.001000 0.005000
1063 0.690534 75.331352 0.001000 0.005000
1064 1.544081 87.068558 0.001000 0.005000
1065 0.488281 55.069805 0.001000 0.005000
1066 0.488281 75.494835 0.001000 0.005000
1067 0.976562 48.325157 0.001000 0.005000
1068 0.976562 86.038704 0.001000 0.005000
1069 0.000000 86.971802 0.001000 0.005000
1070 0.690534 57.318428 0.001000 0.005000
1071 0.845728 94.010788 0.001000 0.005000
1072 1.291871 65.783974 0.001000 0.005000
1073 0.488281 43.229218 0.001000 0.005000
1074 0.976562 55.536572 0.001000 0.005000
1075 1.544081 62.409096 0.001000 0.005000
1076 0.976562 115.922981 0.001000 0.005000
1077 1.291871 92.123001 0.001000 0.005000
1078 1.196040 63.890968 0.001000 0.005000
1079 0.000000 63.979794 0.001000 0.005000
1080 0.000000 63.787094 0.001000 0.005000
1081 0.000000 61.793346 0.001000 0.005000
1082 0.690534 41.851822 0.001000 0.005000
1083 0.690534 57.890900 0.001000 0.005000
1084 0.976562 20.409069 0.001000 0.005000
1085 0.000000 95.039154 0.001000 0.005000
1086 0.488281 39.866924 0.001000 0.005000
1087 0.488281 29.248331 0.001000 0.005000
1088 0.000000 21.072844 0.001000 0.005000
1089 0.488281 68.237671 0.001000 0.005000
1090 0.000000 67.284538 0.001000 0.005000
1091 0.000000 50.496880 0.001000 0.005000
1092 0.488281 47.390087 0.001000 0.005000
1093 0.000000 67.796738 0.001000 0.005000
1094 0.000000 76.016449 0.001000 0.005000
1095 0.000000 53.988918 0.001000 0.005000
1096 0.690534 45.677170 0.001000 0.005000
1097 0.000000 24.808550 0.001000 0.005000
1098 0.488281 89.879013 0.001000 0.005000
1099 0.000000 38.106464 0.001000 0.005000
