0 0.000000 15.372211 0.001000 0.005000
1 0.000000 22.908287 0.001000 0.005000
2 0.690534 36.869015 0.001000 0.005000
3 1.091830 34.553406 0.001000 0.005000
4 1.196040 39.003941 0.001000 0.005000
5 0.000000 28.043524 0.001000 0.005000
6 0.690534 18.333075 0.001000 0.005000
7 0.690534 10.089966 0.001000 0.005000
8 0.845728 18.543255 0.001000 0.005000
9 0.690534 14.852448 0.001000 0.005000
10 0.488281 8.640856 0.001000 0.005000
11 0.000000 44.359703 0.001000 0.005000
12 0.000000 35.639565 0.001000 0.005000
13 0.690534 27.703428 0.001000 0.005000
14 0.000000 29.890844 0.001000 0.005000
15 0.690534 24.435257 0.001000 0.005000
16 0.000000 10.564445 0.001000 0.005000
17 0.488281 10.651030 0.001000 0.005000
18 0.690534 9.981272 0.001000 0.005000
19 0.000000 8.593253 0.001000 0.005000
20 0.488281 7.876483 0.001000 0.005000
21 0.690534 10.136203 0.001000 0.005000
22 0.000000 21.896809 0.001000 0.005000
23 1.091830 32.345417 0.001000 0.005000
24 0.690534 4.602113 0.001000 0.005000
25 0.000000 7.033692 0.001000 0.005000
26 0.000000 9.444138 0.001000 0.005000
27 0.690534 14.463243 0.001000 0.005000
28 0.488281 16.062037 0.001000 0.005000
29 0.690534 10.904613 0.001000 0.005000
30 0.488281 9.217889 0.001000 0.005000
31 0.000000 12.598083 0.001000 0.005000
32 0.000000 4.328051 0.001000 0.005000
33 0.000000 5.782665 0.001000 0.005000
34 0.690534 17.851875 0.001000 0.005000
35 0.000000 12.654912 0.001000 0.005000
36 0.488281 8.960370 0.001000 0.005000
37 0.488281 12.057948 0.001000 0.005000
38 0.000000 8.287035 0.001000 0.005000
39 0.690534 35.857662 0.001000 0.005000
40 0.845728 33.039394 0.001000 0.005000
41 0.690534 16.039068 0.001000 0.005000
42 0.976562 17.344090 0.001000 0.005000
43 0.488281 4.166875 0.001000 0.005000
44 0.488281 16.661488 0.001000 0.005000
45 0.000000 17.577120 0.001000 0.005000
46 0.488281 15.687774 0.001000 0.005000
47 0.000000 11.352090 0.001000 0.005000
48 0.976562 5.133589 0.001000 0.005000
49 0.488281 17.825550 0.001000 0.005000
50 0.488281 5.811890 0.001000 0.005000
51 0.000000 5.285703 0.001000 0.005000
52 0.690534 5.551319 0.001000 0.005000
53 0.000000 15.416780 0.001000 0.005000
54 0.000000 6.725019 0.001000 0.005000
55 0.488281 6.059891 0.001000 0.005000
56 0.845728 18.353474 0.001000 0.005000
57 0.488281 6.104959 0.001000 0.005000
58 1.381068 17.865213 0.001000 0.005000
59 0.976562 10.060602 0.001000 0.005000
60 0.488281 4.860579 0.001000 0.005000
61 0.488281 16.501997 0.001000 0.005000
62 0.488281 8.017225 0.001000 0.005000
63 0.488281 19.994450 0.001000 0.005000
64 0.000000 4.770125 0.001000 0.005000
65 0.488281 10.343431 0.001000 0.005000
66 0.000000 17.523825 0.001000 0.005000
67 0.000000 2.393788 0.001000 0.005000
68 0.000000 12.024793 0.001000 0.005000
69 0.488281 9.744952 0.001000 0.005000
70 0.845728 11.425085 0.001000 0.005000
71 0.690534 23.470179 0.001000 0.005000
72 0.488281 14.932994 0.001000 0.005000
73 0.845728 4.384653 0.001000 0.005000
74 0.690534 9.311002 0.001000 0.005000
75 0.488281 7.009494 0.001000 0.005000
76 0.000000 4.042288 0.001000 0.005000
77 0.488281 5.851264 0.001000 0.005000
78 0.690534 9.350260 0.001000 0.005000
79 0.690534 1.712589 0.001000 0.005000
80 0.000000 12.455288 0.001000 0.005000
81 0.000000 14.258435 0.001000 0.005000
82 0.000000 12.599304 0.001000 0.005000
83 0.690534 4.789080 0.001000 0.005000
84 0.000000 5.434537 0.001000 0.005000
85 0.845728 5.041097 0.001000 0.005000
86 0.000000 6.370496 0.001000 0.005000
87 0.488281 9.720540 0.001000 0.005000
88 0.000000 3.163828 0.001000 0.005000
89 0.000000 6.629121 0.001000 0.005000
90 0.690534 14.445865 0.001000 0.005000
91 0.000000 37.292141 0.001000 0.005000
92 0.488281 24.664953 0.001000 0.005000
93 0.976562 28.196442 0.001000 0.005000
94 1.381068 30.330414 0.001000 0.005000
95 0.976562 39.437103 0.001000 0.005000
96 1.196040 19.393440 0.001000 0.005000
97 0.690534 30.610441 0.001000 0.005000
98 1.291871 23.699352 0.001000 0.005000
99 1.381068 4.169795 0.001000 0.005000
100 0.488281 25.451788 0.001000 0.005000
101 0.690534 29.888500 0.001000 0.005000
102 1.826981 23.499815 0.001000 0.005000
103 1.291871 30.020597 0.001000 0.005000
104 1.196040 16.806419 0.001000 0.005000
105 0.488281 12.810418 0.001000 0.005000
106 1.196040 20.478247 0.001000 0.005000
107 0.488281 14.768359 0.001000 0.005000
108 0.488281 14.607451 0.001000 0.005000
109 0.488281 14.350155 0.001000 0.005000
110 0.690534 19.085108 0.001000 0.005000
111 0.690534 25.438263 0.001000 0.005000
112 0.488281 17.573906 0.001000 0.005000
113 0.000000 20.914261 0.001000 0.005000
114 0.690534 23.992369 0.001000 0.005000
115 0.000000 14.444085 0.001000 0.005000
116 0.488281 28.973230 0.001000 0.005000
117 0.488281 16.749483 0.001000 0.005000
118 0.845728 21.826096 0.001000 0.005000
119 0.488281 17.242292 0.001000 0.005000
120 0.976562 19.887440 0.001000 0.005000
121 0.845728 15.021682 0.001000 0.005000
122 0.976562 13.988564 0.001000 0.005000
123 1.464844 9.268485 0.001000 0.005000
124 1.196040 23.541479 0.001000 0.005000
125 0.488281 17.106586 0.001000 0.005000
126 0.690534 13.350903 0.001000 0.005000
127 1.291871 30.350708 0.001000 0.005000
128 2.013236 4.439237 0.001000 0.005000
129 1.464844 14.029901 0.001000 0.005000
130 0.845728 13.708059 0.001000 0.005000
131 0.488281 25.707088 0.001000 0.005000
132 0.976562 15.004558 0.001000 0.005000
133 0.690534 10.683705 0.001000 0.005000
134 0.690534 18.022869 0.001000 0.005000
135 0.690534 32.809460 0.001000 0.005000
136 0.488281 17.132490 0.001000 0.005000
137 0.976562 19.423515 0.001000 0.005000
138 1.196040 5.916107 0.001000 0.005000
139 1.619446 26.894257 0.001000 0.005000
140 0.690534 11.808740 0.001000 0.005000
141 0.000000 12.389291 0.001000 0.005000
142 0.690534 16.871283 0.001000 0.005000
143 1.091830 10.969203 0.001000 0.005000
144 1.196040 21.157902 0.001000 0.005000
145 0.488281 13.237680 0.001000 0.005000
146 0.976562 13.333531 0.001000 0.005000
147 1.091830 10.739059 0.001000 0.005000
148 1.091830 23.067980 0.001000 0.005000
149 0.976562 17.998314 0.001000 0.005000
150 0.488281 6.246169 0.001000 0.005000
151 0.690534 8.593970 0.001000 0.005000
152 0.488281 17.860798 0.001000 0.005000
153 0.976562 15.221815 0.001000 0.005000
154 1.619446 19.754631 0.001000 0.005000
155 1.381068 19.725153 0.001000 0.005000
156 0.976562 22.707636 0.001000 0.005000
157 0.976562 26.727549 0.001000 0.005000
158 1.544081 39.601147 0.001000 0.005000
159 1.381068 23.689787 0.001000 0.005000
160 0.690534 8.993205 0.001000 0.005000
161 1.091830 16.158888 0.001000 0.005000
162 0.000000 19.912361 0.001000 0.005000
163 0.976562 7.950876 0.001000 0.005000
164 1.291871 32.295555 0.001000 0.005000
165 1.826981 38.034698 0.001000 0.005000
166 1.196040 4.895700 0.001000 0.005000
167 1.544081 9.983369 0.001000 0.005000
168 1.381068 29.753323 0.001000 0.005000
169 0.845728 10.422609 0.001000 0.005000
170 0.845728 28.954926 0.001000 0.005000
171 0.690534 18.368643 0.001000 0.005000
172 1.826981 11.177419 0.001000 0.005000
173 0.690534 13.453032 0.001000 0.005000
174 0.488281 10.202694 0.001000 0.005000
175 0.690534 13.453617 0.001000 0.005000
176 0.690534 6.597611 0.001000 0.005000
177 0.690534 9.376354 0.001000 0.005000
178 0.488281 17.962622 0.001000 0.005000
179 0.000000 11.037484 0.001000 0.005000
180 0.690534 8.444721 0.001000 0.005000
181 0.690534 20.204802 0.001000 0.005000
182 0.690534 4.231988 0.001000 0.005000
183 0.000000 17.615768 0.001000 0.005000
184 0.488281 6.541506 0.001000 0.005000
185 0.000000 5.475190 0.001000 0.005000
186 0.690534 16.196722 0.001000 0.005000
187 0.000000 23.846054 0.001000 0.005000
188 0.690534 4.415717 0.001000 0.005000
189 0.488281 13.947749 0.001000 0.005000
190 0.690534 8.180172 0.001000 0.005000
191 0.690534 13.474280 0.001000 0.005000
192 0.488281 9.457530 0.001000 0.005000
193 0.976562 17.310019 0.001000 0.005000
194 0.845728 8.587952 0.001000 0.005000
195 0.690534 12.152685 0.001000 0.005000
196 0.000000 12.126737 0.001000 0.005000
197 0.488281 12.093432 0.001000 0.005000
198 0.000000 6.066802 0.001000 0.005000
199 1.381068 9.961170 0.001000 0.005000
200 0.690534 17.878611 0.001000 0.005000
201 0.690534 8.038581 0.001000 0.005000
202 0.000000 15.351651 0.001000 0.005000
203 0.000000 11.889850 0.001000 0.005000
204 2.128369 22.360142 0.001000 0.005000
205 1.953125 28.331692 0.001000 0.005000
206 0.690534 17.799065 0.001000 0.005000
207 0.845728 25.828436 0.001000 0.005000
208 1.291871 19.795053 0.001000 0.005000
209 0.845728 9.283123 0.001000 0.005000
210 1.091830 9.383320 0.001000 0.005000
211 0.000000 14.234444 0.001000 0.005000
212 0.690534 11.656023 0.001000 0.005000
213 0.690534 5.860700 0.001000 0.005000
214 1.196040 12.854668 0.001000 0.005000
215 1.381068 15.542260 0.001000 0.005000
216 1.381068 13.100988 0.001000 0.005000
217 0.000000 14.484451 0.001000 0.005000
218 1.196040 11.994992 0.001000 0.005000
219 1.826981 37.608704 0.001000 0.005000
220 2.071602 22.294882 0.001000 0.005000
221 0.690534 24.338985 0.001000 0.005000
222 1.464844 7.983957 0.001000 0.005000
223 0.690534 9.915925 0.001000 0.005000
224 0.000000 5.130392 0.001000 0.005000
225 1.196040 5.892644 0.001000 0.005000
226 1.196040 15.292973 0.001000 0.005000
227 0.976562 21.007877 0.001000 0.005000
228 0.690534 14.613031 0.001000 0.005000
229 0.000000 11.581751 0.001000 0.005000
230 0.488281 23.213621 0.001000 0.005000
231 0.000000 16.539087 0.001000 0.005000
232 0.976562 31.326345 0.001000 0.005000
233 0.000000 16.378218 0.001000 0.005000
234 0.488281 23.112179 0.001000 0.005000
235 0.690534 15.800628 0.001000 0.005000
236 0.000000 36.886238 0.001000 0.005000
237 0.690534 3.633724 0.001000 0.005000
238 0.000000 15.034043 0.001000 0.005000
239 0.000000 17.983068 0.001000 0.005000
240 0.690534 14.083002 0.001000 0.005000
241 0.690534 12.332606 0.001000 0.005000
242 0.690534 19.145199 0.001000 0.005000
243 1.381068 13.234912 0.001000 0.005000
244 0.976562 13.191521 0.001000 0.005000
245 0.690534 3.928663 0.001000 0.005000
246 0.845728 27.702639 0.001000 0.005000
247 0.488281 3.902081 0.001000 0.005000
248 0.690534 8.970994 0.001000 0.005000
249 0.000000 9.494015 0.001000 0.005000
250 0.000000 5.589029 0.001000 0.005000
251 0.488281 17.323030 0.001000 0.005000
252 0.000000 20.865505 0.001000 0.005000
253 0.000000 9.200220 0.001000 0.005000
254 0.488281 11.373228 0.001000 0.005000
255 0.000000 3.518845 0.001000 0.005000
256 1.091830 22.900066 0.001000 0.005000
257 0.488281 20.175396 0.001000 0.005000
258 0.690534 15.646336 0.001000 0.005000
259 0.488281 21.735220 0.001000 0.005000
260 0.976562 17.025663 0.001000 0.005000
261 0.690534 24.881659 0.001000 0.005000
262 0.690534 10.880679 0.001000 0.005000
263 0.000000 17.118685 0.001000 0.005000
264 0.845728 17.306162 0.001000 0.005000
265 0.488281 19.741091 0.001000 0.005000
266 0.690534 26.127199 0.001000 0.005000
267 1.091830 12.516767 0.001000 0.005000
268 0.488281 20.416071 0.001000 0.005000
269 0.000000 10.938794 0.001000 0.005000
270 0.690534 21.590641 0.001000 0.005000
271 0.845728 10.281519 0.001000 0.005000
272 0.000000 11.307584 0.001000 0.005000
273 0.976562 15.422989 0.001000 0.005000
274 0.690534 12.077619 0.001000 0.005000
275 0.845728 19.743450 0.001000 0.005000
276 0.976562 39.811001 0.001000 0.005000
277 0.690534 34.174290 0.001000 0.005000
278 0.488281 22.347740 0.001000 0.005000
279 0.976562 6.198962 0.001000 0.005000
280 1.291871 23.842594 0.001000 0.005000
281 0.690534 17.618689 0.001000 0.005000
282 0.000000 13.730953 0.001000 0.005000
283 0.690534 23.941902 0.001000 0.005000
284 1.291871 12.920592 0.001000 0.005000
285 1.464844 22.574884 0.001000 0.005000
286 0.690534 10.041930 0.001000 0.005000
287 0.488281 18.900099 0.001000 0.005000
288 1.291871 17.363768 0.001000 0.005000
289 0.845728 12.552043 0.001000 0.005000
290 0.690534 12.488666 0.001000 0.005000
291 0.690534 17.240423 0.001000 0.005000
292 0.488281 14.399622 0.001000 0.005000
293 0.690534 17.195232 0.001000 0.005000
294 1.196040 22.908228 0.001000 0.005000
295 0.976562 19.051733 0.001000 0.005000
296 0.976562 11.864298 0.001000 0.005000
297 2.071602 9.380580 0.001000 0.005000
298 1.826981 10.424088 0.001000 0.005000
299 0.488281 10.955061 0.001000 0.005000
300 0.690534 22.151493 0.001000 0.005000
301 0.690534 18.863701 0.001000 0.005000
302 0.690534 9.780622 0.001000 0.005000
303 0.976562 22.905298 0.001000 0.005000
304 0.000000 23.306635 0.001000 0.005000
305 1.291871 36.298054 0.001000 0.005000
306 0.845728 28.605642 0.001000 0.005000
307 0.488281 15.567299 0.001000 0.005000
308 1.196040 15.711748 0.001000 0.005000
309 1.091830 11.863544 0.001000 0.005000
310 0.000000 23.261183 0.001000 0.005000
311 0.488281 11.792080 0.001000 0.005000
312 0.690534 13.292821 0.001000 0.005000
313 1.544081 15.861516 0.001000 0.005000
314 1.619446 20.315145 0.001000 0.005000
315 2.392080 17.785315 0.001000 0.005000
316 0.488281 31.424580 0.001000 0.005000
317 2.128369 35.333946 0.001000 0.005000
318 0.845728 25.174946 0.001000 0.005000
319 0.488281 12.592770 0.001000 0.005000
320 0.000000 22.395050 0.001000 0.005000
321 0.976562 23.694199 0.001000 0.005000
322 1.381068 27.006920 0.001000 0.005000
323 1.291871 39.543312 0.001000 0.005000
324 0.000000 29.487654 0.001000 0.005000
325 0.976562 30.675076 0.001000 0.005000
326 0.488281 43.986717 0.001000 0.005000
327 1.381068 34.124683 0.001000 0.005000
328 1.544081 27.137030 0.001000 0.005000
329 1.196040 15.980481 0.001000 0.005000
330 0.976562 35.720047 0.001000 0.005000
331 1.091830 27.218857 0.001000 0.005000
332 0.690534 32.879906 0.001000 0.005000
333 1.464844 23.887457 0.001000 0.005000
334 0.690534 27.463163 0.001000 0.005000
335 0.976562 36.229038 0.001000 0.005000
336 1.544081 34.346279 0.001000 0.005000
337 1.196040 20.265411 0.001000 0.005000
338 0.690534 43.321316 0.001000 0.005000
339 0.488281 28.741356 0.001000 0.005000
340 1.464844 36.671799 0.001000 0.005000
341 2.888712 23.092951 0.001000 0.005000
342 3.311686 26.498327 0.001000 0.005000
343 0.845728 17.232542 0.001000 0.005000
344 1.291871 21.097471 0.001000 0.005000
345 0.690534 17.608023 0.001000 0.005000
346 1.544081 39.991688 0.001000 0.005000
347 1.381068 20.177038 0.001000 0.005000
348 0.690534 3.280791 0.001000 0.005000
349 1.091830 13.976474 0.001000 0.005000
350 0.690534 16.420778 0.001000 0.005000
351 0.690534 25.333752 0.001000 0.005000
352 0.690534 6.209716 0.001000 0.005000
353 0.690534 15.871258 0.001000 0.005000
354 0.845728 13.894806 0.001000 0.005000
355 0.000000 12.212231 0.001000 0.005000
356 0.690534 17.557331 0.001000 0.005000
357 0.488281 44.760406 0.001000 0.005000
358 0.976562 26.054165 0.001000 0.005000
359 1.760523 15.350988 0.001000 0.005000
360 0.690534 10.197404 0.001000 0.005000
361 1.464844 14.649060 0.001000 0.005000
362 1.381068 10.203025 0.001000 0.005000
363 0.976562 12.329950 0.001000 0.005000
364 0.690534 19.003576 0.001000 0.005000
365 0.488281 5.456334 0.001000 0.005000
366 1.196040 12.320385 0.001000 0.005000
367 0.000000 9.680300 0.001000 0.005000
368 0.690534 21.800194 0.001000 0.005000
369 0.690534 19.297964 0.001000 0.005000
370 0.845728 13.620448 0.001000 0.005000
371 0.845728 16.375154 0.001000 0.005000
372 0.488281 12.919330 0.001000 0.005000
373 0.976562 23.995264 0.001000 0.005000
374 0.000000 13.817264 0.001000 0.005000
375 0.488281 22.500250 0.001000 0.005000
376 0.000000 10.936210 0.001000 0.005000
377 0.845728 17.984018 0.001000 0.005000
378 0.488281 13.789555 0.001000 0.005000
379 0.690534 4.724521 0.001000 0.005000
380 0.000000 12.647926 0.001000 0.005000
381 0.690534 20.621347 0.001000 0.005000
382 0.000000 4.894774 0.001000 0.005000
383 0.690534 4.567315 0.001000 0.005000
384 0.000000 16.836035 0.001000 0.005000
385 0.845728 12.586790 0.001000 0.005000
386 0.000000 8.783873 0.001000 0.005000
387 0.690534 10.679324 0.001000 0.005000
388 0.690534 3.616466 0.001000 0.005000
389 0.690534 3.035086 0.001000 0.005000
390 1.464844 13.745516 0.001000 0.005000
391 0.690534 12.561506 0.001000 0.005000
392 1.091830 10.048803 0.001000 0.005000
393 2.128369 6.004328 0.001000 0.005000
394 2.237586 19.370962 0.001000 0.005000
395 0.690534 12.860939 0.001000 0.005000
396 0.000000 4.645312 0.001000 0.005000
397 0.976562 7.343201 0.001000 0.005000
398 1.291871 27.739815 0.001000 0.005000
399 0.845728 15.319135 0.001000 0.005000
400 0.488281 21.970716 0.001000 0.005000
401 0.976562 28.598475 0.001000 0.005000
402 0.845728 16.313614 0.001000 0.005000
403 0.690534 8.771123 0.001000 0.005000
404 0.000000 6.219431 0.001000 0.005000
405 0.000000 34.491528 0.001000 0.005000
406 0.000000 10.054720 0.001000 0.005000
407 0.690534 11.815217 0.001000 0.005000
408 0.488281 7.198718 0.001000 0.005000
409 0.976562 6.307339 0.001000 0.005000
410 1.196040 7.458581 0.001000 0.005000
411 1.091830 23.262657 0.001000 0.005000
412 0.488281 9.346872 0.001000 0.005000
413 1.196040 5.804665 0.001000 0.005000
414 1.091830 15.388201 0.001000 0.005000
415 0.000000 3.548876 0.001000 0.005000
416 0.976562 11.730131 0.001000 0.005000
417 2.071602 5.684527 0.001000 0.005000
418 3.718641 11.344727 0.001000 0.005000
419 4.026473 30.186598 0.001000 0.005000
420 3.521048 21.167164 0.001000 0.005000
421 3.382913 15.830607 0.001000 0.005000
422 2.441407 10.736100 0.001000 0.005000
423 0.976562 7.825683 0.001000 0.005000
424 0.690534 23.431374 0.001000 0.005000
425 0.488281 35.419456 0.001000 0.005000
426 0.000000 4.285785 0.001000 0.005000
427 0.690534 32.032421 0.001000 0.005000
428 0.488281 6.711421 0.001000 0.005000
429 0.690534 16.263729 0.001000 0.005000
430 0.000000 13.460633 0.001000 0.005000
431 0.976562 34.821220 0.001000 0.005000
432 0.690534 8.880206 0.001000 0.005000
433 0.000000 18.241947 0.001000 0.005000
434 0.690534 10.426403 0.001000 0.005000
435 1.091830 12.804658 0.001000 0.005000
436 1.091830 11.721647 0.001000 0.005000
437 0.000000 17.514837 0.001000 0.005000
438 0.690534 16.266993 0.001000 0.005000
439 0.690534 19.882734 0.001000 0.005000
440 0.690534 10.850575 0.001000 0.005000
441 0.488281 11.122231 0.001000 0.005000
442 0.690534 12.890561 0.001000 0.005000
443 0.690534 12.362091 0.001000 0.005000
444 0.690534 12.069525 0.001000 0.005000
445 0.690534 9.845227 0.001000 0.005000
446 0.845728 12.642695 0.001000 0.005000
447 1.091830 11.357118 0.001000 0.005000
448 0.976562 12.934056 0.001000 0.005000
449 1.291871 13.920578 0.001000 0.005000
450 0.976562 9.157659 0.001000 0.005000
451 1.619446 11.082601 0.001000 0.005000
452 2.071602 10.506435 0.001000 0.005000
453 0.976562 22.509958 0.001000 0.005000
454 0.976562 8.811549 0.001000 0.005000
455 0.976562 11.856394 0.001000 0.005000
456 0.690534 9.260520 0.001000 0.005000
457 0.000000 13.694621 0.001000 0.005000
458 0.845728 5.835746 0.001000 0.005000
459 0.690534 12.498123 0.001000 0.005000
460 0.976562 13.415286 0.001000 0.005000
461 0.000000 17.686155 0.001000 0.005000
462 0.690534 4.206676 0.001000 0.005000
463 0.690534 15.908535 0.001000 0.005000
464 0.000000 22.639116 0.001000 0.005000
465 0.000000 15.387179 0.001000 0.005000
466 0.000000 16.730949 0.001000 0.005000
467 0.690534 6.661317 0.001000 0.005000
468 0.690534 3.951850 0.001000 0.005000
469 0.000000 9.148979 0.001000 0.005000
470 0.976562 21.781490 0.001000 0.005000
471 0.000000 8.984249 0.001000 0.005000
472 0.488281 8.078011 0.001000 0.005000
473 0.690534 13.421790 0.001000 0.005000
474 0.000000 6.555521 0.001000 0.005000
475 0.000000 5.718605 0.001000 0.005000
476 0.488281 9.013463 0.001000 0.005000
477 0.000000 12.735532 0.001000 0.005000
478 0.845728 16.278429 0.001000 0.005000
479 0.488281 17.275719 0.001000 0.005000
480 0.000000 4.851301 0.001000 0.005000
481 0.488281 5.889843 0.001000 0.005000
482 0.488281 24.463703 0.001000 0.005000
483 0.000000 6.442188 0.001000 0.005000
484 0.690534 4.602780 0.001000 0.005000
485 0.000000 8.231534 0.001000 0.005000
486 1.196040 16.047682 0.001000 0.005000
487 1.091830 31.019541 0.001000 0.005000
488 0.488281 12.841987 0.001000 0.005000
489 0.488281 5.761671 0.001000 0.005000
490 1.544081 6.974966 0.001000 0.005000
491 0.845728 24.342697 0.001000 0.005000
492 0.000000 6.315413 0.001000 0.005000
493 0.690534 5.063564 0.001000 0.005000
494 0.000000 12.048075 0.001000 0.005000
495 0.000000 7.346784 0.001000 0.005000
496 1.196040 3.418116 0.001000 0.005000
497 1.544081 14.169000 0.001000 0.005000
498 1.381068 15.621695 0.001000 0.005000
499 0.690534 12.740605 0.001000 0.005000
500 0.976562 6.702647 0.001000 0.005000
501 1.196040 10.081034 0.001000 0.005000
502 0.690534 11.381164 0.001000 0.005000
503 0.488281 14.654385 0.001000 0.005000
504 0.690534 8.235088 0.001000 0.005000
505 1.091830 9.764217 0.001000 0.005000
506 0.690534 16.411404 0.001000 0.005000
507 0.000000 3.486691 0.001000 0.005000
508 0.000000 4.899243 0.001000 0.005000
509 0.000000 9.331609 0.001000 0.005000
510 0.000000 7.503845 0.001000 0.005000
511 0.488281 6.879375 0.001000 0.005000
512 0.488281 11.704223 0.001000 0.005000
513 0.000000 27.557343 0.001000 0.005000
514 0.000000 3.510833 0.001000 0.005000
515 0.000000 7.784482 0.001000 0.005000
516 0.488281 13.250846 0.001000 0.005000
517 0.976562 3.283900 0.001000 0.005000
518 0.690534 15.842722 0.001000 0.005000
519 0.690534 4.699063 0.001000 0.005000
520 0.000000 12.954053 0.001000 0.005000
521 0.000000 8.945079 0.001000 0.005000
522 1.381068 10.441691 0.001000 0.005000
523 0.000000 6.427531 0.001000 0.005000
524 0.845728 7.776734 0.001000 0.005000
525 0.690534 12.634493 0.001000 0.005000
526 0.976562 7.623497 0.001000 0.005000
527 1.196040 5.672162 0.001000 0.005000
528 1.464844 9.342500 0.001000 0.005000
529 1.091830 11.355599 0.001000 0.005000
530 1.826981 3.299323 0.001000 0.005000
531 1.953125 4.952387 0.001000 0.005000
532 0.845728 11.581826 0.001000 0.005000
533 0.690534 3.214952 0.001000 0.005000
534 0.690534 9.451246 0.001000 0.005000
535 0.845728 15.241475 0.001000 0.005000
536 1.381068 8.915979 0.001000 0.005000
537 0.690534 10.621469 0.001000 0.005000
538 0.488281 3.728855 0.001000 0.005000
539 0.845728 4.012453 0.001000 0.005000
540 0.000000 10.616482 0.001000 0.005000
541 0.690534 14.906766 0.001000 0.005000
542 0.488281 3.090738 0.001000 0.005000
543 0.690534 3.777797 0.001000 0.005000
544 0.000000 1.079672 0.001000 0.005000
545 0.488281 16.288332 0.001000 0.005000
546 0.000000 5.428574 0.001000 0.005000
547 0.845728 24.629576 0.001000 0.005000
548 0.976562 16.291933 0.001000 0.005000
549 0.690534 13.962697 0.001000 0.005000
550 0.690534 10.419824 0.001000 0.005000
551 0.690534 2.446408 0.001000 0.005000
552 0.690534 6.869415 0.001000 0.005000
553 0.976562 13.378187 0.001000 0.005000
554 0.690534 2.256654 0.001000 0.005000
555 1.091830 17.559803 0.001000 0.005000
556 0.690534 17.028139 0.001000 0.005000
557 0.488281 9.137007 0.001000 0.005000
558 0.000000 5.843299 0.001000 0.005000
559 0.488281 15.323827 0.001000 0.005000
560 0.000000 7.221564 0.001000 0.005000
561 0.690534 20.067770 0.001000 0.005000
562 0.690534 9.669973 0.001000 0.005000
563 0.488281 13.765815 0.001000 0.005000
564 0.488281 13.726638 0.001000 0.005000
565 0.976562 10.876528 0.001000 0.005000
566 1.091830 8.073943 0.001000 0.005000
567 1.544081 8.994074 0.001000 0.005000
568 1.091830 10.138716 0.001000 0.005000
569 0.845728 25.677826 0.001000 0.005000
570 0.976562 18.973192 0.001000 0.005000
571 0.690534 13.402056 0.001000 0.005000
572 0.845728 22.631891 0.001000 0.005000
573 0.690534 17.213186 0.001000 0.005000
574 0.488281 18.608891 0.001000 0.005000
575 0.488281 19.512333 0.001000 0.005000
576 0.690534 18.837364 0.001000 0.005000
577 0.976562 13.185168 0.001000 0.005000
578 1.381068 16.099121 0.001000 0.005000
579 1.196040 15.373747 0.001000 0.005000
580 1.291871 10.313879 0.001000 0.005000
581 1.196040 25.418913 0.001000 0.005000
582 1.619446 53.942188 0.001000 0.005000
583 1.544081 10.159088 0.001000 0.005000
584 2.888712 16.201551 0.001000 0.005000
585 1.091830 34.104397 0.001000 0.005000
586 1.826981 13.590446 0.001000 0.005000
587 1.544081 19.611629 0.001000 0.005000
588 1.691456 55.405476 0.001000 0.005000
589 1.691456 21.786983 0.001000 0.005000
590 1.291871 21.687315 0.001000 0.005000
591 0.690534 19.337402 0.001000 0.005000
592 0.845728 23.575596 0.001000 0.005000
593 0.690534 31.118769 0.001000 0.005000
594 0.488281 38.785980 0.001000 0.005000
595 0.000000 34.835381 0.001000 0.005000
596 0.488281 21.050396 0.001000 0.005000
597 1.091830 37.598530 0.001000 0.005000
598 0.690534 29.314199 0.001000 0.005000
599 0.000000 36.589127 0.001000 0.005000
600 0.488281 23.760763 0.001000 0.005000
601 0.000000 17.988998 0.001000 0.005000
602 0.690534 4.983537 0.001000 0.005000
603 0.000000 7.288599 0.001000 0.005000
604 0.690534 12.291066 0.001000 0.005000
605 0.690534 20.973640 0.001000 0.005000
606 0.000000 10.298247 0.001000 0.005000
607 0.000000 20.146368 0.001000 0.005000
608 0.488281 11.184278 0.001000 0.005000
609 0.488281 10.320482 0.001000 0.005000
610 0.690534 13.615474 0.001000 0.005000
611 0.690534 13.043694 0.001000 0.005000
612 0.690534 9.478435 0.001000 0.005000
613 0.000000 10.802082 0.001000 0.005000
614 0.000000 1.111283 0.001000 0.005000
615 0.690534 13.457205 0.001000 0.005000
616 1.091830 5.143728 0.001000 0.005000
617 0.976562 8.287018 0.001000 0.005000
618 0.488281 5.580253 0.001000 0.005000
619 0.000000 17.658012 0.001000 0.005000
620 0.000000 12.672523 0.001000 0.005000
621 0.690534 6.952293 0.001000 0.005000
622 0.000000 15.858653 0.001000 0.005000
623 0.690534 14.160287 0.001000 0.005000
624 1.091830 25.160894 0.001000 0.005000
625 1.091830 10.853998 0.001000 0.005000
626 0.000000 35.862751 0.001000 0.005000
627 0.976562 40.280758 0.001000 0.005000
628 0.000000 15.244975 0.001000 0.005000
629 0.488281 24.933521 0.001000 0.005000
630 0.488281 21.246778 0.001000 0.005000
631 0.000000 41.174999 0.001000 0.005000
632 0.000000 22.824074 0.001000 0.005000
633 0.488281 6.258328 0.001000 0.005000
634 0.000000 8.203127 0.001000 0.005000
635 0.690534 4.114260 0.001000 0.005000
636 0.690534 29.769516 0.001000 0.005000
637 1.544081 16.791193 0.001000 0.005000
638 2.237586 6.990695 0.001000 0.005000
639 0.000000 9.404905 0.001000 0.005000
640 0.690534 5.943409 0.001000 0.005000
641 0.690534 6.027022 0.001000 0.005000
642 0.845728 15.696700 0.001000 0.005000
643 0.000000 37.945107 0.001000 0.005000
644 0.488281 56.946224 0.001000 0.005000
645 0.000000 39.900051 0.001000 0.005000
646 0.690534 29.813913 0.001000 0.005000
647 0.000000 14.862473 0.001000 0.005000
648 0.488281 11.659976 0.001000 0.005000
649 0.690534 12.150743 0.001000 0.005000
650 0.690534 14.624739 0.001000 0.005000
651 0.000000 23.716885 0.001000 0.005000
652 0.000000 13.147602 0.001000 0.005000
653 1.091830 18.677277 0.001000 0.005000
654 2.128369 18.564415 0.001000 0.005000
655 1.826981 18.701708 0.001000 0.005000
656 1.196040 31.622293 0.001000 0.005000
657 0.000000 18.738483 0.001000 0.005000
658 0.488281 25.227301 0.001000 0.005000
659 0.690534 25.903255 0.001000 0.005000
660 0.690534 11.357555 0.001000 0.005000
661 0.000000 17.654398 0.001000 0.005000
662 0.690534 19.512884 0.001000 0.005000
663 0.845728 17.694386 0.001000 0.005000
664 0.000000 11.847475 0.001000 0.005000
665 0.488281 21.165035 0.001000 0.005000
666 0.000000 13.442060 0.001000 0.005000
667 0.000000 21.103170 0.001000 0.005000
668 0.488281 15.233532 0.001000 0.005000
669 1.091830 12.865311 0.001000 0.005000
670 1.544081 9.893216 0.001000 0.005000
671 0.690534 7.901000 0.001000 0.005000
672 0.000000 7.126364 0.001000 0.005000
673 0.000000 13.417830 0.001000 0.005000
674 0.488281 14.228843 0.001000 0.005000
675 0.000000 12.841640 0.001000 0.005000
676 0.690534 15.150933 0.001000 0.005000
677 0.488281 23.631622 0.001000 0.005000
678 0.690534 21.600023 0.001000 0.005000
679 0.690534 20.783850 0.001000 0.005000
680 1.691456 18.745113 0.001000 0.005000
681 1.381068 23.944841 0.001000 0.005000
682 0.488281 17.407034 0.001000 0.005000
683 0.000000 13.864691 0.001000 0.005000
684 0.000000 7.745692 0.001000 0.005000
685 0.000000 10.018327 0.001000 0.005000
686 0.690534 19.749084 0.001000 0.005000
687 0.000000 11.586847 0.001000 0.005000
688 0.488281 9.286320 0.001000 0.005000
689 0.488281 7.119499 0.001000 0.005000
690 0.690534 19.189930 0.001000 0.005000
691 0.000000 18.362301 0.001000 0.005000
692 0.000000 5.550255 0.001000 0.005000
693 0.488281 9.006325 0.001000 0.005000
694 0.488281 23.169113 0.001000 0.005000
695 0.000000 10.452054 0.001000 0.005000
696 0.000000 24.709362 0.001000 0.005000
697 0.488281 34.354908 0.001000 0.005000
698 0.690534 12.419812 0.001000 0.005000
699 0.000000 32.310551 0.001000 0.005000
700 0.000000 39.387367 0.001000 0.005000
701 0.690534 20.735210 0.001000 0.005000
702 0.488281 34.663307 0.001000 0.005000
703 0.000000 6.605045 0.001000 0.005000
704 0.488281 10.713538 0.001000 0.005000
705 0.488281 14.883075 0.001000 0.005000
706 0.000000 8.912031 0.001000 0.005000
707 0.488281 15.680333 0.001000 0.005000
708 0.000000 5.762546 0.001000 0.005000
709 0.000000 6.903346 0.001000 0.005000
710 0.000000 18.234671 0.001000 0.005000
711 0.690534 16.280552 0.001000 0.005000
712 0.000000 10.426422 0.001000 0.005000
713 0.488281 13.669818 0.001000 0.005000
714 0.000000 12.854017 0.001000 0.005000
715 0.000000 11.558061 0.001000 0.005000
716 0.488281 9.372813 0.001000 0.005000
717 0.000000 31.594637 0.001000 0.005000
718 0.000000 7.123685 0.001000 0.005000
719 0.000000 9.751347 0.001000 0.005000
720 0.000000 9.183669 0.001000 0.005000
721 0.488281 15.925111 0.001000 0.005000
722 0.690534 14.628326 0.001000 0.005000
723 0.000000 14.767304 0.001000 0.005000
724 0.488281 11.274934 0.001000 0.005000
725 0.488281 12.046190 0.001000 0.005000
726 0.488281 10.612235 0.001000 0.005000
727 0.000000 5.093378 0.001000 0.005000
728 0.000000 9.030317 0.001000 0.005000
729 0.000000 7.693592 0.001000 0.005000
730 0.845728 3.373029 0.001000 0.005000
731 0.488281 10.493895 0.001000 0.005000
732 0.000000 9.501981 0.001000 0.005000
733 0.000000 3.744423 0.001000 0.005000
734 0.000000 2.690246 0.001000 0.005000
735 0.000000 5.939302 0.001000 0.005000
736 0.000000 15.178527 0.001000 0.005000
737 0.000000 3.729187 0.001000 0.005000
738 0.000000 10.918585 0.001000 0.005000
739 0.488281 11.212984 0.001000 0.005000
740 0.000000 8.083447 0.001000 0.005000
741 0.000000 6.139557 0.001000 0.005000
742 0.000000 10.072975 0.001000 0.005000
743 0.000000 2.821429 0.001000 0.005000
744 0.000000 7.563287 0.001000 0.005000
745 0.845728 8.713531 0.001000 0.005000
746 0.690534 14.443458 0.001000 0.005000
747 0.000000 9.038843 0.001000 0.005000
748 0.488281 8.056418 0.001000 0.005000
749 0.976562 12.116228 0.001000 0.005000
750 2.013236 8.075580 0.001000 0.005000
751 0.000000 13.303030 0.001000 0.005000
752 0.000000 9.640361 0.001000 0.005000
753 0.488281 13.939016 0.001000 0.005000
754 0.690534 22.819574 0.001000 0.005000
755 0.488281 45.090832 0.001000 0.005000
756 0.845728 46.471619 0.001000 0.005000
757 0.976562 13.441103 0.001000 0.005000
758 0.000000 23.556942 0.001000 0.005000
759 0.488281 16.320494 0.001000 0.005000
760 0.845728 10.843299 0.001000 0.005000
761 0.690534 24.030228 0.001000 0.005000
762 0.690534 14.536469 0.001000 0.005000
763 0.845728 29.105347 0.001000 0.005000
764 0.488281 7.544307 0.001000 0.005000
765 0.690534 5.815197 0.001000 0.005000
766 0.690534 9.923458 0.001000 0.005000
767 0.976562 14.289454 0.001000 0.005000
768 0.488281 6.508870 0.001000 0.005000
769 0.690534 9.505767 0.001000 0.005000
770 0.690534 12.903719 0.001000 0.005000
771 0.690534 10.868695 0.001000 0.005000
772 0.845728 9.508272 0.001000 0.005000
773 0.000000 17.364489 0.001000 0.005000
774 0.690534 25.604322 0.001000 0.005000
775 0.690534 4.412949 0.001000 0.005000
776 0.690534 8.213504 0.001000 0.005000
777 4.882817 16.851126 0.001000 0.005000
778 5.050826 15.366641 0.001000 0.005000
779 0.488281 16.690525 0.001000 0.005000
780 0.690534 3.274181 0.001000 0.005000
781 0.845728 11.136035 0.001000 0.005000
782 1.291871 28.503674 0.001000 0.005000
783 1.091830 12.707350 0.001000 0.005000
784 0.000000 24.174540 0.001000 0.005000
785 0.690534 6.482534 0.001000 0.005000
786 0.488281 15.644106 0.001000 0.005000
787 0.690534 19.031132 0.001000 0.005000
788 0.690534 13.192792 0.001000 0.005000
789 0.488281 19.563263 0.001000 0.005000
790 0.488281 4.876604 0.001000 0.005000
791 0.000000 9.420750 0.001000 0.005000
792 0.488281 10.348141 0.001000 0.005000
793 0.000000 4.983527 0.001000 0.005000
794 0.000000 2.449931 0.001000 0.005000
795 0.976562 5.506232 0.001000 0.005000
796 0.000000 8.626958 0.001000 0.005000
797 0.690534 4.875916 0.001000 0.005000
798 0.488281 1.294195 0.001000 0.005000
799 0.488281 7.206950 0.001000 0.005000
