0 0.845728 17.054710 0.001000 0.005000
1 0.845728 22.705853 0.001000 0.005000
2 0.690534 9.397663 0.001000 0.005000
3 0.000000 12.281597 0.001000 0.005000
4 0.488281 13.136861 0.001000 0.005000
5 0.690534 27.712858 0.001000 0.005000
6 0.488281 20.107529 0.001000 0.005000
7 0.690534 16.583937 0.001000 0.005000
8 0.976562 14.012978 0.001000 0.005000
9 0.690534 20.853559 0.001000 0.005000
10 0.000000 9.837096 0.001000 0.005000
11 0.000000 5.107840 0.001000 0.005000
12 0.690534 14.060380 0.001000 0.005000
13 0.488281 8.590584 0.001000 0.005000
14 0.488281 5.253709 0.001000 0.005000
15 0.690534 7.607863 0.001000 0.005000
16 0.845728 15.552922 0.001000 0.005000
17 1.091830 4.776453 0.001000 0.005000
18 2.847145 20.351982 0.001000 0.005000
19 1.891105 14.150384 0.001000 0.005000
20 0.000000 7.253803 0.001000 0.005000
21 0.690534 11.987449 0.001000 0.005000
22 0.488281 11.868505 0.001000 0.005000
23 0.000000 9.659973 0.001000 0.005000
24 0.488281 8.495479 0.001000 0.005000
25 1.091830 7.163500 0.001000 0.005000
26 1.291871 22.784138 0.001000 0.005000
27 0.690534 4.833539 0.001000 0.005000
28 0.690534 16.239925 0.001000 0.005000
29 0.000000 10.907851 0.001000 0.005000
30 0.690534 5.510089 0.001000 0.005000
31 0.690534 9.422812 0.001000 0.005000
32 0.690534 20.385689 0.001000 0.005000
33 0.000000 11.543718 0.001000 0.005000
34 0.690534 5.605771 0.001000 0.005000
35 0.488281 9.596985 0.001000 0.005000
36 0.690534 19.532858 0.001000 0.005000
37 0.976562 19.226831 0.001000 0.005000
38 0.690534 13.770458 0.001000 0.005000
39 0.690534 20.540619 0.001000 0.005000
40 0.488281 14.065845 0.001000 0.005000
41 0.488281 8.976413 0.001000 0.005000
42 0.488281 8.644768 0.001000 0.005000
43 0.000000 10.514894 0.001000 0.005000
44 0.000000 9.020749 0.001000 0.005000
45 1.091830 31.450703 0.001000 0.005000
46 0.488281 11.533403 0.001000 0.005000
47 0.690534 15.901943 0.001000 0.005000
48 0.690534 9.972974 0.001000 0.005000
49 0.976562 42.413879 0.001000 0.005000
50 0.690534 18.254883 0.001000 0.005000
51 0.000000 18.537354 0.001000 0.005000
52 0.690534 10.597106 0.001000 0.005000
53 0.690534 10.675266 0.001000 0.005000
54 0.976562 9.954546 0.001000 0.005000
55 0.690534 10.355832 0.001000 0.005000
56 0.690534 12.870925 0.001000 0.005000
57 0.690534 12.003195 0.001000 0.005000
58 0.690534 3.952293 0.001000 0.005000
59 0.488281 5.091478 0.001000 0.005000
60 0.690534 12.941302 0.001000 0.005000
61 0.000000 17.442762 0.001000 0.005000
62 0.000000 30.313290 0.001000 0.005000
63 0.000000 15.160769 0.001000 0.005000
64 0.488281 10.166080 0.001000 0.005000
65 0.690534 21.391697 0.001000 0.005000
66 0.000000 7.543849 0.001000 0.005000
67 0.000000 26.802485 0.001000 0.005000
68 0.690534 8.828582 0.001000 0.005000
69 0.690534 23.971367 0.001000 0.005000
70 0.000000 13.629396 0.001000 0.005000
71 0.690534 14.342490 0.001000 0.005000
72 0.488281 2.068426 0.001000 0.005000
73 0.000000 10.818640 0.001000 0.005000
74 0.000000 12.396996 0.001000 0.005000
75 0.000000 41.663822 0.001000 0.005000
76 0.488281 20.951159 0.001000 0.005000
77 0.488281 22.077690 0.001000 0.005000
78 0.000000 7.008657 0.001000 0.005000
79 0.000000 20.861624 0.001000 0.005000
80 0.000000 21.045883 0.001000 0.005000
81 0.488281 19.145168 0.001000 0.005000
82 0.488281 15.816998 0.001000 0.005000
83 0.488281 10.960002 0.001000 0.005000
84 0.488281 21.026459 0.001000 0.005000
85 0.488281 13.177777 0.001000 0.005000
86 0.488281 7.196264 0.001000 0.005000
87 0.000000 13.673117 0.001000 0.005000
88 0.690534 32.585400 0.001000 0.005000
89 0.690534 27.027195 0.001000 0.005000
90 0.000000 27.716997 0.001000 0.005000
91 0.690534 13.655079 0.001000 0.005000
92 0.488281 26.836357 0.001000 0.005000
93 0.000000 20.448616 0.001000 0.005000
94 0.976562 40.401760 0.001000 0.005000
95 0.488281 41.485210 0.001000 0.005000
96 0.690534 19.144083 0.001000 0.005000
97 0.976562 14.632904 0.001000 0.005000
98 0.000000 23.467810 0.001000 0.005000
99 0.000000 15.605194 0.001000 0.005000
100 0.488281 22.178934 0.001000 0.005000
101 0.000000 16.273497 0.001000 0.005000
102 1.196040 26.531521 0.001000 0.005000
103 0.488281 12.479385 0.001000 0.005000
104 0.690534 21.664371 0.001000 0.005000
105 1.091830 20.021587 0.001000 0.005000
106 0.845728 27.813364 0.001000 0.005000
107 0.690534 22.468668 0.001000 0.005000
108 0.845728 12.105005 0.001000 0.005000
109 0.976562 29.084154 0.001000 0.005000
110 1.381068 2.874624 0.001000 0.005000
111 0.488281 18.925159 0.001000 0.005000
112 0.000000 15.415395 0.001000 0.005000
113 0.690534 8.292294 0.001000 0.005000
114 0.690534 9.606352 0.001000 0.005000
115 0.976562 14.914836 0.001000 0.005000
116 0.488281 18.597399 0.001000 0.005000
117 0.488281 20.033255 0.001000 0.005000
118 0.690534 14.083478 0.001000 0.005000
119 0.488281 24.304527 0.001000 0.005000
120 0.000000 9.783536 0.001000 0.005000
121 0.845728 9.454815 0.001000 0.005000
122 0.000000 14.870587 0.001000 0.005000
123 1.196040 19.162666 0.001000 0.005000
124 0.488281 9.452621 0.001000 0.005000
125 0.000000 38.974518 0.001000 0.005000
126 0.488281 27.787411 0.001000 0.005000
127 0.976562 25.960764 0.001000 0.005000
128 0.690534 15.764223 0.001000 0.005000
129 0.690534 22.870468 0.001000 0.005000
130 0.000000 23.976467 0.001000 0.005000
131 0.690534 16.108332 0.001000 0.005000
132 0.976562 17.172262 0.001000 0.005000
133 0.000000 16.858919 0.001000 0.005000
134 1.091830 14.363294 0.001000 0.005000
135 0.488281 23.924738 0.001000 0.005000
136 0.000000 12.685010 0.001000 0.005000
137 0.488281 15.673495 0.001000 0.005000
138 0.845728 30.274529 0.001000 0.005000
139 0.488281 25.126289 0.001000 0.005000
140 0.488281 19.603277 0.001000 0.005000
141 0.000000 21.264227 0.001000 0.005000
142 0.488281 17.135683 0.001000 0.005000
143 0.976562 22.676228 0.001000 0.005000
144 0.845728 19.796860 0.001000 0.005000
145 1.196040 27.060223 0.001000 0.005000
146 0.488281 17.787796 0.001000 0.005000
147 0.845728 16.566202 0.001000 0.005000
148 0.976562 16.407316 0.001000 0.005000
149 0.690534 10.733722 0.001000 0.005000
150 0.690534 4.443589 0.001000 0.005000
151 0.976562 36.279320 0.001000 0.005000
152 0.690534 16.371714 0.001000 0.005000
153 0.488281 20.376905 0.001000 0.005000
154 0.488281 6.219262 0.001000 0.005000
155 0.488281 15.286560 0.001000 0.005000
156 0.000000 8.310624 0.001000 0.005000
157 0.488281 9.285070 0.001000 0.005000
158 0.000000 9.263180 0.001000 0.005000
159 0.845728 7.277428 0.001000 0.005000
160 0.000000 9.675529 0.001000 0.005000
161 0.000000 9.580803 0.001000 0.005000
162 0.000000 16.441626 0.001000 0.005000
163 0.000000 11.005479 0.001000 0.005000
164 0.488281 9.671032 0.001000 0.005000
165 0.976562 15.115495 0.001000 0.005000
166 0.000000 11.823501 0.001000 0.005000
167 0.690534 17.574020 0.001000 0.005000
168 0.000000 15.673726 0.001000 0.005000
169 0.000000 12.763705 0.001000 0.005000
170 0.976562 7.760902 0.001000 0.005000
171 0.000000 9.577435 0.001000 0.005000
172 0.488281 24.327621 0.001000 0.005000
173 0.000000 12.871312 0.001000 0.005000
174 0.488281 9.832763 0.001000 0.005000
175 0.488281 8.724254 0.001000 0.005000
176 1.196040 12.024156 0.001000 0.005000
177 0.690534 10.085627 0.001000 0.005000
178 0.976562 12.083937 0.001000 0.005000
179 0.690534 3.496498 0.001000 0.005000
180 0.488281 16.262131 0.001000 0.005000
181 0.488281 27.267347 0.001000 0.005000
182 0.845728 16.153051 0.001000 0.005000
183 0.488281 12.034691 0.001000 0.005000
184 0.000000 10.569937 0.001000 0.005000
185 0.690534 12.903638 0.001000 0.005000
186 0.000000 3.888052 0.001000 0.005000
187 0.690534 10.989906 0.001000 0.005000
188 0.845728 13.901655 0.001000 0.005000
189 1.091830 25.896685 0.001000 0.005000
190 1.091830 26.419050 0.001000 0.005000
191 0.690534 19.968031 0.001000 0.005000
192 0.000000 19.322754 0.001000 0.005000
193 0.000000 15.413692 0.001000 0.005000
194 0.690534 25.589582 0.001000 0.005000
195 0.000000 17.249113 0.001000 0.005000
196 0.000000 31.525488 0.001000 0.005000
197 0.488281 25.261000 0.001000 0.005000
198 0.690534 30.049915 0.001000 0.005000
199 0.000000 28.242874 0.001000 0.005000
200 0.488281 18.408384 0.001000 0.005000
201 0.690534 6.850185 0.001000 0.005000
202 0.488281 27.618496 0.001000 0.005000
203 0.000000 24.559528 0.001000 0.005000
204 0.488281 26.998234 0.001000 0.005000
205 0.690534 11.070143 0.001000 0.005000
206 0.488281 20.083941 0.001000 0.005000
207 0.000000 28.011332 0.001000 0.005000
208 0.000000 12.903578 0.001000 0.005000
209 0.488281 13.521587 0.001000 0.005000
210 0.845728 13.821307 0.001000 0.005000
211 0.488281 12.948212 0.001000 0.005000
212 0.690534 16.041727 0.001000 0.005000
213 0.488281 11.721284 0.001000 0.005000
214 0.000000 20.241207 0.001000 0.005000
215 0.000000 11.085868 0.001000 0.005000
216 0.000000 14.489605 0.001000 0.005000
217 0.000000 17.540634 0.001000 0.005000
218 0.488281 14.365911 0.001000 0.005000
219 0.000000 16.541800 0.001000 0.005000
220 0.000000 22.260544 0.001000 0.005000
221 0.000000 13.542383 0.001000 0.005000
222 0.690534 20.807396 0.001000 0.005000
223 0.690534 29.875034 0.001000 0.005000
224 0.690534 24.892683 0.001000 0.005000
225 0.488281 52.935646 0.001000 0.005000
226 0.488281 21.050667 0.001000 0.005000
227 0.690534 19.886730 0.001000 0.005000
228 0.690534 42.332638 0.001000 0.005000
229 0.690534 18.077435 0.001000 0.005000
230 0.000000 57.968376 0.001000 0.005000
231 0.488281 10.977982 0.001000 0.005000
232 0.690534 26.310770 0.001000 0.005000
233 0.976562 54.559139 0.001000 0.005000
234 1.544081 17.339342 0.001000 0.005000
235 0.976562 12.390644 0.001000 0.005000
236 0.000000 13.477408 0.001000 0.005000
237 0.488281 15.930646 0.001000 0.005000
238 0.000000 6.162790 0.001000 0.005000
239 0.488281 14.270612 0.001000 0.005000
240 0.488281 5.377317 0.001000 0.005000
241 0.690534 10.765695 0.001000 0.005000
242 0.000000 10.698837 0.001000 0.005000
243 0.488281 13.715302 0.001000 0.005000
244 0.488281 15.421699 0.001000 0.005000
245 0.000000 16.509466 0.001000 0.005000
246 0.690534 19.414694 0.001000 0.005000
247 0.488281 17.095060 0.001000 0.005000
248 0.000000 14.248839 0.001000 0.005000
249 1.196040 12.944507 0.001000 0.005000
250 0.000000 14.724032 0.001000 0.005000
251 0.488281 13.091835 0.001000 0.005000
252 0.845728 19.995621 0.001000 0.005000
253 0.488281 10.335163 0.001000 0.005000
254 0.488281 26.807289 0.001000 0.005000
255 1.381068 10.763677 0.001000 0.005000
256 0.488281 46.493622 0.001000 0.005000
257 1.196040 26.658127 0.001000 0.005000
258 0.488281 41.626656 0.001000 0.005000
259 0.690534 13.651006 0.001000 0.005000
260 0.488281 18.806297 0.001000 0.005000
261 0.845728 21.573063 0.001000 0.005000
262 0.690534 15.558387 0.001000 0.005000
263 0.488281 22.631968 0.001000 0.005000
264 0.488281 9.592044 0.001000 0.005000
265 0.000000 14.604851 0.001000 0.005000
266 0.000000 13.185812 0.001000 0.005000
267 0.488281 9.558374 0.001000 0.005000
268 0.488281 9.208809 0.001000 0.005000
269 0.690534 21.332191 0.001000 0.005000
