0 2.888712 14.801611 0.001000 0.005000
1 1.619446 28.143345 0.001000 0.005000
2 2.071602 15.503509 0.001000 0.005000
3 1.953125 13.384560 0.001000 0.005000
4 1.619446 15.442592 0.001000 0.005000
5 1.691456 12.945402 0.001000 0.005000
6 1.953125 8.544731 0.001000 0.005000
7 1.953125 9.976934 0.001000 0.005000
8 2.071602 1.830048 0.001000 0.005000
9 2.762137 8.216532 0.001000 0.005000
10 1.291871 10.644167 0.001000 0.005000
11 1.091830 9.993464 0.001000 0.005000
12 0.000000 17.012552 0.001000 0.005000
13 0.000000 13.402677 0.001000 0.005000
14 0.690534 11.055706 0.001000 0.005000
15 0.000000 11.323069 0.001000 0.005000
16 0.488281 5.828367 0.001000 0.005000
17 0.690534 21.418844 0.001000 0.005000
18 0.690534 6.549355 0.001000 0.005000
19 0.488281 10.154549 0.001000 0.005000
20 0.000000 8.773687 0.001000 0.005000
21 0.690534 15.104816 0.001000 0.005000
22 0.976562 7.679956 0.001000 0.005000
23 0.845728 5.809464 0.001000 0.005000
24 0.690534 11.826568 0.001000 0.005000
25 0.488281 3.531454 0.001000 0.005000
26 0.000000 13.097647 0.001000 0.005000
27 0.488281 17.441647 0.001000 0.005000
28 0.000000 10.050918 0.001000 0.005000
29 0.690534 2.867773 0.001000 0.005000
30 0.000000 5.483646 0.001000 0.005000
31 0.000000 5.477862 0.001000 0.005000
32 0.000000 10.429479 0.001000 0.005000
33 0.690534 16.147684 0.001000 0.005000
34 0.000000 7.267381 0.001000 0.005000
35 0.000000 11.209793 0.001000 0.005000
36 0.488281 4.297962 0.001000 0.005000
37 0.690534 7.369740 0.001000 0.005000
38 0.000000 15.814490 0.001000 0.005000
39 1.091830 8.833951 0.001000 0.005000
40 1.544081 15.052835 0.001000 0.005000
41 0.488281 22.153612 0.001000 0.005000
42 1.196040 13.260983 0.001000 0.005000
43 1.544081 8.975621 0.001000 0.005000
44 0.690534 11.684106 0.001000 0.005000
45 0.690534 13.843121 0.001000 0.005000
46 0.690534 11.888209 0.001000 0.005000
47 0.976562 12.034466 0.001000 0.005000
48 0.690534 9.576009 0.001000 0.005000
49 0.488281 13.239248 0.001000 0.005000
50 0.000000 8.968366 0.001000 0.005000
51 0.845728 10.825982 0.001000 0.005000
52 0.976562 9.125683 0.001000 0.005000
53 0.488281 3.669921 0.001000 0.005000
54 0.976562 3.244742 0.001000 0.005000
55 0.690534 6.984827 0.001000 0.005000
56 0.488281 8.231909 0.001000 0.005000
57 0.488281 9.351631 0.001000 0.005000
58 0.690534 9.446980 0.001000 0.005000
59 0.690534 12.226794 0.001000 0.005000
60 0.488281 7.364613 0.001000 0.005000
61 0.690534 11.038130 0.001000 0.005000
62 1.760523 15.323596 0.001000 0.005000
63 0.845728 7.693780 0.001000 0.005000
64 1.291871 9.582979 0.001000 0.005000
65 0.690534 5.643678 0.001000 0.005000
66 0.976562 10.827504 0.001000 0.005000
67 0.000000 8.785126 0.001000 0.005000
68 0.976562 2.553962 0.001000 0.005000
69 0.976562 14.802533 0.001000 0.005000
70 0.488281 4.944038 0.001000 0.005000
71 0.690534 11.750314 0.001000 0.005000
72 0.690534 15.912789 0.001000 0.005000
73 0.690534 9.001620 0.001000 0.005000
74 0.690534 5.608594 0.001000 0.005000
75 0.000000 19.036324 0.001000 0.005000
76 0.000000 4.445869 0.001000 0.005000
77 0.488281 11.562545 0.001000 0.005000
78 0.000000 9.620838 0.001000 0.005000
79 0.690534 8.310492 0.001000 0.005000
80 0.690534 12.073852 0.001000 0.005000
81 0.000000 3.678459 0.001000 0.005000
82 0.690534 12.070580 0.001000 0.005000
83 0.488281 9.412706 0.001000 0.005000
84 0.000000 19.060331 0.001000 0.005000
85 0.488281 3.191479 0.001000 0.005000
86 0.000000 13.553241 0.001000 0.005000
87 0.488281 11.006360 0.001000 0.005000
88 0.000000 11.829854 0.001000 0.005000
89 0.488281 25.806255 0.001000 0.005000
90 0.000000 19.905363 0.001000 0.005000
91 0.000000 8.658824 0.001000 0.005000
92 0.000000 14.261686 0.001000 0.005000
93 0.000000 14.612943 0.001000 0.005000
94 0.690534 17.048750 0.001000 0.005000
95 0.000000 5.691426 0.001000 0.005000
96 0.000000 15.157601 0.001000 0.005000
97 0.488281 10.412197 0.001000 0.005000
98 0.488281 19.126671 0.001000 0.005000
99 0.000000 15.913706 0.001000 0.005000
100 0.690534 16.654894 0.001000 0.005000
101 0.488281 15.296189 0.001000 0.005000
102 0.000000 9.926857 0.001000 0.005000
103 0.488281 16.145374 0.001000 0.005000
104 0.000000 13.340867 0.001000 0.005000
105 0.690534 6.674819 0.001000 0.005000
106 0.690534 7.698765 0.001000 0.005000
107 0.976562 7.365383 0.001000 0.005000
108 0.488281 8.761311 0.001000 0.005000
109 0.690534 10.842596 0.001000 0.005000
110 0.000000 15.966722 0.001000 0.005000
111 0.845728 10.990131 0.001000 0.005000
112 0.976562 24.576260 0.001000 0.005000
113 0.690534 8.881056 0.001000 0.005000
114 0.976562 9.490464 0.001000 0.005000
115 0.690534 19.176952 0.001000 0.005000
116 0.000000 13.894311 0.001000 0.005000
117 0.488281 17.932547 0.001000 0.005000
118 0.488281 11.385946 0.001000 0.005000
119 0.845728 11.083174 0.001000 0.005000
120 0.976562 8.434881 0.001000 0.005000
121 0.488281 17.560228 0.001000 0.005000
122 0.690534 8.751436 0.001000 0.005000
123 0.000000 11.386954 0.001000 0.005000
124 0.690534 12.603657 0.001000 0.005000
125 0.000000 7.932523 0.001000 0.005000
126 0.000000 5.961665 0.001000 0.005000
127 0.976562 7.386414 0.001000 0.005000
128 0.000000 29.882496 0.001000 0.005000
129 0.488281 4.174647 0.001000 0.005000
130 0.000000 11.045055 0.001000 0.005000
131 0.000000 5.598101 0.001000 0.005000
132 0.488281 22.721502 0.001000 0.005000
133 0.488281 11.016394 0.001000 0.005000
134 0.000000 9.941823 0.001000 0.005000
135 0.488281 2.310292 0.001000 0.005000
136 0.690534 17.081528 0.001000 0.005000
137 0.000000 8.010539 0.001000 0.005000
138 0.488281 12.700517 0.001000 0.005000
139 0.690534 11.192222 0.001000 0.005000
140 0.488281 14.063066 0.001000 0.005000
141 0.000000 9.361830 0.001000 0.005000
142 0.000000 21.060915 0.001000 0.005000
143 0.488281 16.553703 0.001000 0.005000
144 0.000000 13.573046 0.001000 0.005000
145 0.690534 24.177977 0.001000 0.005000
146 0.488281 12.500667 0.001000 0.005000
147 0.000000 14.961293 0.001000 0.005000
148 0.845728 16.436733 0.001000 0.005000
149 0.976562 17.719444 0.001000 0.005000
150 1.091830 5.663763 0.001000 0.005000
151 0.690534 11.107081 0.001000 0.005000
152 0.488281 13.120388 0.001000 0.005000
153 0.690534 4.198050 0.001000 0.005000
154 0.690534 8.700841 0.001000 0.005000
155 0.690534 8.530660 0.001000 0.005000
156 0.488281 9.485038 0.001000 0.005000
157 0.488281 19.969296 0.001000 0.005000
158 0.488281 14.638698 0.001000 0.005000
159 0.690534 11.228612 0.001000 0.005000
160 0.000000 17.344505 0.001000 0.005000
161 0.690534 12.973391 0.001000 0.005000
162 0.488281 11.468019 0.001000 0.005000
163 0.000000 20.800734 0.001000 0.005000
164 0.488281 11.743237 0.001000 0.005000
165 0.488281 10.893096 0.001000 0.005000
166 0.690534 16.735292 0.001000 0.005000
167 0.000000 16.101376 0.001000 0.005000
168 0.690534 18.119888 0.001000 0.005000
169 0.488281 21.311838 0.001000 0.005000
170 0.000000 11.691450 0.001000 0.005000
171 0.000000 7.284273 0.001000 0.005000
172 0.845728 20.092089 0.001000 0.005000
173 0.690534 13.230532 0.001000 0.005000
174 0.000000 8.942194 0.001000 0.005000
175 0.000000 11.379499 0.001000 0.005000
176 0.488281 6.743010 0.001000 0.005000
177 0.000000 4.276872 0.001000 0.005000
178 0.000000 16.686741 0.001000 0.005000
179 0.000000 11.543113 0.001000 0.005000
180 0.690534 7.340897 0.001000 0.005000
181 0.845728 6.732590 0.001000 0.005000
182 0.690534 9.416828 0.001000 0.005000
183 0.488281 3.932033 0.001000 0.005000
184 0.000000 14.234765 0.001000 0.005000
185 0.488281 2.125142 0.001000 0.005000
186 1.091830 21.471653 0.001000 0.005000
187 0.488281 9.311710 0.001000 0.005000
188 0.488281 5.628633 0.001000 0.005000
189 0.488281 5.716915 0.001000 0.005000
190 0.000000 9.067965 0.001000 0.005000
191 0.690534 9.247516 0.001000 0.005000
192 0.690534 11.981812 0.001000 0.005000
193 0.000000 12.438902 0.001000 0.005000
194 0.000000 13.616402 0.001000 0.005000
195 0.690534 6.665299 0.001000 0.005000
196 0.000000 7.043151 0.001000 0.005000
197 0.000000 4.533153 0.001000 0.005000
198 0.488281 7.972749 0.001000 0.005000
199 0.488281 6.281272 0.001000 0.005000
200 0.000000 6.519909 0.001000 0.005000
201 0.488281 4.852968 0.001000 0.005000
202 0.000000 5.503060 0.001000 0.005000
203 0.000000 5.647987 0.001000 0.005000
204 0.000000 15.008683 0.001000 0.005000
205 0.845728 8.686009 0.001000 0.005000
206 0.690534 12.492481 0.001000 0.005000
207 0.000000 7.466219 0.001000 0.005000
208 0.488281 6.362432 0.001000 0.005000
209 0.000000 9.970490 0.001000 0.005000
210 0.488281 6.453345 0.001000 0.005000
211 0.690534 7.898742 0.001000 0.005000
212 0.976562 8.170382 0.001000 0.005000
213 0.845728 16.591370 0.001000 0.005000
214 0.000000 4.975612 0.001000 0.005000
215 0.690534 3.125885 0.001000 0.005000
216 0.690534 8.870041 0.001000 0.005000
217 0.488281 5.218744 0.001000 0.005000
218 0.845728 2.761601 0.001000 0.005000
219 0.690534 6.238677 0.001000 0.005000
220 0.690534 5.141720 0.001000 0.005000
221 0.488281 6.137146 0.001000 0.005000
222 0.000000 2.931378 0.001000 0.005000
223 0.488281 4.836301 0.001000 0.005000
224 1.291871 14.435053 0.001000 0.005000
225 0.690534 21.026470 0.001000 0.005000
226 1.196040 5.295022 0.001000 0.005000
227 0.690534 7.734066 0.001000 0.005000
228 0.000000 3.210126 0.001000 0.005000
229 1.291871 24.891188 0.001000 0.005000
230 0.488281 7.157063 0.001000 0.005000
231 0.690534 3.255561 0.001000 0.005000
232 0.845728 13.927550 0.001000 0.005000
233 0.690534 8.030449 0.001000 0.005000
234 0.488281 5.897662 0.001000 0.005000
235 0.488281 16.800579 0.001000 0.005000
236 0.488281 8.344905 0.001000 0.005000
237 0.845728 12.476557 0.001000 0.005000
238 1.196040 31.265764 0.001000 0.005000
239 0.690534 6.800897 0.001000 0.005000
240 0.000000 18.371374 0.001000 0.005000
241 0.976562 21.743233 0.001000 0.005000
242 0.000000 10.109970 0.001000 0.005000
243 0.690534 13.964558 0.001000 0.005000
244 0.690534 30.578356 0.001000 0.005000
245 0.000000 3.675813 0.001000 0.005000
246 0.488281 2.076674 0.001000 0.005000
247 0.000000 42.836338 0.001000 0.005000
248 0.000000 6.143456 0.001000 0.005000
249 0.690534 4.222826 0.001000 0.005000
250 0.690534 25.341316 0.001000 0.005000
251 0.000000 7.000275 0.001000 0.005000
252 0.000000 7.290888 0.001000 0.005000
253 0.488281 9.576241 0.001000 0.005000
254 0.000000 5.567647 0.001000 0.005000
255 0.488281 7.932148 0.001000 0.005000
256 0.488281 9.882849 0.001000 0.005000
257 0.488281 7.556953 0.001000 0.005000
258 0.000000 7.612113 0.001000 0.005000
259 0.690534 22.510900 0.001000 0.005000
260 0.488281 4.078057 0.001000 0.005000
261 0.000000 9.966944 0.001000 0.005000
262 0.488281 4.405638 0.001000 0.005000
263 0.000000 8.904921 0.001000 0.005000
264 0.000000 0.350675 0.001000 0.005000
265 0.000000 1.039869 0.001000 0.005000
266 0.488281 8.167442 0.001000 0.005000
267 0.000000 3.462238 0.001000 0.005000
268 0.488281 4.078626 0.001000 0.005000
269 0.000000 5.981007 0.001000 0.005000
270 0.000000 2.443224 0.001000 0.005000
271 0.488281 4.748416 0.001000 0.005000
272 0.690534 1.517856 0.001000 0.005000
273 0.488281 8.137683 0.001000 0.005000
274 0.000000 14.149611 0.001000 0.005000
275 0.000000 9.233840 0.001000 0.005000
276 0.690534 9.866729 0.001000 0.005000
277 0.488281 1.208237 0.001000 0.005000
278 0.690534 6.911623 0.001000 0.005000
279 0.690534 9.828591 0.001000 0.005000
280 0.488281 16.453339 0.001000 0.005000
281 0.000000 29.451611 0.001000 0.005000
282 0.976562 35.059761 0.001000 0.005000
283 0.690534 8.793366 0.001000 0.005000
284 0.000000 42.100533 0.001000 0.005000
285 0.690534 22.300734 0.001000 0.005000
286 0.000000 15.074914 0.001000 0.005000
287 0.488281 16.792633 0.001000 0.005000
288 0.690534 24.442024 0.001000 0.005000
289 0.000000 20.229774 0.001000 0.005000
290 0.976562 16.459082 0.001000 0.005000
291 0.488281 35.140137 0.001000 0.005000
292 0.488281 33.605488 0.001000 0.005000
293 0.000000 23.231760 0.001000 0.005000
294 0.488281 36.506809 0.001000 0.005000
295 0.976562 41.701355 0.001000 0.005000
296 0.845728 37.457066 0.001000 0.005000
297 0.690534 30.727022 0.001000 0.005000
298 1.291871 55.935017 0.001000 0.005000
299 1.196040 4.781649 0.001000 0.005000
300 1.691456 50.715431 0.001000 0.005000
301 0.690534 42.052223 0.001000 0.005000
302 1.619446 9.350397 0.001000 0.005000
303 1.544081 20.343189 0.001000 0.005000
304 1.196040 63.715752 0.001000 0.005000
305 1.091830 35.443710 0.001000 0.005000
306 0.976562 59.836929 0.001000 0.005000
307 1.381068 12.112473 0.001000 0.005000
308 0.488281 21.710165 0.001000 0.005000
309 0.976562 43.976818 0.001000 0.005000
310 0.690534 28.290850 0.001000 0.005000
311 2.071602 124.308380 0.001000 0.005000
312 0.690534 20.218723 0.001000 0.005000
313 0.976562 19.136248 0.001000 0.005000
314 1.381068 26.149134 0.001000 0.005000
315 1.464844 69.016304 0.001000 0.005000
316 0.488281 22.436296 0.001000 0.005000
317 0.976562 13.010454 0.001000 0.005000
318 1.196040 40.176006 0.001000 0.005000
319 0.976562 16.032543 0.001000 0.005000
320 0.976562 14.057290 0.001000 0.005000
321 1.196040 55.820198 0.001000 0.005000
322 0.976562 9.539300 0.001000 0.005000
323 1.381068 14.646667 0.001000 0.005000
324 0.690534 25.309710 0.001000 0.005000
325 0.690534 16.845413 0.001000 0.005000
326 1.291871 20.210104 0.001000 0.005000
327 1.619446 42.047859 0.001000 0.005000
328 0.000000 26.899612 0.001000 0.005000
329 1.091830 28.578499 0.001000 0.005000
330 0.488281 23.883181 0.001000 0.005000
331 0.690534 36.214405 0.001000 0.005000
332 0.976562 23.349211 0.001000 0.005000
333 0.845728 19.913399 0.001000 0.005000
334 1.760523 16.544144 0.001000 0.005000
335 2.290242 17.549313 0.001000 0.005000
336 1.619446 20.213299 0.001000 0.005000
337 0.690534 11.530885 0.001000 0.005000
338 0.690534 16.640820 0.001000 0.005000
339 0.000000 19.079733 0.001000 0.005000
340 0.000000 14.002431 0.001000 0.005000
341 0.000000 24.374836 0.001000 0.005000
342 0.845728 7.706923 0.001000 0.005000
343 0.488281 33.071438 0.001000 0.005000
344 0.000000 36.654213 0.001000 0.005000
345 0.976562 15.492606 0.001000 0.005000
346 0.690534 29.291666 0.001000 0.005000
347 0.690534 10.098589 0.001000 0.005000
348 0.488281 27.386379 0.001000 0.005000
349 0.845728 14.631949 0.001000 0.005000
350 0.845728 29.897203 0.001000 0.005000
351 0.000000 15.484241 0.001000 0.005000
352 0.488281 13.952249 0.001000 0.005000
353 0.488281 10.584448 0.001000 0.005000
354 0.488281 13.386440 0.001000 0.005000
355 0.690534 8.442003 0.001000 0.005000
356 0.488281 12.880359 0.001000 0.005000
357 0.690534 21.651709 0.001000 0.005000
358 0.488281 6.093743 0.001000 0.005000
359 0.000000 28.637342 0.001000 0.005000
360 0.690534 7.254570 0.001000 0.005000
361 0.845728 28.332930 0.001000 0.005000
362 0.690534 10.879471 0.001000 0.005000
363 0.488281 12.640615 0.001000 0.005000
364 1.196040 10.588287 0.001000 0.005000
365 0.690534 8.643227 0.001000 0.005000
366 0.690534 6.093972 0.001000 0.005000
367 0.000000 17.408319 0.001000 0.005000
368 0.690534 7.403249 0.001000 0.005000
369 0.488281 32.658249 0.001000 0.005000
370 0.690534 12.517279 0.001000 0.005000
371 0.690534 16.688551 0.001000 0.005000
372 0.976562 13.748454 0.001000 0.005000
373 0.000000 16.956104 0.001000 0.005000
374 0.690534 21.548723 0.001000 0.005000
375 1.091830 2.816135 0.001000 0.005000
376 0.000000 13.905168 0.001000 0.005000
377 0.690534 4.294659 0.001000 0.005000
378 0.845728 17.662218 0.001000 0.005000
379 0.845728 18.741488 0.001000 0.005000
380 0.690534 31.835760 0.001000 0.005000
381 0.690534 11.188523 0.001000 0.005000
382 0.976562 7.688475 0.001000 0.005000
383 0.488281 5.339074 0.001000 0.005000
384 0.488281 14.546285 0.001000 0.005000
385 0.976562 7.795153 0.001000 0.005000
386 0.000000 4.178695 0.001000 0.005000
387 0.845728 7.234404 0.001000 0.005000
388 1.381068 13.614125 0.001000 0.005000
389 0.690534 12.273031 0.001000 0.005000
390 0.000000 13.015711 0.001000 0.005000
391 1.196040 13.629963 0.001000 0.005000
392 0.976562 20.270618 0.001000 0.005000
393 1.291871 13.189179 0.001000 0.005000
394 1.291871 6.725675 0.001000 0.005000
395 0.488281 14.034839 0.001000 0.005000
396 0.690534 10.886814 0.001000 0.005000
397 0.000000 15.526274 0.001000 0.005000
398 1.091830 16.711794 0.001000 0.005000
399 1.196040 3.876858 0.001000 0.005000
400 0.000000 4.673814 0.001000 0.005000
401 0.488281 23.396120 0.001000 0.005000
402 0.000000 18.652977 0.001000 0.005000
403 0.976562 15.763950 0.001000 0.005000
404 0.976562 5.600068 0.001000 0.005000
405 0.000000 3.088303 0.001000 0.005000
406 0.488281 22.718372 0.001000 0.005000
407 0.845728 8.202198 0.001000 0.005000
408 0.000000 12.805307 0.001000 0.005000
409 0.000000 5.926950 0.001000 0.005000
410 0.690534 28.992521 0.001000 0.005000
411 0.488281 9.898453 0.001000 0.005000
412 0.976562 14.362885 0.001000 0.005000
413 0.488281 5.718431 0.001000 0.005000
414 0.976562 25.382360 0.001000 0.005000
415 0.488281 19.046148 0.001000 0.005000
416 0.690534 20.347523 0.001000 0.005000
417 0.845728 5.482494 0.001000 0.005000
418 0.690534 13.191625 0.001000 0.005000
419 0.845728 8.484779 0.001000 0.005000
420 0.000000 17.635843 0.001000 0.005000
421 0.000000 6.962312 0.001000 0.005000
422 0.488281 29.482965 0.001000 0.005000
423 0.976562 65.962013 0.001000 0.005000
424 0.488281 17.899826 0.001000 0.005000
425 1.091830 27.626265 0.001000 0.005000
426 0.000000 53.408928 0.001000 0.005000
427 0.845728 16.989105 0.001000 0.005000
428 0.488281 7.108563 0.001000 0.005000
429 1.091830 64.822960 0.001000 0.005000
430 0.690534 11.023169 0.001000 0.005000
431 0.976562 15.933008 0.001000 0.005000
432 0.000000 7.540272 0.001000 0.005000
433 0.488281 8.959099 0.001000 0.005000
434 0.000000 38.499561 0.001000 0.005000
435 0.488281 9.239895 0.001000 0.005000
436 0.000000 10.823671 0.001000 0.005000
437 0.000000 21.114418 0.001000 0.005000
438 0.690534 11.243508 0.001000 0.005000
439 0.690534 8.143310 0.001000 0.005000
440 0.000000 5.817685 0.001000 0.005000
441 0.488281 11.926639 0.001000 0.005000
442 0.488281 4.278647 0.001000 0.005000
443 0.690534 9.834746 0.001000 0.005000
444 0.000000 4.260227 0.001000 0.005000
445 0.000000 16.544901 0.001000 0.005000
446 0.000000 14.129562 0.001000 0.005000
447 0.000000 14.585356 0.001000 0.005000
448 0.000000 10.030878 0.001000 0.005000
449 0.000000 18.329763 0.001000 0.005000
450 0.000000 6.911938 0.001000 0.005000
451 0.488281 12.584790 0.001000 0.005000
452 0.000000 9.572140 0.001000 0.005000
453 0.000000 14.219613 0.001000 0.005000
454 1.091830 11.296134 0.001000 0.005000
455 1.091830 3.433998 0.001000 0.005000
456 0.690534 11.424917 0.001000 0.005000
457 0.000000 11.653066 0.001000 0.005000
458 2.290242 16.878002 0.001000 0.005000
459 2.583742 15.010618 0.001000 0.005000
460 0.000000 7.342684 0.001000 0.005000
461 0.845728 10.974933 0.001000 0.005000
462 0.690534 17.001879 0.001000 0.005000
463 0.000000 9.477842 0.001000 0.005000
464 0.000000 8.442699 0.001000 0.005000
465 0.690534 16.524637 0.001000 0.005000
466 0.690534 1.138611 0.001000 0.005000
467 0.488281 11.550145 0.001000 0.005000
468 0.000000 5.992173 0.001000 0.005000
469 0.488281 11.394939 0.001000 0.005000
470 0.488281 15.447994 0.001000 0.005000
471 0.000000 3.803063 0.001000 0.005000
472 0.690534 15.542789 0.001000 0.005000
473 0.000000 8.324257 0.001000 0.005000
474 0.000000 9.633551 0.001000 0.005000
475 0.690534 5.571959 0.001000 0.005000
476 0.000000 4.836444 0.001000 0.005000
477 0.000000 8.733885 0.001000 0.005000
478 0.000000 9.240200 0.001000 0.005000
479 0.488281 17.262848 0.001000 0.005000
480 0.000000 9.822619 0.001000 0.005000
481 0.000000 13.174111 0.001000 0.005000
482 0.000000 6.755668 0.001000 0.005000
483 0.845728 12.242964 0.001000 0.005000
484 0.488281 4.800437 0.001000 0.005000
485 0.976562 12.524044 0.001000 0.005000
486 1.381068 8.039717 0.001000 0.005000
487 0.000000 12.106946 0.001000 0.005000
488 0.976562 7.695772 0.001000 0.005000
489 0.488281 16.024511 0.001000 0.005000
490 0.690534 14.966080 0.001000 0.005000
491 0.690534 6.870556 0.001000 0.005000
492 0.690534 32.434742 0.001000 0.005000
493 0.488281 11.198742 0.001000 0.005000
494 0.690534 9.946050 0.001000 0.005000
495 0.000000 28.165588 0.001000 0.005000
496 1.291871 16.730803 0.001000 0.005000
497 1.196040 12.129934 0.001000 0.005000
498 0.488281 25.722031 0.001000 0.005000
499 1.619446 7.450132 0.001000 0.005000
500 1.544081 25.981613 0.001000 0.005000
501 2.183661 10.542332 0.001000 0.005000
502 1.544081 11.926394 0.001000 0.005000
503 0.488281 13.405680 0.001000 0.005000
504 0.488281 6.518328 0.001000 0.005000
505 0.000000 18.993990 0.001000 0.005000
506 0.488281 9.555574 0.001000 0.005000
507 0.690534 11.009261 0.001000 0.005000
508 0.845728 9.470886 0.001000 0.005000
509 0.690534 9.389147 0.001000 0.005000
510 0.976562 39.756596 0.001000 0.005000
511 0.845728 9.637143 0.001000 0.005000
512 0.690534 6.276846 0.001000 0.005000
513 1.196040 13.250953 0.001000 0.005000
514 1.091830 4.444498 0.001000 0.005000
515 0.488281 14.306747 0.001000 0.005000
516 0.976562 31.919203 0.001000 0.005000
517 0.690534 10.512625 0.001000 0.005000
518 0.000000 20.365906 0.001000 0.005000
519 0.488281 6.081301 0.001000 0.005000
520 0.845728 14.508438 0.001000 0.005000
521 0.488281 1.446038 0.001000 0.005000
522 0.976562 11.625927 0.001000 0.005000
523 0.976562 5.776925 0.001000 0.005000
524 0.488281 10.864798 0.001000 0.005000
525 0.000000 12.889438 0.001000 0.005000
526 0.000000 11.625427 0.001000 0.005000
527 0.000000 3.932931 0.001000 0.005000
528 0.690534 36.903767 0.001000 0.005000
529 0.488281 8.266002 0.001000 0.005000
530 0.690534 12.501670 0.001000 0.005000
531 0.690534 10.856615 0.001000 0.005000
532 0.690534 11.652515 0.001000 0.005000
533 0.845728 12.423575 0.001000 0.005000
534 0.488281 14.024218 0.001000 0.005000
535 0.690534 5.377771 0.001000 0.005000
536 0.690534 17.416428 0.001000 0.005000
537 0.000000 9.202727 0.001000 0.005000
538 0.000000 7.244852 0.001000 0.005000
539 0.488281 19.908873 0.001000 0.005000
540 0.845728 7.705369 0.001000 0.005000
541 1.196040 8.504501 0.001000 0.005000
542 0.000000 10.729320 0.001000 0.005000
543 0.488281 11.662270 0.001000 0.005000
544 0.000000 6.666575 0.001000 0.005000
545 0.690534 16.360622 0.001000 0.005000
546 0.000000 12.485662 0.001000 0.005000
547 0.690534 9.980974 0.001000 0.005000
548 0.690534 35.142502 0.001000 0.005000
549 0.488281 10.242488 0.001000 0.005000
550 0.000000 8.510376 0.001000 0.005000
551 0.690534 9.514718 0.001000 0.005000
552 0.488281 2.241603 0.001000 0.005000
553 0.000000 18.070549 0.001000 0.005000
554 0.690534 29.637596 0.001000 0.005000
555 0.845728 22.381218 0.001000 0.005000
556 0.690534 6.761824 0.001000 0.005000
557 0.000000 10.391653 0.001000 0.005000
558 0.488281 18.153305 0.001000 0.005000
559 0.690534 15.764724 0.001000 0.005000
560 0.000000 11.378744 0.001000 0.005000
561 0.690534 16.327698 0.001000 0.005000
562 0.488281 5.129582 0.001000 0.005000
563 0.488281 13.235368 0.001000 0.005000
564 0.000000 6.868855 0.001000 0.005000
565 0.488281 15.225714 0.001000 0.005000
566 0.000000 6.549695 0.001000 0.005000
567 0.488281 7.734967 0.001000 0.005000
568 0.488281 7.022572 0.001000 0.005000
569 0.488281 12.091432 0.001000 0.005000
570 0.000000 10.285265 0.001000 0.005000
571 0.488281 8.508325 0.001000 0.005000
572 0.488281 23.191959 0.001000 0.005000
573 0.690534 7.645125 0.001000 0.005000
574 0.000000 7.794821 0.001000 0.005000
575 0.690534 8.217919 0.001000 0.005000
576 0.488281 10.817367 0.001000 0.005000
577 0.000000 8.560441 0.001000 0.005000
578 0.690534 7.755449 0.001000 0.005000
579 0.000000 9.213344 0.001000 0.005000
580 0.690534 11.251222 0.001000 0.005000
581 0.000000 17.994396 0.001000 0.005000
582 0.488281 9.093806 0.001000 0.005000
583 1.381068 18.528126 0.001000 0.005000
584 1.544081 13.331524 0.001000 0.005000
585 0.976562 18.846823 0.001000 0.005000
586 0.690534 11.823206 0.001000 0.005000
587 0.690534 38.516785 0.001000 0.005000
588 0.000000 11.013364 0.001000 0.005000
589 0.000000 7.557638 0.001000 0.005000
590 0.690534 7.789119 0.001000 0.005000
591 0.000000 1.414313 0.001000 0.005000
592 0.488281 11.237309 0.001000 0.005000
593 0.000000 2.585409 0.001000 0.005000
594 1.291871 10.174460 0.001000 0.005000
595 0.488281 9.496277 0.001000 0.005000
596 0.488281 14.963920 0.001000 0.005000
597 0.845728 7.533720 0.001000 0.005000
598 0.000000 7.888192 0.001000 0.005000
599 0.690534 8.938630 0.001000 0.005000
600 0.690534 6.684672 0.001000 0.005000
601 0.000000 8.787839 0.001000 0.005000
602 0.976562 6.954475 0.001000 0.005000
603 0.488281 7.944067 0.001000 0.005000
604 0.000000 1.886973 0.001000 0.005000
605 0.845728 11.881862 0.001000 0.005000
606 0.000000 6.453713 0.001000 0.005000
607 0.690534 11.314578 0.001000 0.005000
608 0.488281 6.344347 0.001000 0.005000
609 0.000000 8.639430 0.001000 0.005000
610 0.845728 12.495841 0.001000 0.005000
611 0.690534 18.222870 0.001000 0.005000
612 0.976562 9.323529 0.001000 0.005000
613 0.690534 7.676587 0.001000 0.005000
614 0.690534 3.533279 0.001000 0.005000
615 0.976562 6.967031 0.001000 0.005000
616 0.000000 11.578998 0.001000 0.005000
617 0.845728 10.417890 0.001000 0.005000
618 0.690534 7.415060 0.001000 0.005000
619 0.000000 15.803234 0.001000 0.005000
620 0.488281 9.323715 0.001000 0.005000
621 0.488281 11.563104 0.001000 0.005000
622 0.488281 13.000492 0.001000 0.005000
623 0.690534 20.371620 0.001000 0.005000
624 0.690534 6.935599 0.001000 0.005000
625 0.690534 10.492517 0.001000 0.005000
626 0.000000 13.233839 0.001000 0.005000
627 0.000000 7.725867 0.001000 0.005000
628 0.000000 11.230218 0.001000 0.005000
629 0.488281 9.663693 0.001000 0.005000
630 0.690534 9.852019 0.001000 0.005000
631 0.000000 22.938162 0.001000 0.005000
632 0.000000 18.585592 0.001000 0.005000
633 0.488281 11.359928 0.001000 0.005000
634 0.488281 34.744347 0.001000 0.005000
635 0.000000 8.251212 0.001000 0.005000
636 0.000000 7.524011 0.001000 0.005000
637 0.690534 9.471604 0.001000 0.005000
638 0.488281 18.023640 0.001000 0.005000
639 0.690534 13.385575 0.001000 0.005000
640 0.845728 11.408265 0.001000 0.005000
641 0.000000 7.590658 0.001000 0.005000
642 0.690534 11.773928 0.001000 0.005000
643 0.845728 5.777620 0.001000 0.005000
644 1.196040 20.801760 0.001000 0.005000
645 0.000000 5.122437 0.001000 0.005000
646 0.488281 7.534071 0.001000 0.005000
647 0.000000 8.385686 0.001000 0.005000
648 0.690534 6.834301 0.001000 0.005000
649 0.488281 9.764726 0.001000 0.005000
650 0.488281 5.531111 0.001000 0.005000
651 0.690534 8.540321 0.001000 0.005000
652 1.091830 20.315447 0.001000 0.005000
653 0.690534 10.338799 0.001000 0.005000
654 0.690534 23.956125 0.001000 0.005000
655 0.000000 19.640551 0.001000 0.005000
656 0.488281 29.424032 0.001000 0.005000
657 0.000000 13.643877 0.001000 0.005000
658 0.690534 12.785263 0.001000 0.005000
659 0.488281 17.411118 0.001000 0.005000
660 0.488281 10.721654 0.001000 0.005000
661 0.976562 13.666171 0.001000 0.005000
662 1.196040 30.553919 0.001000 0.005000
663 0.690534 9.610457 0.001000 0.005000
664 0.690534 23.300894 0.001000 0.005000
665 0.976562 12.270402 0.001000 0.005000
666 0.690534 13.157620 0.001000 0.005000
667 0.690534 7.887851 0.001000 0.005000
668 0.488281 4.413506 0.001000 0.005000
669 0.976562 24.771774 0.001000 0.005000
670 0.690534 8.626884 0.001000 0.005000
671 0.000000 19.284285 0.001000 0.005000
672 0.690534 4.143565 0.001000 0.005000
673 0.488281 13.814477 0.001000 0.005000
674 0.976562 9.528299 0.001000 0.005000
675 0.690534 14.716928 0.001000 0.005000
676 0.488281 8.172058 0.001000 0.005000
677 0.488281 13.416219 0.001000 0.005000
678 0.000000 11.765475 0.001000 0.005000
679 0.690534 27.629045 0.001000 0.005000
680 0.690534 15.918047 0.001000 0.005000
681 0.690534 23.010031 0.001000 0.005000
682 0.000000 26.275291 0.001000 0.005000
683 0.845728 19.200829 0.001000 0.005000
684 0.845728 34.556473 0.001000 0.005000
685 0.488281 10.982322 0.001000 0.005000
686 0.000000 40.666996 0.001000 0.005000
687 0.000000 38.124573 0.001000 0.005000
688 0.690534 30.201330 0.001000 0.005000
689 0.488281 39.054813 0.001000 0.005000
690 0.845728 34.323654 0.001000 0.005000
691 0.690534 30.196432 0.001000 0.005000
692 0.690534 34.415344 0.001000 0.005000
693 0.488281 53.403702 0.001000 0.005000
694 0.976562 41.098442 0.001000 0.005000
695 0.845728 21.999807 0.001000 0.005000
696 0.976562 25.656902 0.001000 0.005000
697 0.488281 24.427654 0.001000 0.005000
698 0.976562 38.923084 0.001000 0.005000
699 0.690534 39.993404 0.001000 0.005000
700 0.845728 20.716322 0.001000 0.005000
701 1.619446 42.385548 0.001000 0.005000
702 1.091830 39.515320 0.001000 0.005000
703 1.196040 49.361027 0.001000 0.005000
704 1.291871 45.456573 0.001000 0.005000
705 1.291871 49.666508 0.001000 0.005000
706 0.976562 45.082115 0.001000 0.005000
707 0.976562 11.438852 0.001000 0.005000
708 1.544081 18.252045 0.001000 0.005000
709 0.488281 26.717108 0.001000 0.005000
710 0.000000 52.668076 0.001000 0.005000
711 4.606440 119.280876 0.001000 0.005000
712 1.091830 21.380539 0.001000 0.005000
713 1.544081 3.952051 0.001000 0.005000
714 0.000000 22.940184 0.001000 0.005000
715 1.291871 48.639915 0.001000 0.005000
716 3.164425 133.760727 0.001000 0.005000
717 1.091830 9.084841 0.001000 0.005000
718 0.690534 16.589554 0.001000 0.005000
719 0.690534 48.288609 0.001000 0.005000
720 0.690534 5.570781 0.001000 0.005000
721 0.690534 19.518950 0.001000 0.005000
722 0.976562 14.676606 0.001000 0.005000
723 1.196040 16.738102 0.001000 0.005000
724 0.690534 12.799053 0.001000 0.005000
725 0.845728 5.405922 0.001000 0.005000
726 0.690534 10.390201 0.001000 0.005000
727 0.000000 4.447909 0.001000 0.005000
728 0.690534 13.364429 0.001000 0.005000
729 0.000000 7.256569 0.001000 0.005000
730 0.690534 5.000172 0.001000 0.005000
731 0.000000 16.139956 0.001000 0.005000
732 1.091830 9.557987 0.001000 0.005000
733 0.000000 7.779268 0.001000 0.005000
734 0.690534 7.954731 0.001000 0.005000
735 0.690534 15.058965 0.001000 0.005000
736 0.000000 7.308240 0.001000 0.005000
737 0.690534 13.029453 0.001000 0.005000
738 0.000000 7.000824 0.001000 0.005000
739 0.845728 9.597097 0.001000 0.005000
740 0.000000 11.889237 0.001000 0.005000
741 1.091830 11.952909 0.001000 0.005000
742 0.845728 26.265358 0.001000 0.005000
743 0.690534 15.596712 0.001000 0.005000
744 0.690534 10.957715 0.001000 0.005000
745 0.000000 15.078131 0.001000 0.005000
746 0.488281 14.749447 0.001000 0.005000
747 0.000000 13.761684 0.001000 0.005000
748 0.488281 19.080233 0.001000 0.005000
749 0.488281 13.173059 0.001000 0.005000
750 0.690534 23.150732 0.001000 0.005000
751 0.845728 6.808832 0.001000 0.005000
752 0.690534 19.059258 0.001000 0.005000
753 0.690534 20.501133 0.001000 0.005000
754 0.976562 37.612488 0.001000 0.005000
755 0.976562 8.568810 0.001000 0.005000
756 1.544081 25.540899 0.001000 0.005000
757 1.091830 16.565552 0.001000 0.005000
758 0.000000 8.306477 0.001000 0.005000
759 0.690534 20.083958 0.001000 0.005000
760 0.976562 4.097778 0.001000 0.005000
761 0.488281 5.057826 0.001000 0.005000
762 0.690534 10.023333 0.001000 0.005000
763 0.000000 29.388655 0.001000 0.005000
764 0.000000 15.256842 0.001000 0.005000
765 0.488281 27.997177 0.001000 0.005000
766 1.091830 4.794715 0.001000 0.005000
767 0.690534 18.757875 0.001000 0.005000
768 0.690534 10.387339 0.001000 0.005000
769 0.845728 22.616520 0.001000 0.005000
770 0.690534 5.819765 0.001000 0.005000
771 0.000000 20.748039 0.001000 0.005000
772 0.488281 5.849974 0.001000 0.005000
773 0.488281 17.365417 0.001000 0.005000
774 0.000000 16.663610 0.001000 0.005000
775 0.690534 12.177619 0.001000 0.005000
776 0.000000 14.121862 0.001000 0.005000
777 0.845728 11.957991 0.001000 0.005000
778 1.091830 10.114457 0.001000 0.005000
779 0.488281 8.749846 0.001000 0.005000
780 0.690534 9.181705 0.001000 0.005000
781 0.690534 15.096215 0.001000 0.005000
782 0.690534 12.441704 0.001000 0.005000
783 0.488281 11.832027 0.001000 0.005000
784 0.976562 29.656010 0.001000 0.005000
785 0.690534 16.377007 0.001000 0.005000
786 0.000000 10.384430 0.001000 0.005000
787 0.000000 14.744420 0.001000 0.005000
788 1.196040 15.638643 0.001000 0.005000
789 1.381068 9.285853 0.001000 0.005000
790 0.000000 27.572969 0.001000 0.005000
791 1.091830 14.611812 0.001000 0.005000
792 0.000000 24.519327 0.001000 0.005000
793 0.690534 12.127772 0.001000 0.005000
794 0.000000 25.480412 0.001000 0.005000
795 0.845728 9.585400 0.001000 0.005000
796 1.091830 32.271164 0.001000 0.005000
797 0.000000 8.642956 0.001000 0.005000
798 0.000000 13.954731 0.001000 0.005000
799 0.488281 20.705910 0.001000 0.005000
800 0.976562 13.652547 0.001000 0.005000
801 0.488281 8.883831 0.001000 0.005000
802 0.000000 19.029221 0.001000 0.005000
803 0.000000 9.118149 0.001000 0.005000
804 0.000000 7.533924 0.001000 0.005000
805 0.845728 10.443672 0.001000 0.005000
806 0.000000 9.335249 0.001000 0.005000
807 0.690534 19.167679 0.001000 0.005000
808 0.845728 10.133727 0.001000 0.005000
809 0.488281 13.730517 0.001000 0.005000
810 0.488281 8.489128 0.001000 0.005000
811 0.690534 33.453899 0.001000 0.005000
812 0.488281 14.560586 0.001000 0.005000
813 0.845728 21.497776 0.001000 0.005000
814 0.845728 33.442627 0.001000 0.005000
815 0.000000 18.024086 0.001000 0.005000
816 0.690534 33.691109 0.001000 0.005000
817 0.488281 16.018137 0.001000 0.005000
818 0.488281 12.303473 0.001000 0.005000
819 0.690534 24.499990 0.001000 0.005000
820 0.488281 11.464107 0.001000 0.005000
821 0.000000 15.013098 0.001000 0.005000
822 0.976562 12.666394 0.001000 0.005000
823 0.845728 23.608349 0.001000 0.005000
824 0.845728 17.379900 0.001000 0.005000
825 0.976562 19.974360 0.001000 0.005000
826 0.690534 9.978590 0.001000 0.005000
827 0.690534 30.407255 0.001000 0.005000
828 0.976562 10.531556 0.001000 0.005000
829 0.845728 24.656496 0.001000 0.005000
830 0.488281 8.467200 0.001000 0.005000
831 0.000000 11.212231 0.001000 0.005000
832 0.976562 58.253384 0.001000 0.005000
833 0.000000 8.533120 0.001000 0.005000
834 0.000000 15.218866 0.001000 0.005000
835 0.845728 32.384560 0.001000 0.005000
836 1.291871 11.476116 0.001000 0.005000
837 0.845728 16.151819 0.001000 0.005000
838 0.690534 11.819116 0.001000 0.005000
839 0.690534 10.043899 0.001000 0.005000
840 0.000000 13.106057 0.001000 0.005000
841 0.000000 9.927607 0.001000 0.005000
842 0.690534 20.580742 0.001000 0.005000
843 0.690534 28.354950 0.001000 0.005000
844 1.953125 212.470322 0.001000 0.005000
845 1.826981 208.090347 0.001000 0.005000
846 0.000000 24.056475 0.001000 0.005000
847 0.000000 28.300438 0.001000 0.005000
848 0.000000 15.902565 0.001000 0.005000
849 0.488281 15.752009 0.001000 0.005000
850 0.690534 11.983529 0.001000 0.005000
851 0.690534 6.224384 0.001000 0.005000
852 0.488281 16.315126 0.001000 0.005000
853 0.000000 8.614718 0.001000 0.005000
854 0.690534 12.310952 0.001000 0.005000
855 0.488281 5.950498 0.001000 0.005000
856 0.000000 7.640254 0.001000 0.005000
857 0.000000 13.158263 0.001000 0.005000
858 0.000000 11.439535 0.001000 0.005000
859 0.488281 10.051368 0.001000 0.005000
860 0.690534 8.941654 0.001000 0.005000
861 0.000000 15.872623 0.001000 0.005000
862 0.488281 11.522317 0.001000 0.005000
863 0.488281 10.764810 0.001000 0.005000
864 0.488281 19.110155 0.001000 0.005000
865 0.488281 13.121940 0.001000 0.005000
866 0.690534 5.289354 0.001000 0.005000
867 0.690534 4.500255 0.001000 0.005000
868 0.488281 3.946800 0.001000 0.005000
869 0.488281 9.922787 0.001000 0.005000
870 1.381068 15.316120 0.001000 0.005000
871 1.196040 19.015516 0.001000 0.005000
872 0.000000 15.902956 0.001000 0.005000
873 0.000000 7.134106 0.001000 0.005000
874 0.976562 7.103283 0.001000 0.005000
875 0.000000 6.411423 0.001000 0.005000
876 0.000000 8.462082 0.001000 0.005000
877 0.000000 4.932661 0.001000 0.005000
878 0.488281 9.021530 0.001000 0.005000
879 0.690534 4.314422 0.001000 0.005000
880 0.488281 4.970437 0.001000 0.005000
881 0.000000 6.649524 0.001000 0.005000
882 0.690534 4.542151 0.001000 0.005000
883 0.845728 8.089520 0.001000 0.005000
884 1.196040 17.702290 0.001000 0.005000
885 0.488281 7.902699 0.001000 0.005000
886 0.488281 6.589086 0.001000 0.005000
887 0.690534 0.781621 0.001000 0.005000
888 0.000000 11.527719 0.001000 0.005000
889 0.488281 8.321571 0.001000 0.005000
890 0.690534 10.868067 0.001000 0.005000
891 1.381068 6.258010 0.001000 0.005000
892 1.091830 11.919001 0.001000 0.005000
893 0.845728 5.728336 0.001000 0.005000
894 1.544081 5.084866 0.001000 0.005000
895 0.488281 8.350609 0.001000 0.005000
896 0.845728 11.060744 0.001000 0.005000
897 0.000000 6.897618 0.001000 0.005000
898 0.690534 14.360391 0.001000 0.005000
899 0.488281 9.348740 0.001000 0.005000
900 0.690534 6.363089 0.001000 0.005000
901 0.000000 8.159367 0.001000 0.005000
902 0.000000 13.145288 0.001000 0.005000
903 0.690534 11.263318 0.001000 0.005000
904 0.000000 12.711717 0.001000 0.005000
905 1.291871 11.023709 0.001000 0.005000
906 0.000000 7.652893 0.001000 0.005000
907 0.000000 7.815368 0.001000 0.005000
908 0.000000 9.617116 0.001000 0.005000
909 0.000000 8.156507 0.001000 0.005000
910 0.488281 14.389772 0.001000 0.005000
911 0.488281 8.614351 0.001000 0.005000
912 0.000000 2.802862 0.001000 0.005000
913 0.000000 10.216634 0.001000 0.005000
914 0.000000 3.995048 0.001000 0.005000
915 0.690534 10.302902 0.001000 0.005000
916 0.690534 18.885626 0.001000 0.005000
917 0.845728 12.301910 0.001000 0.005000
918 0.000000 18.472563 0.001000 0.005000
919 0.000000 5.348389 0.001000 0.005000
920 0.690534 27.715397 0.001000 0.005000
921 0.488281 24.690380 0.001000 0.005000
922 0.488281 8.714859 0.001000 0.005000
923 0.000000 10.584851 0.001000 0.005000
924 0.000000 13.379562 0.001000 0.005000
925 0.488281 11.619483 0.001000 0.005000
926 0.000000 11.803232 0.001000 0.005000
927 0.488281 22.994415 0.001000 0.005000
928 0.690534 11.246433 0.001000 0.005000
929 0.000000 5.472226 0.001000 0.005000
930 0.000000 26.192356 0.001000 0.005000
931 0.000000 4.403020 0.001000 0.005000
932 0.488281 12.390995 0.001000 0.005000
933 0.690534 12.893563 0.001000 0.005000
934 0.000000 19.663170 0.001000 0.005000
935 0.690534 15.551458 0.001000 0.005000
936 0.000000 13.412439 0.001000 0.005000
937 0.488281 14.935135 0.001000 0.005000
938 0.976562 10.279723 0.001000 0.005000
939 0.690534 10.180653 0.001000 0.005000
940 0.690534 24.364779 0.001000 0.005000
941 0.488281 11.342805 0.001000 0.005000
942 0.845728 9.568278 0.001000 0.005000
943 0.488281 20.390581 0.001000 0.005000
944 0.488281 45.342472 0.001000 0.005000
945 0.690534 14.664345 0.001000 0.005000
946 0.000000 9.511290 0.001000 0.005000
947 0.690534 12.271812 0.001000 0.005000
948 0.690534 9.927472 0.001000 0.005000
949 0.845728 10.090391 0.001000 0.005000
950 0.845728 19.340700 0.001000 0.005000
951 0.000000 21.037130 0.001000 0.005000
952 0.690534 10.333497 0.001000 0.005000
953 0.690534 24.647881 0.001000 0.005000
954 0.488281 13.722340 0.001000 0.005000
955 0.488281 13.024455 0.001000 0.005000
956 0.488281 7.969846 0.001000 0.005000
957 0.000000 14.607337 0.001000 0.005000
958 0.690534 27.759192 0.001000 0.005000
959 0.000000 14.621119 0.001000 0.005000
960 0.000000 8.565491 0.001000 0.005000
961 0.488281 13.269648 0.001000 0.005000
962 0.690534 16.843325 0.001000 0.005000
963 0.000000 13.432944 0.001000 0.005000
964 0.000000 18.385342 0.001000 0.005000
965 0.690534 10.266638 0.001000 0.005000
966 0.690534 19.464787 0.001000 0.005000
967 0.488281 10.570814 0.001000 0.005000
968 0.000000 17.765795 0.001000 0.005000
969 0.690534 17.443399 0.001000 0.005000
970 0.488281 15.050879 0.001000 0.005000
971 0.000000 9.454134 0.001000 0.005000
972 0.690534 15.163021 0.001000 0.005000
973 0.488281 20.534748 0.001000 0.005000
974 0.000000 32.993404 0.001000 0.005000
975 0.690534 15.211647 0.001000 0.005000
976 0.690534 11.625813 0.001000 0.005000
977 1.196040 11.916672 0.001000 0.005000
978 0.690534 7.505781 0.001000 0.005000
979 1.381068 18.465309 0.001000 0.005000
980 0.000000 9.727137 0.001000 0.005000
981 0.488281 15.985455 0.001000 0.005000
982 0.488281 8.278085 0.001000 0.005000
983 0.000000 17.554581 0.001000 0.005000
984 0.690534 12.567272 0.001000 0.005000
985 0.000000 9.829809 0.001000 0.005000
986 0.000000 6.098983 0.001000 0.005000
987 0.000000 15.974812 0.001000 0.005000
988 0.690534 17.875296 0.001000 0.005000
989 0.488281 13.546490 0.001000 0.005000
990 0.488281 16.428209 0.001000 0.005000
991 0.000000 12.554485 0.001000 0.005000
992 0.488281 15.784376 0.001000 0.005000
993 0.690534 17.987337 0.001000 0.005000
994 0.690534 27.599186 0.001000 0.005000
995 0.488281 18.169493 0.001000 0.005000
996 0.000000 8.830045 0.001000 0.005000
997 0.000000 20.099337 0.001000 0.005000
998 0.488281 11.338012 0.001000 0.005000
999 0.488281 9.420159 0.001000 0.005000
1000 0.488281 6.534941 0.001000 0.005000
1001 0.488281 15.868289 0.001000 0.005000
1002 0.000000 13.736529 0.001000 0.005000
1003 0.845728 13.915503 0.001000 0.005000
1004 1.091830 27.980911 0.001000 0.005000
1005 0.690534 7.555774 0.001000 0.005000
1006 0.690534 19.109739 0.001000 0.005000
1007 0.488281 25.054430 0.001000 0.005000
1008 0.488281 11.350042 0.001000 0.005000
1009 0.000000 16.877499 0.001000 0.005000
1010 0.488281 15.595875 0.001000 0.005000
1011 0.488281 9.702264 0.001000 0.005000
1012 0.845728 12.861009 0.001000 0.005000
1013 0.690534 18.960239 0.001000 0.005000
1014 0.488281 11.416856 0.001000 0.005000
1015 0.000000 13.316643 0.001000 0.005000
1016 0.000000 3.854337 0.001000 0.005000
1017 0.000000 14.646508 0.001000 0.005000
1018 0.690534 14.607049 0.001000 0.005000
1019 0.000000 9.364855 0.001000 0.005000
1020 0.000000 7.750997 0.001000 0.005000
1021 0.000000 10.352509 0.001000 0.005000
1022 0.488281 9.598088 0.001000 0.005000
1023 0.000000 6.594128 0.001000 0.005000
1024 0.690534 5.308812 0.001000 0.005000
1025 0.000000 15.869434 0.001000 0.005000
1026 0.488281 1.399924 0.001000 0.005000
1027 0.000000 6.951145 0.001000 0.005000
1028 0.488281 9.672653 0.001000 0.005000
1029 0.000000 2.564773 0.001000 0.005000
1030 0.000000 8.779474 0.001000 0.005000
1031 0.000000 5.080442 0.001000 0.005000
1032 0.000000 6.112370 0.001000 0.005000
1033 0.845728 9.329578 0.001000 0.005000
1034 0.000000 5.999264 0.001000 0.005000
1035 0.000000 4.462225 0.001000 0.005000
1036 0.488281 3.017530 0.001000 0.005000
1037 0.000000 6.181221 0.001000 0.005000
1038 0.000000 5.389949 0.001000 0.005000
1039 0.000000 4.802610 0.001000 0.005000
1040 0.000000 6.487474 0.001000 0.005000
1041 0.000000 4.764011 0.001000 0.005000
1042 0.690534 5.558439 0.001000 0.005000
1043 0.976562 2.213008 0.001000 0.005000
1044 0.000000 13.224465 0.001000 0.005000
1045 1.091830 6.084053 0.001000 0.005000
1046 0.690534 4.364158 0.001000 0.005000
1047 0.000000 8.298464 0.001000 0.005000
1048 0.000000 11.784451 0.001000 0.005000
1049 0.690534 5.687759 0.001000 0.005000
1050 0.488281 9.611967 0.001000 0.005000
1051 0.690534 5.382304 0.001000 0.005000
1052 0.690534 12.776119 0.001000 0.005000
1053 0.690534 10.137735 0.001000 0.005000
1054 0.000000 9.058254 0.001000 0.005000
1055 0.000000 5.886161 0.001000 0.005000
1056 0.690534 9.714081 0.001000 0.005000
1057 0.845728 8.541189 0.001000 0.005000
1058 0.690534 15.208803 0.001000 0.005000
1059 0.000000 7.815706 0.001000 0.005000
1060 0.690534 14.295835 0.001000 0.005000
1061 0.000000 19.721861 0.001000 0.005000
1062 0.488281 19.253160 0.001000 0.005000
1063 0.488281 10.691723 0.001000 0.005000
1064 0.488281 17.632936 0.001000 0.005000
1065 0.000000 19.098286 0.001000 0.005000
1066 0.690534 14.904647 0.001000 0.005000
1067 0.000000 12.806486 0.001000 0.005000
1068 0.488281 11.006169 0.001000 0.005000
1069 0.488281 9.381783 0.001000 0.005000
1070 0.000000 11.104927 0.001000 0.005000
1071 0.000000 6.159636 0.001000 0.005000
1072 0.000000 20.467091 0.001000 0.005000
1073 0.000000 8.222442 0.001000 0.005000
1074 0.690534 11.994724 0.001000 0.005000
1075 0.488281 12.926566 0.001000 0.005000
1076 0.488281 10.702579 0.001000 0.005000
1077 0.000000 11.219655 0.001000 0.005000
1078 0.690534 10.237901 0.001000 0.005000
1079 0.000000 4.873693 0.001000 0.005000
1080 0.690534 4.012535 0.001000 0.005000
1081 0.000000 8.968186 0.001000 0.005000
1082 0.000000 8.608182 0.001000 0.005000
1083 0.488281 4.463434 0.001000 0.005000
1084 0.690534 6.418735 0.001000 0.005000
1085 0.488281 4.245605 0.001000 0.005000
1086 0.000000 4.486823 0.001000 0.005000
1087 0.000000 3.061916 0.001000 0.005000
1088 0.000000 8.605628 0.001000 0.005000
1089 0.000000 7.299724 0.001000 0.005000
1090 0.000000 12.096413 0.001000 0.005000
1091 0.488281 8.464902 0.001000 0.005000
1092 0.000000 15.007172 0.001000 0.005000
1093 0.690534 16.055899 0.001000 0.005000
1094 0.000000 10.498035 0.001000 0.005000
1095 1.196040 24.740406 0.001000 0.005000
1096 0.488281 11.882197 0.001000 0.005000
1097 0.488281 9.592153 0.001000 0.005000
1098 0.976562 6.137711 0.001000 0.005000
1099 0.000000 7.438109 0.001000 0.005000
