0 0.000000 3.880155 0.001000 0.005000
1 0.000000 4.356046 0.001000 0.005000
2 0.000000 3.168185 0.001000 0.005000
3 0.488281 5.929038 0.001000 0.005000
4 0.690534 3.932296 0.001000 0.005000
5 0.690534 6.451518 0.001000 0.005000
6 0.690534 10.446894 0.001000 0.005000
7 0.488281 4.561243 0.001000 0.005000
8 0.690534 9.570560 0.001000 0.005000
9 0.000000 18.542665 0.001000 0.005000
10 0.488281 7.370623 0.001000 0.005000
11 0.000000 6.696843 0.001000 0.005000
12 0.845728 7.892286 0.001000 0.005000
13 0.000000 6.724932 0.001000 0.005000
14 0.488281 6.496149 0.001000 0.005000
15 0.488281 15.453376 0.001000 0.005000
16 0.000000 7.579486 0.001000 0.005000
17 0.976562 21.080717 0.001000 0.005000
18 0.000000 16.928198 0.001000 0.005000
19 0.000000 25.210766 0.001000 0.005000
20 0.690534 22.176302 0.001000 0.005000
21 0.000000 21.404104 0.001000 0.005000
22 0.690534 12.360002 0.001000 0.005000
23 1.381068 20.637358 0.001000 0.005000
24 0.690534 8.947338 0.001000 0.005000
25 1.760523 10.158396 0.001000 0.005000
26 1.196040 12.281810 0.001000 0.005000
27 0.845728 11.948172 0.001000 0.005000
28 0.976562 12.532911 0.001000 0.005000
29 1.091830 10.976068 0.001000 0.005000
30 0.488281 7.509789 0.001000 0.005000
31 0.690534 20.283251 0.001000 0.005000
32 0.690534 7.258622 0.001000 0.005000
33 0.000000 7.982901 0.001000 0.005000
34 0.690534 10.537724 0.001000 0.005000
35 1.196040 56.863628 0.001000 0.005000
36 0.976562 16.703783 0.001000 0.005000
37 0.488281 6.169231 0.001000 0.005000
38 1.619446 16.564108 0.001000 0.005000
39 0.690534 7.862635 0.001000 0.005000
40 1.196040 19.094707 0.001000 0.005000
41 0.690534 9.012655 0.001000 0.005000
42 0.690534 3.101572 0.001000 0.005000
43 0.690534 5.478050 0.001000 0.005000
44 0.488281 10.153132 0.001000 0.005000
45 0.690534 6.625887 0.001000 0.005000
46 1.381068 2.617923 0.001000 0.005000
47 0.488281 3.763384 0.001000 0.005000
48 0.488281 21.034103 0.001000 0.005000
49 0.845728 8.097951 0.001000 0.005000
50 0.690534 5.921300 0.001000 0.005000
51 0.488281 12.440549 0.001000 0.005000
52 0.690534 4.088284 0.001000 0.005000
53 0.000000 6.175679 0.001000 0.005000
54 0.000000 3.542012 0.001000 0.005000
55 1.091830 13.457494 0.001000 0.005000
56 0.000000 7.101021 0.001000 0.005000
57 1.826981 5.805391 0.001000 0.005000
58 0.845728 5.910176 0.001000 0.005000
59 0.488281 11.236844 0.001000 0.005000
60 0.976562 21.067087 0.001000 0.005000
61 0.000000 18.509130 0.001000 0.005000
62 0.000000 4.197138 0.001000 0.005000
63 0.690534 6.569493 0.001000 0.005000
64 0.488281 6.329791 0.001000 0.005000
65 0.690534 8.179149 0.001000 0.005000
66 0.690534 16.902748 0.001000 0.005000
67 0.976562 8.227104 0.001000 0.005000
68 0.845728 15.839442 0.001000 0.005000
69 0.690534 11.911618 0.001000 0.005000
70 0.690534 12.827130 0.001000 0.005000
71 0.488281 3.407968 0.001000 0.005000
72 0.000000 7.336993 0.001000 0.005000
73 0.690534 9.287973 0.001000 0.005000
74 0.690534 13.271698 0.001000 0.005000
75 0.690534 4.660625 0.001000 0.005000
76 0.690534 15.443529 0.001000 0.005000
77 0.000000 9.784254 0.001000 0.005000
78 0.690534 8.460491 0.001000 0.005000
79 0.690534 6.141886 0.001000 0.005000
80 0.690534 8.074199 0.001000 0.005000
81 0.845728 17.040895 0.001000 0.005000
82 0.690534 10.631536 0.001000 0.005000
83 0.845728 8.879209 0.001000 0.005000
84 0.690534 10.655734 0.001000 0.005000
85 0.976562 11.379214 0.001000 0.005000
86 0.000000 8.073958 0.001000 0.005000
87 0.690534 12.426835 0.001000 0.005000
88 0.488281 2.278646 0.001000 0.005000
89 0.976562 6.336214 0.001000 0.005000
90 0.000000 7.145392 0.001000 0.005000
91 0.845728 12.738773 0.001000 0.005000
92 0.976562 3.944608 0.001000 0.005000
93 0.976562 14.066113 0.001000 0.005000
94 0.488281 22.543861 0.001000 0.005000
95 1.196040 11.805016 0.001000 0.005000
96 0.976562 6.941897 0.001000 0.005000
97 1.196040 12.363686 0.001000 0.005000
98 0.690534 10.757590 0.001000 0.005000
99 0.976562 8.605115 0.001000 0.005000
100 0.488281 5.965499 0.001000 0.005000
101 0.000000 6.304962 0.001000 0.005000
102 0.000000 7.012119 0.001000 0.005000
103 0.000000 6.113477 0.001000 0.005000
104 0.845728 9.972924 0.001000 0.005000
105 1.091830 5.270473 0.001000 0.005000
106 0.000000 5.656149 0.001000 0.005000
107 0.000000 5.816247 0.001000 0.005000
108 0.488281 8.498309 0.001000 0.005000
109 0.000000 13.863925 0.001000 0.005000
110 0.488281 3.945374 0.001000 0.005000
111 0.488281 8.599167 0.001000 0.005000
112 0.845728 5.637539 0.001000 0.005000
113 0.976562 15.962717 0.001000 0.005000
114 0.845728 18.133192 0.001000 0.005000
115 0.488281 12.507607 0.001000 0.005000
116 0.488281 6.194641 0.001000 0.005000
117 0.000000 13.007828 0.001000 0.005000
118 0.000000 5.365180 0.001000 0.005000
119 0.488281 8.004748 0.001000 0.005000
120 0.488281 15.599000 0.001000 0.005000
121 0.488281 29.253462 0.001000 0.005000
122 0.690534 16.144249 0.001000 0.005000
123 0.976562 18.263418 0.001000 0.005000
124 0.000000 8.932115 0.001000 0.005000
125 1.291871 16.520033 0.001000 0.005000
126 0.976562 31.468863 0.001000 0.005000
127 1.291871 13.663021 0.001000 0.005000
128 0.000000 18.435820 0.001000 0.005000
129 1.544081 45.772575 0.001000 0.005000
130 0.976562 13.028377 0.001000 0.005000
131 0.976562 23.115129 0.001000 0.005000
132 0.845728 13.723051 0.001000 0.005000
133 1.091830 22.429565 0.001000 0.005000
134 1.464844 13.483916 0.001000 0.005000
135 1.953125 33.770512 0.001000 0.005000
136 1.619446 37.218018 0.001000 0.005000
137 0.690534 14.506845 0.001000 0.005000
138 1.196040 23.197447 0.001000 0.005000
139 0.690534 6.822638 0.001000 0.005000
140 1.691456 16.039213 0.001000 0.005000
141 1.619446 45.647388 0.001000 0.005000
142 0.690534 9.371838 0.001000 0.005000
143 0.976562 6.906139 0.001000 0.005000
144 0.690534 7.491183 0.001000 0.005000
145 0.690534 7.405853 0.001000 0.005000
146 1.291871 19.584728 0.001000 0.005000
147 0.000000 6.278103 0.001000 0.005000
148 0.976562 7.607256 0.001000 0.005000
149 0.000000 10.440715 0.001000 0.005000
150 0.845728 10.819631 0.001000 0.005000
151 1.196040 8.645205 0.001000 0.005000
152 0.690534 7.060067 0.001000 0.005000
153 0.488281 6.563211 0.001000 0.005000
154 0.000000 5.936837 0.001000 0.005000
155 0.690534 7.042039 0.001000 0.005000
156 0.488281 9.039964 0.001000 0.005000
157 1.544081 26.113964 0.001000 0.005000
158 1.291871 9.470043 0.001000 0.005000
159 0.976562 10.057305 0.001000 0.005000
160 0.488281 6.584239 0.001000 0.005000
161 0.690534 5.805818 0.001000 0.005000
162 1.381068 32.855709 0.001000 0.005000
163 1.291871 5.016253 0.001000 0.005000
164 0.000000 6.140925 0.001000 0.005000
165 0.690534 8.354945 0.001000 0.005000
166 0.488281 31.535978 0.001000 0.005000
167 0.488281 16.100676 0.001000 0.005000
168 1.196040 26.007318 0.001000 0.005000
169 0.488281 13.422830 0.001000 0.005000
170 0.690534 12.730449 0.001000 0.005000
171 0.000000 7.309539 0.001000 0.005000
172 0.690534 17.181562 0.001000 0.005000
173 0.488281 6.162174 0.001000 0.005000
174 0.690534 5.962477 0.001000 0.005000
175 0.488281 10.916441 0.001000 0.005000
176 0.976562 8.863153 0.001000 0.005000
177 0.690534 3.892982 0.001000 0.005000
178 0.690534 6.426589 0.001000 0.005000
179 0.976562 18.832569 0.001000 0.005000
180 0.690534 6.672756 0.001000 0.005000
181 0.488281 8.047400 0.001000 0.005000
182 0.000000 8.144280 0.001000 0.005000
183 0.488281 16.441305 0.001000 0.005000
184 0.000000 5.292834 0.001000 0.005000
185 0.690534 11.871769 0.001000 0.005000
186 0.000000 7.064211 0.001000 0.005000
187 1.196040 10.336016 0.001000 0.005000
188 1.619446 12.998505 0.001000 0.005000
189 1.091830 3.407710 0.001000 0.005000
190 1.291871 15.642054 0.001000 0.005000
191 1.381068 10.903203 0.001000 0.005000
192 1.381068 7.201114 0.001000 0.005000
193 0.000000 7.959155 0.001000 0.005000
194 0.000000 10.504394 0.001000 0.005000
195 0.690534 7.397654 0.001000 0.005000
196 0.690534 10.037833 0.001000 0.005000
197 0.690534 8.768548 0.001000 0.005000
198 0.000000 5.382524 0.001000 0.005000
199 0.000000 8.808550 0.001000 0.005000
200 0.690534 13.938061 0.001000 0.005000
201 0.690534 5.485581 0.001000 0.005000
202 0.976562 13.303600 0.001000 0.005000
203 0.690534 10.115635 0.001000 0.005000
204 0.976562 3.706240 0.001000 0.005000
205 0.690534 7.937927 0.001000 0.005000
206 0.845728 15.507730 0.001000 0.005000
207 1.291871 2.948101 0.001000 0.005000
208 0.000000 11.655359 0.001000 0.005000
209 1.196040 5.173248 0.001000 0.005000
210 1.953125 8.719343 0.001000 0.005000
211 2.237586 7.852698 0.001000 0.005000
212 2.341715 18.499819 0.001000 0.005000
213 1.381068 4.036356 0.001000 0.005000
214 1.381068 5.879549 0.001000 0.005000
215 0.690534 6.249593 0.001000 0.005000
216 0.976562 10.296842 0.001000 0.005000
217 0.690534 20.512150 0.001000 0.005000
218 1.291871 12.962378 0.001000 0.005000
219 1.381068 7.781514 0.001000 0.005000
220 0.976562 15.383821 0.001000 0.005000
221 0.488281 15.493603 0.001000 0.005000
222 1.381068 10.949403 0.001000 0.005000
223 0.000000 6.515875 0.001000 0.005000
224 0.690534 5.176835 0.001000 0.005000
225 0.488281 11.392920 0.001000 0.005000
226 1.091830 6.050420 0.001000 0.005000
227 0.488281 5.509500 0.001000 0.005000
228 0.000000 8.476069 0.001000 0.005000
229 0.488281 5.175358 0.001000 0.005000
230 1.196040 11.187354 0.001000 0.005000
231 1.544081 14.303458 0.001000 0.005000
232 0.690534 7.646591 0.001000 0.005000
233 1.291871 13.406282 0.001000 0.005000
234 1.091830 11.011242 0.001000 0.005000
235 1.291871 12.948620 0.001000 0.005000
236 0.488281 10.788634 0.001000 0.005000
237 1.544081 13.537898 0.001000 0.005000
238 1.619446 9.013603 0.001000 0.005000
239 0.976562 28.355011 0.001000 0.005000
240 1.544081 8.047847 0.001000 0.005000
241 0.488281 8.487496 0.001000 0.005000
242 1.196040 5.917746 0.001000 0.005000
243 0.690534 18.862127 0.001000 0.005000
244 0.976562 7.032666 0.001000 0.005000
245 1.381068 4.953011 0.001000 0.005000
246 1.464844 14.962044 0.001000 0.005000
247 1.464844 10.316370 0.001000 0.005000
248 1.196040 20.222178 0.001000 0.005000
249 1.891105 6.416288 0.001000 0.005000
250 1.381068 8.693352 0.001000 0.005000
251 0.690534 7.946761 0.001000 0.005000
252 0.000000 12.713327 0.001000 0.005000
253 1.196040 18.690559 0.001000 0.005000
254 0.976562 5.746122 0.001000 0.005000
255 1.544081 9.789055 0.001000 0.005000
256 1.464844 12.458487 0.001000 0.005000
257 2.290242 10.368408 0.001000 0.005000
258 1.544081 7.042082 0.001000 0.005000
259 0.000000 9.683616 0.001000 0.005000
260 0.976562 6.410863 0.001000 0.005000
261 0.690534 18.180626 0.001000 0.005000
262 0.000000 8.041533 0.001000 0.005000
263 1.381068 4.757994 0.001000 0.005000
264 0.845728 4.667916 0.001000 0.005000
265 0.976562 5.045249 0.001000 0.005000
266 0.976562 7.857598 0.001000 0.005000
267 1.953125 6.177242 0.001000 0.005000
268 1.196040 11.804909 0.001000 0.005000
269 0.488281 7.747986 0.001000 0.005000
270 0.690534 8.021130 0.001000 0.005000
271 0.000000 6.040236 0.001000 0.005000
272 0.488281 5.638397 0.001000 0.005000
273 0.690534 13.002062 0.001000 0.005000
274 0.845728 5.138074 0.001000 0.005000
275 0.690534 6.319770 0.001000 0.005000
276 0.000000 9.542003 0.001000 0.005000
277 0.690534 10.335090 0.001000 0.005000
278 0.690534 2.929572 0.001000 0.005000
279 0.488281 14.757325 0.001000 0.005000
280 0.845728 16.161011 0.001000 0.005000
281 1.464844 17.392431 0.001000 0.005000
282 0.845728 7.685648 0.001000 0.005000
283 0.000000 3.964129 0.001000 0.005000
284 0.845728 5.557929 0.001000 0.005000
285 0.690534 14.258615 0.001000 0.005000
286 0.488281 8.080794 0.001000 0.005000
287 0.488281 5.798489 0.001000 0.005000
288 0.488281 3.376366 0.001000 0.005000
289 0.976562 4.699608 0.001000 0.005000
290 0.000000 4.716908 0.001000 0.005000
291 0.690534 7.431209 0.001000 0.005000
292 2.888712 49.585957 0.001000 0.005000
293 0.000000 8.478494 0.001000 0.005000
294 0.976562 16.425514 0.001000 0.005000
295 0.000000 8.576778 0.001000 0.005000
296 0.690534 9.960006 0.001000 0.005000
297 0.000000 13.006822 0.001000 0.005000
298 0.488281 9.889189 0.001000 0.005000
299 0.845728 10.411770 0.001000 0.005000
300 0.690534 15.495096 0.001000 0.005000
301 0.845728 15.919977 0.001000 0.005000
302 3.164425 50.240131 0.001000 0.005000
303 0.690534 6.567424 0.001000 0.005000
304 0.845728 10.645965 0.001000 0.005000
305 0.845728 9.404780 0.001000 0.005000
306 1.196040 13.582335 0.001000 0.005000
307 0.690534 9.976736 0.001000 0.005000
308 0.690534 10.086233 0.001000 0.005000
309 0.845728 6.868807 0.001000 0.005000
310 0.976562 16.025537 0.001000 0.005000
311 1.291871 13.663819 0.001000 0.005000
312 1.760523 23.434032 0.001000 0.005000
313 2.847145 49.780510 0.001000 0.005000
314 0.976562 8.892381 0.001000 0.005000
315 0.976562 11.067484 0.001000 0.005000
316 1.196040 13.716330 0.001000 0.005000
317 0.000000 5.363779 0.001000 0.005000
318 1.091830 13.808287 0.001000 0.005000
319 0.976562 16.402044 0.001000 0.005000
320 1.291871 15.672426 0.001000 0.005000
321 1.196040 12.997440 0.001000 0.005000
322 1.691456 17.357500 0.001000 0.005000
323 2.341715 47.931591 0.001000 0.005000
324 0.000000 26.143185 0.001000 0.005000
325 1.196040 14.320957 0.001000 0.005000
326 1.196040 15.679275 0.001000 0.005000
327 0.845728 16.188469 0.001000 0.005000
328 1.091830 24.031885 0.001000 0.005000
329 1.464844 38.894955 0.001000 0.005000
330 0.690534 24.125380 0.001000 0.005000
331 1.196040 33.953255 0.001000 0.005000
332 0.690534 27.306965 0.001000 0.005000
333 1.760523 46.322647 0.001000 0.005000
334 3.238893 38.763927 0.001000 0.005000
335 1.196040 28.505070 0.001000 0.005000
336 0.000000 12.726060 0.001000 0.005000
337 0.000000 10.729784 0.001000 0.005000
338 0.690534 24.939932 0.001000 0.005000
339 1.953125 29.284821 0.001000 0.005000
340 2.128369 41.259468 0.001000 0.005000
341 0.488281 8.915236 0.001000 0.005000
342 0.000000 7.135717 0.001000 0.005000
343 0.845728 7.481326 0.001000 0.005000
344 0.845728 12.075314 0.001000 0.005000
345 1.381068 5.204857 0.001000 0.005000
346 0.690534 67.359650 0.001000 0.005000
347 0.488281 8.084661 0.001000 0.005000
348 0.000000 4.231642 0.001000 0.005000
349 0.488281 9.578027 0.001000 0.005000
350 0.690534 15.738304 0.001000 0.005000
351 0.976562 13.729969 0.001000 0.005000
352 0.690534 31.881264 0.001000 0.005000
353 0.000000 7.654567 0.001000 0.005000
354 0.690534 11.686511 0.001000 0.005000
355 0.845728 15.088859 0.001000 0.005000
356 0.000000 17.727577 0.001000 0.005000
357 0.976562 11.765181 0.001000 0.005000
358 0.000000 47.567989 0.001000 0.005000
359 0.488281 2.954951 0.001000 0.005000
360 0.488281 14.536623 0.001000 0.005000
361 0.976562 9.155108 0.001000 0.005000
362 1.196040 22.665670 0.001000 0.005000
363 0.000000 35.676567 0.001000 0.005000
364 0.976562 7.685801 0.001000 0.005000
365 0.000000 9.567410 0.001000 0.005000
366 1.091830 14.503930 0.001000 0.005000
367 0.845728 19.207899 0.001000 0.005000
368 1.091830 37.684559 0.001000 0.005000
369 0.690534 11.559283 0.001000 0.005000
370 0.488281 11.750900 0.001000 0.005000
371 0.976562 11.174953 0.001000 0.005000
372 0.845728 1.742198 0.001000 0.005000
373 0.000000 32.209461 0.001000 0.005000
374 0.000000 13.940037 0.001000 0.005000
375 0.488281 5.419631 0.001000 0.005000
376 0.000000 6.957481 0.001000 0.005000
377 0.000000 20.554413 0.001000 0.005000
378 0.488281 12.964740 0.001000 0.005000
379 0.000000 21.490353 0.001000 0.005000
380 0.690534 6.132933 0.001000 0.005000
381 1.091830 8.834586 0.001000 0.005000
382 0.845728 39.687145 0.001000 0.005000
383 0.488281 20.683878 0.001000 0.005000
384 0.000000 18.030094 0.001000 0.005000
385 0.690534 9.462799 0.001000 0.005000
386 0.000000 21.160631 0.001000 0.005000
387 0.000000 20.234739 0.001000 0.005000
388 0.690534 24.811060 0.001000 0.005000
389 0.000000 19.947174 0.001000 0.005000
390 0.845728 23.111526 0.001000 0.005000
391 0.845728 15.924155 0.001000 0.005000
392 0.488281 26.581324 0.001000 0.005000
393 0.690534 15.501039 0.001000 0.005000
394 0.488281 12.925990 0.001000 0.005000
395 0.000000 19.299324 0.001000 0.005000
396 0.690534 17.210135 0.001000 0.005000
397 1.291871 19.885735 0.001000 0.005000
398 0.690534 13.909916 0.001000 0.005000
399 0.488281 12.518541 0.001000 0.005000
400 0.000000 9.704172 0.001000 0.005000
401 0.488281 11.612691 0.001000 0.005000
402 0.976562 17.347946 0.001000 0.005000
403 0.845728 11.258616 0.001000 0.005000
404 0.000000 17.255260 0.001000 0.005000
405 0.690534 10.531384 0.001000 0.005000
406 0.690534 11.157574 0.001000 0.005000
407 1.091830 23.893843 0.001000 0.005000
408 0.690534 27.449085 0.001000 0.005000
409 0.690534 4.324684 0.001000 0.005000
410 0.690534 10.038115 0.001000 0.005000
411 0.845728 8.806703 0.001000 0.005000
412 0.976562 7.689269 0.001000 0.005000
413 0.488281 11.665664 0.001000 0.005000
414 0.000000 20.731022 0.001000 0.005000
415 0.690534 4.401858 0.001000 0.005000
416 0.690534 7.335451 0.001000 0.005000
417 1.091830 13.625243 0.001000 0.005000
418 1.091830 3.884169 0.001000 0.005000
419 0.488281 11.801831 0.001000 0.005000
420 0.690534 10.886468 0.001000 0.005000
421 1.544081 12.151650 0.001000 0.005000
422 0.690534 12.964672 0.001000 0.005000
423 0.000000 15.857083 0.001000 0.005000
424 0.690534 12.903386 0.001000 0.005000
425 0.690534 27.720541 0.001000 0.005000
426 0.690534 19.384672 0.001000 0.005000
427 0.690534 22.933456 0.001000 0.005000
428 0.000000 15.047175 0.001000 0.005000
429 0.000000 26.229153 0.001000 0.005000
430 0.690534 14.159170 0.001000 0.005000
431 0.000000 23.081928 0.001000 0.005000
432 0.488281 13.792206 0.001000 0.005000
433 0.488281 13.612282 0.001000 0.005000
434 0.690534 24.755072 0.001000 0.005000
435 0.845728 10.503550 0.001000 0.005000
436 0.488281 13.007788 0.001000 0.005000
437 0.000000 6.653000 0.001000 0.005000
438 0.690534 14.825790 0.001000 0.005000
439 0.488281 9.877441 0.001000 0.005000
440 0.000000 21.192307 0.001000 0.005000
441 0.690534 17.589138 0.001000 0.005000
442 0.488281 11.526989 0.001000 0.005000
443 0.000000 18.594366 0.001000 0.005000
444 0.845728 15.139842 0.001000 0.005000
445 0.690534 16.100912 0.001000 0.005000
446 0.488281 8.234947 0.001000 0.005000
447 0.000000 7.490054 0.001000 0.005000
448 0.690534 19.154390 0.001000 0.005000
449 0.690534 39.687557 0.001000 0.005000
450 0.845728 6.192633 0.001000 0.005000
451 0.000000 11.454085 0.001000 0.005000
452 0.488281 12.303868 0.001000 0.005000
453 0.488281 16.358276 0.001000 0.005000
454 0.976562 18.258863 0.001000 0.005000
455 0.000000 56.328022 0.001000 0.005000
456 0.976562 10.896132 0.001000 0.005000
457 0.000000 10.278172 0.001000 0.005000
458 0.845728 29.375525 0.001000 0.005000
459 0.690534 51.481750 0.001000 0.005000
460 0.488281 32.182018 0.001000 0.005000
461 0.000000 21.171961 0.001000 0.005000
462 1.381068 1.504830 0.001000 0.005000
463 0.845728 22.831230 0.001000 0.005000
464 0.976562 11.461954 0.001000 0.005000
465 0.976562 7.995171 0.001000 0.005000
466 2.183661 39.424629 0.001000 0.005000
467 1.691456 15.337072 0.001000 0.005000
468 0.976562 12.456818 0.001000 0.005000
469 4.809017 40.813251 0.001000 0.005000
470 1.091830 6.341296 0.001000 0.005000
471 1.544081 29.472412 0.001000 0.005000
472 1.544081 12.691655 0.001000 0.005000
473 0.690534 9.437802 0.001000 0.005000
474 0.690534 29.831697 0.001000 0.005000
475 0.976562 15.105256 0.001000 0.005000
476 0.000000 18.597670 0.001000 0.005000
477 0.000000 11.699873 0.001000 0.005000
478 0.488281 8.583088 0.001000 0.005000
479 0.845728 13.141180 0.001000 0.005000
480 1.091830 13.407507 0.001000 0.005000
481 0.690534 8.959664 0.001000 0.005000
482 0.690534 7.120216 0.001000 0.005000
483 0.690534 9.479370 0.001000 0.005000
484 1.196040 20.212849 0.001000 0.005000
485 0.488281 5.707933 0.001000 0.005000
486 0.000000 6.700131 0.001000 0.005000
487 0.000000 6.891582 0.001000 0.005000
488 0.488281 2.591899 0.001000 0.005000
489 0.845728 9.092070 0.001000 0.005000
490 0.488281 4.467279 0.001000 0.005000
491 0.690534 1.761564 0.001000 0.005000
492 0.488281 9.986002 0.001000 0.005000
493 0.000000 12.224423 0.001000 0.005000
494 0.690534 6.329720 0.001000 0.005000
495 0.690534 9.632563 0.001000 0.005000
496 0.000000 8.821561 0.001000 0.005000
497 0.845728 12.173651 0.001000 0.005000
498 1.381068 24.631721 0.001000 0.005000
499 0.690534 5.648850 0.001000 0.005000
500 0.690534 11.607269 0.001000 0.005000
501 0.000000 13.010647 0.001000 0.005000
502 1.691456 33.587723 0.001000 0.005000
503 0.690534 8.842402 0.001000 0.005000
504 0.488281 10.772908 0.001000 0.005000
505 0.488281 8.739978 0.001000 0.005000
506 0.000000 14.475498 0.001000 0.005000
507 0.690534 11.399736 0.001000 0.005000
508 0.976562 23.880396 0.001000 0.005000
509 1.544081 23.023968 0.001000 0.005000
510 0.976562 28.661289 0.001000 0.005000
511 0.488281 11.370997 0.001000 0.005000
512 0.976562 14.429081 0.001000 0.005000
513 0.845728 25.243185 0.001000 0.005000
514 0.000000 15.153385 0.001000 0.005000
515 0.488281 16.199436 0.001000 0.005000
516 0.488281 17.824846 0.001000 0.005000
517 0.690534 10.014957 0.001000 0.005000
518 1.196040 11.107812 0.001000 0.005000
519 0.690534 16.339586 0.001000 0.005000
520 0.690534 18.293371 0.001000 0.005000
521 1.091830 13.186716 0.001000 0.005000
522 0.690534 14.854136 0.001000 0.005000
523 0.000000 10.808167 0.001000 0.005000
524 1.464844 13.681682 0.001000 0.005000
525 0.488281 11.708178 0.001000 0.005000
526 0.976562 8.360980 0.001000 0.005000
527 0.488281 17.071232 0.001000 0.005000
528 1.381068 6.120601 0.001000 0.005000
529 0.488281 23.261555 0.001000 0.005000
530 0.976562 37.250084 0.001000 0.005000
531 0.000000 6.014863 0.001000 0.005000
532 0.488281 15.343067 0.001000 0.005000
533 0.845728 6.789765 0.001000 0.005000
534 0.845728 7.641022 0.001000 0.005000
535 0.845728 9.843019 0.001000 0.005000
536 0.488281 6.197288 0.001000 0.005000
537 0.000000 17.577581 0.001000 0.005000
538 0.690534 8.759894 0.001000 0.005000
539 0.845728 14.645735 0.001000 0.005000
540 0.690534 12.362505 0.001000 0.005000
541 0.690534 16.679388 0.001000 0.005000
542 0.690534 14.816934 0.001000 0.005000
543 0.000000 14.381701 0.001000 0.005000
544 0.976562 16.530151 0.001000 0.005000
545 1.691456 6.728657 0.001000 0.005000
546 0.000000 14.942841 0.001000 0.005000
547 0.845728 12.413807 0.001000 0.005000
548 0.690534 13.688716 0.001000 0.005000
549 0.488281 8.541903 0.001000 0.005000
550 0.845728 9.992317 0.001000 0.005000
551 1.381068 14.542027 0.001000 0.005000
552 1.091830 14.270676 0.001000 0.005000
553 1.091830 8.158220 0.001000 0.005000
554 0.690534 12.032153 0.001000 0.005000
555 0.000000 10.090281 0.001000 0.005000
556 0.976562 9.989590 0.001000 0.005000
557 1.760523 5.179937 0.001000 0.005000
558 1.196040 4.645467 0.001000 0.005000
559 0.690534 11.252797 0.001000 0.005000
560 1.291871 13.239878 0.001000 0.005000
561 1.091830 19.429811 0.001000 0.005000
562 0.845728 10.584036 0.001000 0.005000
563 0.845728 3.827686 0.001000 0.005000
564 0.690534 6.816688 0.001000 0.005000
565 0.000000 12.582884 0.001000 0.005000
566 0.690534 14.050830 0.001000 0.005000
567 0.000000 9.551991 0.001000 0.005000
568 0.488281 9.906965 0.001000 0.005000
569 0.690534 1.939614 0.001000 0.005000
570 0.690534 10.629574 0.001000 0.005000
571 0.488281 10.008745 0.001000 0.005000
572 0.488281 10.245029 0.001000 0.005000
573 0.488281 12.498990 0.001000 0.005000
574 0.000000 10.609859 0.001000 0.005000
575 0.488281 7.378119 0.001000 0.005000
576 0.690534 5.008012 0.001000 0.005000
577 0.690534 10.046565 0.001000 0.005000
578 0.000000 4.543670 0.001000 0.005000
579 0.845728 12.534454 0.001000 0.005000
580 0.488281 19.179180 0.001000 0.005000
581 0.690534 5.714968 0.001000 0.005000
582 0.690534 11.054282 0.001000 0.005000
583 0.488281 8.034441 0.001000 0.005000
584 0.690534 11.094309 0.001000 0.005000
585 1.381068 6.943132 0.001000 0.005000
586 1.091830 13.491255 0.001000 0.005000
587 0.488281 5.725866 0.001000 0.005000
588 0.690534 9.449082 0.001000 0.005000
589 0.000000 4.833053 0.001000 0.005000
590 0.488281 6.833100 0.001000 0.005000
591 0.000000 19.083851 0.001000 0.005000
592 0.690534 9.903153 0.001000 0.005000
593 0.488281 7.213374 0.001000 0.005000
594 0.488281 8.564119 0.001000 0.005000
595 0.000000 6.552338 0.001000 0.005000
596 0.488281 8.969481 0.001000 0.005000
597 0.000000 11.130423 0.001000 0.005000
598 0.976562 8.321042 0.001000 0.005000
599 1.091830 3.277910 0.001000 0.005000
600 0.976562 10.508645 0.001000 0.005000
601 0.488281 4.817552 0.001000 0.005000
602 0.000000 13.716376 0.001000 0.005000
603 0.000000 8.978285 0.001000 0.005000
604 0.488281 10.556847 0.001000 0.005000
605 0.488281 7.413653 0.001000 0.005000
606 0.000000 9.912398 0.001000 0.005000
607 0.488281 7.678346 0.001000 0.005000
608 0.488281 8.142417 0.001000 0.005000
609 0.000000 7.053541 0.001000 0.005000
610 0.690534 11.966658 0.001000 0.005000
611 0.000000 5.946827 0.001000 0.005000
612 0.488281 11.870384 0.001000 0.005000
613 0.488281 11.708848 0.001000 0.005000
614 0.488281 8.248058 0.001000 0.005000
615 0.690534 10.599118 0.001000 0.005000
616 0.000000 10.380250 0.001000 0.005000
617 0.690534 10.197971 0.001000 0.005000
618 0.488281 9.033349 0.001000 0.005000
619 0.690534 4.523829 0.001000 0.005000
620 0.000000 8.501503 0.001000 0.005000
621 0.000000 9.890760 0.001000 0.005000
622 0.690534 10.384693 0.001000 0.005000
623 0.000000 11.463278 0.001000 0.005000
624 0.690534 14.808194 0.001000 0.005000
625 0.000000 19.091034 0.001000 0.005000
626 0.488281 15.510893 0.001000 0.005000
627 0.488281 10.767762 0.001000 0.005000
628 0.690534 9.530432 0.001000 0.005000
629 0.000000 12.166593 0.001000 0.005000
630 0.488281 10.975742 0.001000 0.005000
631 0.488281 8.808240 0.001000 0.005000
632 0.000000 7.521885 0.001000 0.005000
633 0.690534 12.367761 0.001000 0.005000
634 0.000000 16.510174 0.001000 0.005000
635 0.000000 8.396213 0.001000 0.005000
636 1.091830 3.797562 0.001000 0.005000
637 0.845728 25.570206 0.001000 0.005000
638 0.690534 14.409910 0.001000 0.005000
639 1.196040 23.498026 0.001000 0.005000
640 1.381068 23.508429 0.001000 0.005000
641 1.826981 42.354183 0.001000 0.005000
642 0.690534 17.768536 0.001000 0.005000
643 0.000000 3.000972 0.001000 0.005000
644 0.845728 17.067917 0.001000 0.005000
645 0.845728 16.036325 0.001000 0.005000
646 0.000000 7.517233 0.001000 0.005000
647 0.488281 11.480998 0.001000 0.005000
648 1.381068 31.872320 0.001000 0.005000
649 0.845728 15.884834 0.001000 0.005000
650 0.488281 10.512496 0.001000 0.005000
651 0.690534 10.832628 0.001000 0.005000
652 0.690534 13.076232 0.001000 0.005000
653 0.000000 16.962114 0.001000 0.005000
654 0.690534 17.325165 0.001000 0.005000
655 0.690534 28.996607 0.001000 0.005000
656 0.000000 14.736618 0.001000 0.005000
657 0.000000 14.427938 0.001000 0.005000
658 0.845728 11.222648 0.001000 0.005000
659 0.000000 4.169233 0.001000 0.005000
660 0.000000 11.130903 0.001000 0.005000
661 1.196040 16.147728 0.001000 0.005000
662 0.488281 5.087856 0.001000 0.005000
663 0.488281 18.848852 0.001000 0.005000
664 0.845728 12.537817 0.001000 0.005000
665 0.690534 20.686537 0.001000 0.005000
666 0.845728 29.605766 0.001000 0.005000
667 0.690534 23.977177 0.001000 0.005000
668 0.000000 23.402416 0.001000 0.005000
669 0.000000 8.536283 0.001000 0.005000
670 0.690534 22.713154 0.001000 0.005000
671 0.845728 24.141621 0.001000 0.005000
672 0.976562 30.457640 0.001000 0.005000
673 0.000000 16.050138 0.001000 0.005000
674 0.488281 51.114429 0.001000 0.005000
675 0.000000 4.559835 0.001000 0.005000
676 0.488281 6.454191 0.001000 0.005000
677 0.000000 7.458764 0.001000 0.005000
678 0.000000 6.195569 0.001000 0.005000
679 0.000000 8.249339 0.001000 0.005000
680 0.000000 4.338029 0.001000 0.005000
681 0.000000 6.371836 0.001000 0.005000
682 0.000000 6.424070 0.001000 0.005000
683 0.488281 6.609469 0.001000 0.005000
684 0.000000 5.568652 0.001000 0.005000
685 0.000000 7.998251 0.001000 0.005000
686 0.000000 7.626547 0.001000 0.005000
687 0.000000 8.899639 0.001000 0.005000
688 0.488281 5.330558 0.001000 0.005000
689 0.000000 4.880422 0.001000 0.005000
690 0.000000 4.873641 0.001000 0.005000
691 0.000000 4.785924 0.001000 0.005000
692 0.000000 5.031319 0.001000 0.005000
693 0.000000 1.681512 0.001000 0.005000
694 0.000000 13.155894 0.001000 0.005000
695 0.488281 3.621243 0.001000 0.005000
696 0.000000 9.658528 0.001000 0.005000
697 0.000000 2.832352 0.001000 0.005000
698 0.488281 3.449866 0.001000 0.005000
699 0.000000 4.696021 0.001000 0.005000
700 0.000000 8.576817 0.001000 0.005000
701 0.000000 3.730037 0.001000 0.005000
702 0.000000 2.816526 0.001000 0.005000
703 0.488281 7.338428 0.001000 0.003333
704 0.000000 9.004542 0.001000 0.003333
705 0.000000 8.375539 0.001000 0.003333
706 0.488281 10.222448 0.001000 0.005000
707 0.000000 4.051460 0.001000 0.005000
708 0.000000 7.075248 0.001000 0.005000
709 0.000000 6.559095 0.001000 0.005000
710 0.000000 2.804765 0.001000 0.005000
711 0.488281 2.925977 0.001000 0.005000
712 0.000000 3.829317 0.001000 0.005000
713 0.000000 4.788264 0.001000 0.003333
714 0.000000 5.439066 0.001000 0.005000
715 0.000000 52.169708 0.001000 0.005000
716 0.000000 35.874222 0.001000 0.005000
717 0.000000 31.761875 0.001000 0.005000
718 0.488281 31.581348 0.001000 0.005000
719 0.000000 26.418625 0.001000 0.005000
720 0.690534 20.642244 0.001000 0.005000
721 0.000000 28.985659 0.001000 0.005000
722 0.690534 30.127956 0.001000 0.005000
723 0.488281 13.404750 0.001000 0.005000
724 0.000000 15.506687 0.001000 0.005000
725 0.488281 14.226789 0.001000 0.005000
726 0.488281 12.401214 0.001000 0.005000
727 0.488281 11.843886 0.001000 0.005000
728 0.488281 9.511869 0.001000 0.005000
729 0.000000 25.108805 0.001000 0.005000
730 0.690534 12.447000 0.001000 0.005000
731 0.690534 18.555988 0.001000 0.005000
732 0.690534 12.417127 0.001000 0.005000
733 0.000000 8.911792 0.001000 0.005000
734 0.488281 10.530349 0.001000 0.005000
735 0.000000 8.248553 0.001000 0.005000
736 0.000000 9.069649 0.001000 0.005000
737 0.000000 8.092416 0.001000 0.005000
738 0.690534 11.427795 0.001000 0.005000
739 0.488281 16.134739 0.001000 0.005000
740 0.488281 50.066448 0.001000 0.005000
741 0.488281 10.819281 0.001000 0.005000
742 0.000000 106.469269 0.001000 0.005000
743 0.845728 2.240509 0.001000 0.005000
744 0.976562 18.122290 0.001000 0.005000
745 1.091830 11.498878 0.001000 0.005000
746 1.381068 58.721619 0.001000 0.005000
747 1.291871 13.040328 0.001000 0.005000
748 1.760523 21.977930 0.001000 0.005000
749 0.690534 27.516882 0.001000 0.005000
750 0.690534 24.422235 0.001000 0.005000
751 1.464844 24.691835 0.001000 0.005000
752 2.888712 32.243057 0.001000 0.005000
753 1.381068 20.734993 0.001000 0.005000
754 1.091830 13.549951 0.001000 0.005000
755 1.196040 21.564608 0.001000 0.005000
756 0.976562 16.043867 0.001000 0.005000
757 2.183661 20.554440 0.001000 0.005000
758 1.196040 14.539853 0.001000 0.005000
759 0.000000 12.761119 0.001000 0.005000
760 0.976562 17.323139 0.001000 0.005000
761 0.690534 18.721973 0.001000 0.005000
762 0.690534 8.258577 0.001000 0.005000
763 0.690534 15.025656 0.001000 0.005000
764 0.845728 16.591635 0.001000 0.005000
765 0.000000 11.021891 0.001000 0.005000
766 0.690534 2.946618 0.001000 0.005000
767 0.690534 7.918504 0.001000 0.005000
768 0.845728 29.646139 0.001000 0.005000
769 0.488281 30.390348 0.001000 0.005000
770 0.690534 8.152619 0.001000 0.005000
771 0.488281 10.447602 0.001000 0.005000
772 0.690534 9.098700 0.001000 0.005000
773 0.690534 12.616085 0.001000 0.005000
774 0.690534 11.800331 0.001000 0.005000
775 0.488281 11.259653 0.001000 0.005000
776 0.000000 14.577767 0.001000 0.005000
777 0.000000 5.545032 0.001000 0.005000
778 0.000000 7.159759 0.001000 0.005000
779 0.690534 14.595296 0.001000 0.005000
780 0.690534 9.610888 0.001000 0.005000
781 0.000000 6.990659 0.001000 0.005000
782 0.488281 9.697012 0.001000 0.005000
783 0.845728 10.024461 0.001000 0.005000
784 0.690534 14.063787 0.001000 0.005000
785 0.976562 16.174078 0.001000 0.005000
786 1.091830 15.419526 0.001000 0.005000
787 0.000000 10.021120 0.001000 0.005000
788 0.000000 12.303099 0.001000 0.005000
789 0.000000 9.220206 0.001000 0.005000
790 0.488281 6.750266 0.001000 0.005000
791 0.690534 19.104883 0.001000 0.005000
792 0.488281 8.695407 0.001000 0.005000
793 0.000000 10.393738 0.001000 0.005000
794 0.000000 12.801477 0.001000 0.005000
795 0.488281 17.998419 0.001000 0.005000
796 0.488281 0.685020 0.001000 0.005000
797 0.000000 19.604389 0.001000 0.005000
798 0.976562 10.283174 0.001000 0.005000
799 0.488281 12.829757 0.001000 0.005000
800 0.690534 15.858479 0.001000 0.005000
801 0.488281 14.448696 0.001000 0.005000
802 0.690534 17.440100 0.001000 0.005000
803 0.690534 9.370713 0.001000 0.005000
804 0.690534 31.025822 0.001000 0.005000
805 0.690534 8.581536 0.001000 0.005000
806 0.690534 11.620638 0.001000 0.005000
807 0.976562 14.980485 0.001000 0.005000
808 0.690534 14.236206 0.001000 0.005000
809 0.000000 12.896238 0.001000 0.005000
810 0.000000 5.480776 0.001000 0.005000
811 0.690534 13.416646 0.001000 0.005000
812 0.690534 8.346866 0.001000 0.005000
813 0.488281 7.775004 0.001000 0.005000
814 1.196040 15.629192 0.001000 0.005000
815 0.000000 12.391879 0.001000 0.005000
816 0.690534 11.463255 0.001000 0.005000
817 0.976562 14.676253 0.001000 0.005000
818 0.845728 19.138504 0.001000 0.005000
819 0.845728 15.982856 0.001000 0.005000
820 0.690534 14.036965 0.001000 0.005000
821 0.000000 11.050528 0.001000 0.005000
822 0.000000 10.230990 0.001000 0.005000
823 0.488281 14.317180 0.001000 0.005000
824 0.000000 15.265050 0.001000 0.005000
825 0.488281 11.594058 0.001000 0.005000
826 0.690534 8.586198 0.001000 0.005000
827 0.976562 13.201365 0.001000 0.005000
828 0.690534 9.417376 0.001000 0.005000
829 0.488281 17.649017 0.001000 0.005000
830 1.381068 15.237505 0.001000 0.005000
831 0.976562 23.523840 0.001000 0.005000
832 0.000000 5.956409 0.001000 0.005000
833 0.000000 17.472412 0.001000 0.005000
834 0.000000 13.505123 0.001000 0.005000
835 0.488281 21.352287 0.001000 0.005000
836 0.000000 21.161394 0.001000 0.005000
837 0.845728 10.823436 0.001000 0.005000
838 0.000000 18.957853 0.001000 0.005000
839 0.488281 12.363551 0.001000 0.005000
840 0.690534 14.664481 0.001000 0.005000
841 0.488281 11.454582 0.001000 0.005000
842 0.976562 18.314621 0.001000 0.005000
843 0.690534 28.720778 0.001000 0.005000
844 0.488281 16.519108 0.001000 0.005000
845 0.690534 8.927788 0.001000 0.005000
846 0.845728 21.290945 0.001000 0.005000
847 1.091830 7.403152 0.001000 0.005000
848 1.196040 4.097955 0.001000 0.005000
849 1.291871 12.094316 0.001000 0.005000
850 1.291871 6.708553 0.001000 0.005000
851 0.488281 17.369953 0.001000 0.005000
852 0.000000 9.332640 0.001000 0.005000
853 0.690534 25.955658 0.001000 0.005000
854 0.488281 27.052341 0.001000 0.005000
855 0.690534 8.446596 0.001000 0.005000
856 0.488281 6.940410 0.001000 0.005000
857 0.845728 8.997561 0.001000 0.005000
858 0.845728 8.574091 0.001000 0.005000
859 0.976562 6.457764 0.001000 0.005000
860 0.690534 4.392317 0.001000 0.005000
861 0.690534 12.549237 0.001000 0.005000
862 0.488281 6.431532 0.001000 0.005000
863 0.488281 7.767443 0.001000 0.005000
864 0.000000 15.797436 0.001000 0.005000
865 0.000000 21.639496 0.001000 0.005000
866 0.000000 4.627671 0.001000 0.005000
867 0.845728 12.050933 0.001000 0.005000
868 0.690534 14.627950 0.001000 0.005000
869 0.000000 14.996663 0.001000 0.005000
870 0.690534 10.510831 0.001000 0.005000
871 0.000000 10.516728 0.001000 0.005000
872 0.488281 14.033491 0.001000 0.005000
873 0.690534 17.536659 0.001000 0.005000
874 0.000000 13.954084 0.001000 0.005000
875 0.000000 7.462481 0.001000 0.005000
876 0.000000 11.660744 0.001000 0.005000
877 0.000000 11.219565 0.001000 0.005000
878 0.690534 10.705868 0.001000 0.005000
879 0.000000 14.509504 0.001000 0.005000
880 0.000000 13.282530 0.001000 0.005000
881 0.488281 9.413298 0.001000 0.005000
882 0.488281 14.231544 0.001000 0.005000
883 0.000000 16.506201 0.001000 0.005000
884 0.488281 15.434935 0.001000 0.005000
885 0.000000 23.966766 0.001000 0.005000
886 0.488281 20.151968 0.001000 0.005000
887 0.000000 16.423740 0.001000 0.005000
888 0.488281 14.830298 0.001000 0.005000
889 0.488281 22.045305 0.001000 0.005000
890 0.976562 36.109112 0.001000 0.005000
891 1.196040 37.328152 0.001000 0.005000
892 0.976562 20.358791 0.001000 0.005000
893 0.690534 6.246853 0.001000 0.005000
894 0.976562 15.388543 0.001000 0.005000
895 0.690534 35.972759 0.001000 0.005000
896 0.690534 12.663500 0.001000 0.005000
897 0.488281 7.891922 0.001000 0.005000
898 0.000000 15.525574 0.001000 0.005000
899 0.690534 54.003231 0.001000 0.005000
900 0.690534 26.748346 0.001000 0.005000
901 0.690534 16.131168 0.001000 0.005000
902 1.544081 19.137213 0.001000 0.005000
903 1.464844 33.322968 0.001000 0.005000
904 1.691456 35.698254 0.001000 0.005000
905 1.196040 15.974362 0.001000 0.005000
906 0.488281 14.167879 0.001000 0.005000
907 1.826981 21.083311 0.001000 0.005000
908 1.381068 20.631817 0.001000 0.005000
909 2.290242 35.274040 0.001000 0.005000
910 0.845728 5.731395 0.001000 0.005000
911 3.049316 42.587029 0.001000 0.005000
912 0.690534 10.208467 0.001000 0.005000
913 1.091830 4.785782 0.001000 0.005000
914 0.488281 12.651498 0.001000 0.005000
915 1.953125 25.756123 0.001000 0.005000
916 0.845728 8.340208 0.001000 0.005000
917 0.488281 16.414255 0.001000 0.005000
918 0.976562 11.971253 0.001000 0.005000
919 1.381068 16.947472 0.001000 0.005000
920 0.976562 12.461257 0.001000 0.005000
921 0.690534 6.154527 0.001000 0.005000
922 0.976562 6.388576 0.001000 0.005000
923 0.488281 8.747137 0.001000 0.005000
924 0.000000 7.952985 0.001000 0.005000
925 0.000000 3.787059 0.001000 0.005000
926 0.690534 3.042049 0.001000 0.005000
927 0.488281 2.824078 0.001000 0.005000
928 0.690534 4.511762 0.001000 0.005000
929 0.690534 11.761009 0.001000 0.005000
930 0.690534 11.483724 0.001000 0.005000
931 0.488281 2.588493 0.001000 0.005000
932 0.488281 10.800735 0.001000 0.005000
933 0.000000 6.569723 0.001000 0.005000
934 0.690534 3.728160 0.001000 0.005000
935 0.488281 13.502974 0.001000 0.005000
936 0.976562 11.281472 0.001000 0.005000
937 0.000000 14.692516 0.001000 0.005000
938 0.690534 8.220049 0.001000 0.005000
939 0.690534 9.353099 0.001000 0.005000
940 0.000000 7.394706 0.001000 0.005000
941 0.690534 9.932914 0.001000 0.005000
942 0.690534 15.348208 0.001000 0.005000
943 0.488281 4.223487 0.001000 0.005000
944 0.976562 13.835536 0.001000 0.005000
945 0.000000 3.100719 0.001000 0.005000
946 0.690534 3.650060 0.001000 0.005000
947 0.000000 5.885563 0.001000 0.005000
948 0.000000 7.966638 0.001000 0.005000
949 0.000000 14.742599 0.001000 0.005000
950 0.845728 14.727109 0.001000 0.005000
951 0.000000 33.703415 0.001000 0.005000
952 0.690534 12.408932 0.001000 0.005000
953 0.488281 12.442911 0.001000 0.005000
954 0.000000 10.761143 0.001000 0.005000
955 0.690534 13.551134 0.001000 0.005000
956 0.000000 34.906185 0.001000 0.005000
957 0.000000 9.944891 0.001000 0.005000
958 0.690534 14.697437 0.001000 0.005000
959 0.690534 16.210278 0.001000 0.005000
960 0.000000 28.797762 0.001000 0.005000
961 0.488281 14.489137 0.001000 0.005000
962 0.690534 8.456860 0.001000 0.005000
963 0.976562 15.785714 0.001000 0.005000
964 0.976562 13.862418 0.001000 0.005000
965 0.690534 21.049734 0.001000 0.005000
966 0.845728 16.216852 0.001000 0.005000
967 0.000000 19.701401 0.001000 0.005000
968 0.488281 20.818838 0.001000 0.005000
969 0.690534 13.808961 0.001000 0.005000
970 0.000000 11.603519 0.001000 0.005000
971 0.690534 6.139396 0.001000 0.005000
972 0.690534 14.074772 0.001000 0.005000
973 0.690534 6.066946 0.001000 0.005000
974 0.488281 14.660397 0.001000 0.005000
975 0.488281 12.036426 0.001000 0.005000
976 0.488281 9.672784 0.001000 0.005000
977 0.690534 17.544239 0.001000 0.005000
978 0.488281 21.876368 0.001000 0.005000
979 0.488281 21.134832 0.001000 0.005000
980 0.000000 15.858713 0.001000 0.005000
981 0.488281 15.607426 0.001000 0.005000
982 0.000000 17.220066 0.001000 0.005000
983 0.488281 15.699268 0.001000 0.005000
984 0.690534 16.408751 0.001000 0.005000
985 0.690534 15.927835 0.001000 0.005000
986 0.690534 4.660507 0.001000 0.005000
987 0.690534 7.824169 0.001000 0.005000
988 0.000000 16.658106 0.001000 0.005000
989 0.000000 10.760785 0.001000 0.005000
990 0.000000 10.677066 0.001000 0.005000
991 0.488281 8.419584 0.001000 0.005000
992 1.381068 6.248904 0.001000 0.005000
993 0.845728 16.994331 0.001000 0.005000
994 0.000000 12.682067 0.001000 0.005000
995 0.000000 11.181998 0.001000 0.005000
996 0.488281 9.054940 0.001000 0.005000
997 0.488281 15.386552 0.001000 0.005000
998 0.690534 1.696196 0.001000 0.005000
999 1.196040 7.429234 0.001000 0.005000
1000 0.690534 11.238990 0.001000 0.005000
1001 0.488281 7.468861 0.001000 0.005000
1002 0.000000 15.419819 0.001000 0.005000
1003 0.488281 20.176477 0.001000 0.005000
1004 0.690534 3.951406 0.001000 0.005000
1005 0.000000 7.209833 0.001000 0.005000
1006 0.000000 10.458115 0.001000 0.005000
1007 0.976562 8.479689 0.001000 0.005000
1008 0.000000 12.677999 0.001000 0.005000
1009 0.488281 7.404094 0.001000 0.005000
1010 0.488281 6.976132 0.001000 0.005000
1011 0.000000 5.964718 0.001000 0.005000
1012 0.488281 6.393622 0.001000 0.005000
1013 0.488281 11.026854 0.001000 0.005000
1014 0.000000 10.601551 0.001000 0.005000
1015 0.000000 12.382816 0.001000 0.005000
1016 0.000000 6.333202 0.001000 0.005000
1017 0.690534 5.785987 0.001000 0.005000
1018 0.488281 4.305039 0.001000 0.005000
1019 0.000000 6.232452 0.001000 0.005000
1020 0.000000 7.063420 0.001000 0.005000
1021 0.690534 2.943148 0.001000 0.005000
1022 0.000000 7.906612 0.001000 0.005000
1023 0.000000 11.435443 0.001000 0.005000
1024 0.690534 13.253098 0.001000 0.005000
1025 0.000000 10.728702 0.001000 0.005000
1026 0.000000 15.406629 0.001000 0.005000
1027 0.690534 16.131987 0.001000 0.005000
1028 0.690534 12.469197 0.001000 0.005000
1029 0.000000 6.951208 0.001000 0.005000
1030 0.000000 7.622173 0.001000 0.005000
1031 0.690534 9.579652 0.001000 0.005000
1032 0.488281 8.583282 0.001000 0.005000
1033 0.845728 5.559246 0.001000 0.005000
1034 0.488281 3.452271 0.001000 0.005000
1035 0.000000 5.418659 0.001000 0.005000
1036 0.000000 3.209140 0.001000 0.005000
1037 0.000000 10.221518 0.001000 0.005000
1038 0.488281 14.334171 0.001000 0.005000
1039 0.488281 9.880879 0.001000 0.005000
1040 0.488281 4.221994 0.001000 0.005000
1041 0.690534 11.175444 0.001000 0.005000
1042 0.488281 9.098417 0.001000 0.005000
1043 0.000000 9.477851 0.001000 0.005000
1044 0.000000 6.096216 0.001000 0.005000
1045 0.690534 14.351110 0.001000 0.005000
1046 0.000000 11.597423 0.001000 0.005000
1047 0.000000 12.227257 0.001000 0.005000
1048 0.488281 7.759185 0.001000 0.005000
1049 0.000000 12.825559 0.001000 0.005000
1050 0.690534 8.044687 0.001000 0.005000
1051 0.488281 5.820346 0.001000 0.005000
1052 0.000000 6.500305 0.001000 0.005000
1053 0.690534 12.263610 0.001000 0.005000
1054 0.690534 10.804733 0.001000 0.005000
1055 0.000000 12.455786 0.001000 0.005000
1056 0.690534 12.734644 0.001000 0.005000
1057 0.690534 9.929844 0.001000 0.005000
1058 0.488281 3.534924 0.001000 0.005000
1059 1.091830 19.466553 0.001000 0.005000
1060 0.845728 8.539379 0.001000 0.005000
1061 0.000000 30.154541 0.001000 0.005000
1062 0.690534 44.057999 0.001000 0.005000
1063 0.488281 31.636673 0.001000 0.005000
1064 1.619446 47.534111 0.001000 0.005000
1065 1.196040 17.831455 0.001000 0.005000
1066 0.690534 23.118984 0.001000 0.005000
1067 0.488281 15.212756 0.001000 0.005000
1068 0.488281 17.066502 0.001000 0.005000
1069 0.976562 17.940027 0.001000 0.005000
1070 0.690534 21.359472 0.001000 0.005000
1071 0.845728 46.125584 0.001000 0.005000
1072 1.091830 20.059925 0.001000 0.005000
1073 0.000000 18.003141 0.001000 0.005000
1074 0.690534 11.941116 0.001000 0.005000
1075 0.488281 18.021122 0.001000 0.005000
1076 1.381068 34.757412 0.001000 0.005000
1077 0.690534 8.436333 0.001000 0.005000
1078 0.488281 10.516025 0.001000 0.005000
1079 0.488281 15.778132 0.001000 0.005000
1080 0.690534 5.064904 0.001000 0.005000
1081 0.000000 10.232378 0.001000 0.005000
1082 0.845728 13.078721 0.001000 0.005000
1083 1.196040 7.773456 0.001000 0.005000
1084 0.000000 8.238892 0.001000 0.005000
1085 0.690534 8.490865 0.001000 0.005000
1086 0.690534 7.828931 0.001000 0.005000
1087 0.000000 10.313632 0.001000 0.005000
1088 0.690534 3.286352 0.001000 0.005000
1089 0.000000 4.380580 0.001000 0.005000
1090 0.488281 4.283218 0.001000 0.005000
1091 0.690534 5.416180 0.001000 0.005000
1092 0.000000 3.862299 0.001000 0.005000
1093 0.488281 6.552125 0.001000 0.005000
1094 0.690534 9.224409 0.001000 0.005000
1095 0.845728 2.094349 0.001000 0.005000
1096 0.000000 3.136324 0.001000 0.005000
1097 0.690534 6.856942 0.001000 0.005000
1098 0.000000 4.570185 0.001000 0.005000
1099 0.000000 3.951088 0.001000 0.005000
