0 0.845728 10.053144 0.001000 0.005000
1 0.000000 9.179122 0.001000 0.005000
2 0.690534 5.675745 0.001000 0.005000
3 0.690534 10.785231 0.001000 0.005000
4 0.488281 4.309963 0.001000 0.005000
5 0.690534 4.241014 0.001000 0.005000
6 0.845728 6.861612 0.001000 0.005000
7 0.690534 16.659224 0.001000 0.005000
8 0.000000 10.373683 0.001000 0.005000
9 0.845728 11.010079 0.001000 0.005000
10 0.000000 13.229179 0.001000 0.005000
11 0.690534 10.322062 0.001000 0.005000
12 0.845728 11.823331 0.001000 0.005000
13 0.976562 14.470663 0.001000 0.005000
14 0.488281 2.000141 0.001000 0.005000
15 0.690534 4.187033 0.001000 0.005000
16 0.690534 9.355789 0.001000 0.005000
17 0.845728 2.582029 0.001000 0.005000
18 0.488281 6.417083 0.001000 0.005000
19 0.000000 9.011896 0.001000 0.005000
20 0.690534 9.492980 0.001000 0.005000
21 0.488281 6.127181 0.001000 0.005000
22 1.291871 15.689048 0.001000 0.005000
23 0.488281 14.728465 0.001000 0.005000
24 0.690534 12.578428 0.001000 0.005000
25 0.976562 28.470736 0.001000 0.005000
26 0.845728 10.795537 0.001000 0.005000
27 0.000000 19.533937 0.001000 0.005000
28 0.000000 22.467857 0.001000 0.005000
29 0.488281 16.811672 0.001000 0.005000
30 0.690534 10.044064 0.001000 0.005000
31 0.000000 16.169302 0.001000 0.005000
32 0.000000 13.403645 0.001000 0.005000
33 0.690534 21.668758 0.001000 0.005000
34 0.690534 19.169601 0.001000 0.005000
35 0.690534 12.960436 0.001000 0.005000
36 0.000000 30.156509 0.001000 0.005000
37 0.976562 11.063519 0.001000 0.005000
38 0.690534 5.526732 0.001000 0.005000
39 0.000000 5.320871 0.001000 0.005000
40 0.488281 9.580870 0.001000 0.005000
41 0.488281 9.003281 0.001000 0.005000
42 0.000000 10.884443 0.001000 0.005000
43 0.690534 14.027847 0.001000 0.005000
44 0.000000 24.062269 0.001000 0.005000
45 0.845728 13.614412 0.001000 0.005000
46 0.000000 21.361261 0.001000 0.005000
47 0.690534 12.717583 0.001000 0.005000
48 0.690534 14.204144 0.001000 0.005000
49 0.488281 9.538291 0.001000 0.005000
50 0.976562 15.720951 0.001000 0.005000
51 0.000000 8.586251 0.001000 0.005000
52 0.845728 25.084557 0.001000 0.005000
53 0.845728 11.076579 0.001000 0.005000
54 0.000000 5.431907 0.001000 0.005000
55 0.000000 8.754548 0.001000 0.005000
56 0.690534 15.281798 0.001000 0.005000
57 0.976562 20.080976 0.001000 0.005000
58 2.071602 14.043186 0.001000 0.005000
59 1.091830 25.471914 0.001000 0.005000
60 1.464844 25.949623 0.001000 0.005000
61 0.690534 14.865349 0.001000 0.005000
62 0.488281 38.124054 0.001000 0.005000
63 0.690534 21.030436 0.001000 0.005000
64 0.000000 26.023598 0.001000 0.005000
65 0.000000 11.605762 0.001000 0.005000
66 0.690534 17.028822 0.001000 0.005000
67 0.000000 18.390888 0.001000 0.005000
68 0.000000 18.938999 0.001000 0.005000
69 0.488281 11.613685 0.001000 0.005000
70 1.196040 23.177896 0.001000 0.005000
71 1.826981 29.502239 0.001000 0.005000
72 0.000000 17.592583 0.001000 0.005000
73 0.690534 23.672268 0.001000 0.005000
74 0.000000 14.421347 0.001000 0.005000
75 1.091830 23.347834 0.001000 0.005000
76 0.690534 14.883307 0.001000 0.005000
77 1.196040 28.891384 0.001000 0.005000
78 0.976562 23.045439 0.001000 0.005000
79 1.291871 17.486118 0.001000 0.005000
80 1.381068 10.640296 0.001000 0.005000
81 1.196040 11.061469 0.001000 0.005000
82 0.845728 12.742456 0.001000 0.005000
83 0.690534 37.214687 0.001000 0.005000
84 0.488281 8.131436 0.001000 0.005000
85 0.000000 26.684290 0.001000 0.005000
86 0.845728 48.214260 0.001000 0.005000
87 0.000000 16.351652 0.001000 0.005000
88 0.690534 13.619428 0.001000 0.005000
89 0.976562 32.763592 0.001000 0.005000
90 0.000000 10.033415 0.001000 0.005000
91 0.690534 9.239161 0.001000 0.005000
92 0.000000 28.652225 0.001000 0.005000
93 0.488281 12.446504 0.001000 0.005000
94 0.845728 13.553681 0.001000 0.005000
95 0.690534 27.473246 0.001000 0.005000
96 0.000000 32.530132 0.001000 0.005000
97 0.488281 22.789265 0.001000 0.005000
98 1.091830 41.893871 0.001000 0.005000
99 0.000000 23.252033 0.001000 0.005000
100 0.976562 24.433043 0.001000 0.005000
101 0.690534 24.164358 0.001000 0.005000
102 0.845728 25.135168 0.001000 0.005000
103 0.976562 23.192282 0.001000 0.005000
104 1.691456 19.380045 0.001000 0.005000
105 0.845728 34.316162 0.001000 0.005000
106 0.845728 19.299971 0.001000 0.005000
107 0.690534 18.789976 0.001000 0.005000
108 0.000000 17.359608 0.001000 0.005000
109 0.690534 25.675343 0.001000 0.005000
110 0.690534 18.109840 0.001000 0.005000
111 0.000000 17.366810 0.001000 0.005000
112 1.196040 20.431005 0.001000 0.005000
113 0.690534 34.108429 0.001000 0.005000
114 0.976562 21.374035 0.001000 0.005000
115 0.976562 21.190529 0.001000 0.005000
116 0.488281 11.452705 0.001000 0.005000
117 1.196040 16.818621 0.001000 0.005000
118 0.690534 14.360594 0.001000 0.005000
119 0.488281 11.928578 0.001000 0.005000
120 0.976562 21.314260 0.001000 0.005000
121 0.976562 15.824498 0.001000 0.005000
122 0.488281 17.074141 0.001000 0.005000
123 0.690534 15.728434 0.001000 0.005000
124 1.381068 24.350830 0.001000 0.005000
125 0.690534 12.048313 0.001000 0.005000
126 0.488281 22.849459 0.001000 0.005000
127 0.488281 14.500385 0.001000 0.005000
128 0.845728 13.755582 0.001000 0.005000
129 0.488281 5.084754 0.001000 0.005000
130 0.976562 13.584909 0.001000 0.005000
131 1.091830 16.710028 0.001000 0.005000
132 0.690534 24.391897 0.001000 0.005000
133 0.690534 18.564091 0.001000 0.005000
134 0.690534 18.120493 0.001000 0.005000
135 0.488281 27.736015 0.001000 0.005000
136 0.488281 10.177405 0.001000 0.005000
137 0.845728 10.811124 0.001000 0.005000
138 0.488281 12.409508 0.001000 0.005000
139 0.000000 37.313087 0.001000 0.005000
140 0.845728 46.300529 0.001000 0.005000
141 0.690534 13.655671 0.001000 0.005000
142 1.196040 12.514680 0.001000 0.005000
143 0.690534 24.671539 0.001000 0.005000
144 0.000000 13.012685 0.001000 0.005000
145 0.000000 19.546392 0.001000 0.005000
146 0.488281 26.675594 0.001000 0.005000
147 0.488281 17.953844 0.001000 0.005000
148 1.291871 23.766605 0.001000 0.005000
149 1.196040 11.516172 0.001000 0.005000
150 0.690534 8.675980 0.001000 0.005000
151 0.488281 20.002733 0.001000 0.005000
152 0.690534 12.620284 0.001000 0.005000
153 0.000000 19.208384 0.001000 0.005000
154 0.488281 17.670971 0.001000 0.005000
155 0.000000 10.555838 0.001000 0.005000
156 0.690534 8.512442 0.001000 0.005000
157 0.690534 14.581000 0.001000 0.005000
158 0.488281 13.042140 0.001000 0.005000
159 0.690534 5.790417 0.001000 0.005000
160 0.000000 9.367418 0.001000 0.005000
161 1.196040 13.554888 0.001000 0.005000
162 0.690534 11.067236 0.001000 0.005000
163 0.488281 14.883020 0.001000 0.005000
164 0.488281 30.331163 0.001000 0.005000
165 0.000000 21.393269 0.001000 0.005000
166 0.690534 20.864149 0.001000 0.005000
167 1.196040 37.673107 0.001000 0.005000
168 1.091830 14.843991 0.001000 0.005000
169 1.196040 16.824177 0.001000 0.005000
170 2.537184 39.273685 0.001000 0.005000
171 0.488281 8.548402 0.001000 0.005000
172 0.690534 24.341154 0.001000 0.005000
173 0.690534 3.860148 0.001000 0.005000
174 0.690534 11.946733 0.001000 0.005000
175 0.690534 8.799174 0.001000 0.005000
176 0.690534 13.354166 0.001000 0.005000
177 0.488281 16.122175 0.001000 0.005000
178 0.488281 15.835268 0.001000 0.005000
179 0.690534 23.492477 0.001000 0.005000
180 0.488281 14.153802 0.001000 0.005000
181 0.000000 18.388315 0.001000 0.005000
182 0.690534 7.010968 0.001000 0.005000
183 0.976562 31.778070 0.001000 0.005000
184 0.690534 18.635115 0.001000 0.005000
185 1.091830 32.123299 0.001000 0.005000
186 0.488281 21.817423 0.001000 0.005000
187 0.488281 22.308990 0.001000 0.005000
188 0.488281 6.453336 0.001000 0.005000
189 0.690534 15.093007 0.001000 0.005000
190 0.000000 18.467691 0.001000 0.005000
191 0.845728 18.524517 0.001000 0.005000
192 1.691456 21.960295 0.001000 0.005000
193 0.845728 17.150541 0.001000 0.005000
194 0.000000 13.816187 0.001000 0.005000
195 0.000000 23.926580 0.001000 0.005000
196 0.000000 7.866161 0.001000 0.005000
197 0.488281 14.518681 0.001000 0.005000
198 0.000000 25.662569 0.001000 0.005000
199 0.976562 10.083899 0.001000 0.005000
200 0.690534 13.319413 0.001000 0.005000
201 0.000000 46.267384 0.001000 0.005000
202 0.000000 9.107127 0.001000 0.005000
203 0.000000 14.404293 0.001000 0.005000
204 0.845728 6.753275 0.001000 0.005000
205 0.000000 25.155062 0.001000 0.005000
206 0.000000 6.976306 0.001000 0.005000
207 0.000000 6.990017 0.001000 0.005000
208 0.690534 15.755630 0.001000 0.005000
209 0.000000 15.040759 0.001000 0.005000
210 0.488281 12.485919 0.001000 0.005000
211 0.488281 8.890273 0.001000 0.005000
212 0.000000 25.037088 0.001000 0.005000
213 0.000000 11.326439 0.001000 0.005000
214 0.488281 15.588595 0.001000 0.005000
215 0.488281 15.820432 0.001000 0.005000
216 0.000000 12.982600 0.001000 0.005000
217 0.000000 13.683548 0.001000 0.005000
218 0.845728 4.367702 0.001000 0.005000
219 0.488281 46.576672 0.001000 0.005000
220 0.690534 22.113703 0.001000 0.005000
221 0.690534 24.403784 0.001000 0.005000
222 0.000000 16.570564 0.001000 0.005000
223 0.690534 31.414179 0.001000 0.005000
224 0.488281 17.094156 0.001000 0.005000
225 0.690534 23.893791 0.001000 0.005000
226 0.000000 13.233244 0.001000 0.005000
227 0.976562 15.665553 0.001000 0.005000
228 0.690534 27.259552 0.001000 0.005000
229 0.488281 26.395786 0.001000 0.005000
230 0.000000 9.965947 0.001000 0.005000
231 0.976562 21.113741 0.001000 0.005000
232 0.000000 13.458569 0.001000 0.005000
233 0.000000 12.423386 0.001000 0.005000
234 0.000000 15.451216 0.001000 0.005000
235 0.488281 14.909510 0.001000 0.005000
236 0.488281 21.727261 0.001000 0.005000
237 0.690534 18.462206 0.001000 0.005000
238 0.488281 39.527618 0.001000 0.005000
239 0.000000 33.233047 0.001000 0.005000
240 0.488281 22.783947 0.001000 0.005000
241 0.488281 16.654665 0.001000 0.005000
242 0.690534 35.055965 0.001000 0.005000
243 0.000000 19.568722 0.001000 0.005000
244 0.690534 17.447859 0.001000 0.005000
245 0.000000 33.857109 0.001000 0.005000
246 0.488281 47.137173 0.001000 0.005000
247 0.488281 33.188255 0.001000 0.005000
248 0.488281 29.177740 0.001000 0.005000
249 0.976562 22.733086 0.001000 0.005000
250 0.976562 16.983829 0.001000 0.005000
251 0.690534 34.962711 0.001000 0.005000
252 0.488281 28.137209 0.001000 0.005000
253 0.690534 45.970169 0.001000 0.005000
254 0.000000 25.837358 0.001000 0.005000
255 0.000000 38.822632 0.001000 0.005000
256 0.845728 33.152340 0.001000 0.005000
257 1.091830 29.496584 0.001000 0.005000
258 1.381068 47.551605 0.001000 0.005000
259 0.690534 20.056129 0.001000 0.005000
260 0.845728 22.880730 0.001000 0.005000
261 0.000000 30.931913 0.001000 0.005000
262 0.000000 38.967613 0.001000 0.005000
263 0.690534 32.945263 0.001000 0.005000
264 0.000000 24.155613 0.001000 0.005000
265 0.690534 25.857533 0.001000 0.005000
266 0.488281 35.030315 0.001000 0.005000
267 0.690534 29.913174 0.001000 0.005000
268 0.690534 39.380089 0.001000 0.005000
269 0.845728 33.233223 0.001000 0.005000
270 0.000000 35.144852 0.001000 0.005000
271 0.488281 41.154724 0.001000 0.005000
272 0.000000 44.906273 0.001000 0.005000
273 0.488281 38.790745 0.001000 0.005000
274 0.000000 39.116188 0.001000 0.005000
275 0.488281 58.701698 0.001000 0.005000
276 0.000000 42.387657 0.001000 0.005000
277 0.000000 40.629734 0.001000 0.005000
278 0.690534 43.450706 0.001000 0.005000
279 0.690534 47.311707 0.001000 0.005000
280 0.488281 40.685833 0.001000 0.005000
281 0.000000 31.330114 0.001000 0.005000
282 0.690534 72.512375 0.001000 0.005000
283 0.976562 34.204700 0.001000 0.005000
284 2.071602 49.101284 0.001000 0.005000
285 1.544081 40.020893 0.001000 0.005000
286 2.341715 38.069309 0.001000 0.005000
287 0.000000 38.824921 0.001000 0.005000
288 1.381068 40.268513 0.001000 0.005000
289 0.690534 53.838623 0.001000 0.005000
290 1.464844 49.769100 0.001000 0.005000
291 0.690534 33.375072 0.001000 0.005000
292 0.976562 52.132271 0.001000 0.005000
293 1.091830 31.452435 0.001000 0.005000
294 0.976562 54.440262 0.001000 0.005000
295 0.488281 37.440174 0.001000 0.005000
296 1.196040 49.187935 0.001000 0.005000
297 0.845728 41.293076 0.001000 0.005000
298 0.000000 52.014767 0.001000 0.005000
299 0.690534 38.609844 0.001000 0.005000
300 0.000000 67.140320 0.001000 0.005000
301 0.690534 42.740345 0.001000 0.005000
302 0.690534 37.440060 0.001000 0.005000
303 0.690534 31.194071 0.001000 0.005000
304 1.291871 35.694099 0.001000 0.005000
305 1.196040 29.973780 0.001000 0.005000
306 0.690534 56.991386 0.001000 0.005000
307 0.000000 33.652454 0.001000 0.005000
308 0.690534 27.158335 0.001000 0.005000
309 0.690534 46.303585 0.001000 0.005000
310 0.976562 58.198692 0.001000 0.005000
311 0.488281 26.284193 0.001000 0.005000
312 0.690534 43.216080 0.001000 0.005000
313 1.196040 62.246807 0.001000 0.005000
314 0.000000 20.297508 0.001000 0.005000
315 2.183661 48.467121 0.001000 0.005000
316 0.845728 46.920250 0.001000 0.005000
317 1.381068 15.302467 0.001000 0.005000
318 0.976562 21.347273 0.001000 0.005000
319 0.976562 40.709042 0.001000 0.005000
320 0.690534 53.994930 0.001000 0.005000
321 0.976562 30.854822 0.001000 0.005000
322 0.845728 28.056709 0.001000 0.005000
323 0.845728 38.900131 0.001000 0.005000
324 0.000000 9.377234 0.001000 0.005000
325 0.976562 24.223673 0.001000 0.005000
326 0.488281 18.324448 0.001000 0.005000
327 1.381068 10.529202 0.001000 0.005000
328 0.690534 14.905916 0.001000 0.005000
329 0.976562 36.729538 0.001000 0.005000
330 0.690534 8.529315 0.001000 0.005000
331 0.690534 9.723107 0.001000 0.005000
332 1.196040 21.059717 0.001000 0.005000
333 1.891105 14.641124 0.001000 0.005000
334 1.381068 13.352265 0.001000 0.005000
335 0.690534 24.218655 0.001000 0.005000
336 1.091830 9.262578 0.001000 0.005000
337 0.845728 7.689381 0.001000 0.005000
338 1.381068 8.239344 0.001000 0.005000
339 0.845728 11.561814 0.001000 0.005000
340 0.000000 13.531052 0.001000 0.005000
341 0.488281 8.481264 0.001000 0.005000
342 0.488281 16.943623 0.001000 0.005000
343 0.488281 10.254895 0.001000 0.005000
344 1.196040 8.604131 0.001000 0.005000
345 0.690534 10.446915 0.001000 0.005000
346 0.690534 4.329493 0.001000 0.005000
347 0.488281 19.661570 0.001000 0.005000
348 0.845728 12.630905 0.001000 0.005000
349 0.000000 17.528383 0.001000 0.005000
350 0.690534 11.637329 0.001000 0.005000
351 0.976562 9.599154 0.001000 0.005000
352 0.000000 15.856173 0.001000 0.005000
353 0.690534 4.858627 0.001000 0.005000
354 0.690534 9.229774 0.001000 0.005000
355 0.690534 10.432201 0.001000 0.005000
356 0.488281 7.638306 0.001000 0.005000
357 0.000000 17.619854 0.001000 0.005000
358 0.976562 10.826273 0.001000 0.005000
359 1.091830 15.730296 0.001000 0.005000
360 0.690534 12.012909 0.001000 0.005000
361 0.845728 11.297381 0.001000 0.005000
362 1.381068 10.043362 0.001000 0.005000
363 1.196040 14.591480 0.001000 0.005000
364 0.976562 25.261780 0.001000 0.005000
365 1.544081 17.197222 0.001000 0.005000
366 1.544081 23.294792 0.001000 0.005000
367 0.690534 7.109638 0.001000 0.005000
368 0.976562 8.683122 0.001000 0.005000
369 1.464844 9.583672 0.001000 0.005000
370 0.690534 23.095194 0.001000 0.005000
371 1.196040 15.948267 0.001000 0.005000
372 0.976562 10.701247 0.001000 0.005000
373 0.690534 13.753201 0.001000 0.005000
374 0.845728 27.010128 0.001000 0.005000
375 0.000000 14.965207 0.001000 0.005000
376 0.000000 22.799675 0.001000 0.005000
377 0.488281 13.959893 0.001000 0.005000
378 0.488281 14.787090 0.001000 0.005000
379 0.690534 14.072134 0.001000 0.005000
380 0.690534 4.996167 0.001000 0.005000
381 0.000000 16.751301 0.001000 0.005000
382 0.976562 17.637775 0.001000 0.005000
383 1.196040 14.517894 0.001000 0.005000
384 1.091830 11.493524 0.001000 0.005000
385 0.690534 9.092647 0.001000 0.005000
386 0.976562 16.718206 0.001000 0.005000
387 1.464844 10.885952 0.001000 0.005000
388 1.196040 8.002545 0.001000 0.005000
389 0.000000 18.285114 0.001000 0.005000
390 0.690534 8.501355 0.001000 0.005000
391 0.488281 13.665672 0.001000 0.005000
392 0.488281 12.582556 0.001000 0.005000
393 0.976562 14.955822 0.001000 0.005000
394 0.488281 10.541428 0.001000 0.005000
395 0.000000 14.961499 0.001000 0.005000
396 0.488281 13.937962 0.001000 0.005000
397 1.291871 10.935225 0.001000 0.005000
398 0.690534 35.239258 0.001000 0.005000
399 0.000000 63.657646 0.001000 0.005000
400 0.845728 30.187689 0.001000 0.005000
401 0.690534 36.295238 0.001000 0.005000
402 0.690534 27.142984 0.001000 0.005000
403 0.976562 25.792210 0.001000 0.005000
404 0.690534 22.495108 0.001000 0.005000
405 1.381068 17.852415 0.001000 0.005000
406 1.381068 15.757335 0.001000 0.005000
407 1.544081 16.214384 0.001000 0.005000
408 0.845728 13.643383 0.001000 0.005000
409 1.291871 15.614913 0.001000 0.005000
410 2.237586 17.857994 0.001000 0.005000
411 0.976562 24.667519 0.001000 0.005000
412 0.488281 13.431786 0.001000 0.005000
413 1.291871 13.578579 0.001000 0.005000
414 0.976562 13.158396 0.001000 0.005000
415 0.000000 10.213710 0.001000 0.005000
416 0.690534 13.255995 0.001000 0.005000
417 0.690534 18.803574 0.001000 0.005000
418 0.690534 6.801336 0.001000 0.005000
419 0.000000 18.016022 0.001000 0.005000
420 0.845728 18.847551 0.001000 0.005000
421 0.690534 17.288286 0.001000 0.005000
422 0.000000 12.266568 0.001000 0.005000
423 0.976562 13.023290 0.001000 0.005000
424 0.845728 21.946301 0.001000 0.005000
425 0.488281 8.352383 0.001000 0.005000
426 0.690534 12.915171 0.001000 0.005000
427 1.196040 31.554430 0.001000 0.005000
428 1.464844 15.924235 0.001000 0.005000
429 1.091830 17.984184 0.001000 0.005000
430 0.845728 8.518184 0.001000 0.005000
431 0.000000 10.241681 0.001000 0.005000
432 0.690534 25.175768 0.001000 0.005000
433 0.690534 12.441391 0.001000 0.005000
434 0.976562 25.248154 0.001000 0.005000
435 0.976562 19.147715 0.001000 0.005000
436 1.091830 9.551360 0.001000 0.005000
437 0.690534 16.405119 0.001000 0.005000
438 0.000000 24.770411 0.001000 0.005000
439 0.000000 14.485500 0.001000 0.005000
440 0.690534 10.178547 0.001000 0.005000
441 0.000000 4.741669 0.001000 0.005000
442 1.196040 15.523795 0.001000 0.005000
443 0.976562 8.742240 0.001000 0.005000
444 0.976562 6.582650 0.001000 0.005000
445 1.381068 23.833338 0.001000 0.005000
446 0.488281 20.459002 0.001000 0.005000
447 0.488281 13.197971 0.001000 0.005000
448 1.196040 13.339352 0.001000 0.005000
449 0.690534 10.601126 0.001000 0.005000
450 1.291871 10.911394 0.001000 0.005000
451 0.976562 9.746161 0.001000 0.005000
452 0.845728 7.252812 0.001000 0.005000
453 0.845728 16.456591 0.001000 0.005000
454 0.845728 12.181901 0.001000 0.005000
455 1.291871 10.776892 0.001000 0.005000
456 1.291871 5.428605 0.001000 0.005000
457 0.000000 8.802869 0.001000 0.005000
458 0.976562 12.463610 0.001000 0.005000
459 0.000000 19.755293 0.001000 0.005000
460 0.976562 30.680262 0.001000 0.005000
461 0.845728 12.032146 0.001000 0.005000
462 1.091830 12.412803 0.001000 0.005000
463 0.845728 5.488829 0.001000 0.005000
464 0.690534 15.379511 0.001000 0.005000
465 0.690534 9.637733 0.001000 0.005000
466 0.976562 26.127077 0.001000 0.005000
467 0.690534 8.268733 0.001000 0.005000
468 0.690534 8.185556 0.001000 0.005000
469 0.845728 11.728072 0.001000 0.005000
470 0.488281 6.704858 0.001000 0.005000
471 0.000000 11.340133 0.001000 0.005000
472 0.488281 6.618327 0.001000 0.005000
473 0.000000 8.014773 0.001000 0.005000
474 0.690534 10.303732 0.001000 0.005000
475 0.488281 13.568011 0.001000 0.005000
476 1.381068 22.977312 0.001000 0.005000
477 0.976562 17.352598 0.001000 0.005000
478 0.488281 13.889258 0.001000 0.005000
479 0.690534 18.712385 0.001000 0.005000
480 0.976562 13.687879 0.001000 0.005000
481 0.488281 8.822929 0.001000 0.005000
482 0.000000 11.198929 0.001000 0.005000
483 0.690534 18.652578 0.001000 0.005000
484 0.845728 10.215843 0.001000 0.005000
485 1.291871 18.125633 0.001000 0.005000
486 0.000000 17.966257 0.001000 0.005000
487 1.381068 32.972393 0.001000 0.005000
488 0.976562 11.387334 0.001000 0.005000
489 0.690534 6.508815 0.001000 0.005000
490 1.091830 10.090111 0.001000 0.005000
491 1.196040 20.861769 0.001000 0.005000
492 0.690534 13.058019 0.001000 0.005000
493 0.000000 5.992912 0.001000 0.005000
494 0.976562 16.755899 0.001000 0.005000
495 0.690534 15.840002 0.001000 0.005000
496 0.000000 12.973127 0.001000 0.005000
497 0.690534 17.411776 0.001000 0.005000
498 0.690534 16.741724 0.001000 0.005000
499 1.891105 5.631505 0.001000 0.005000
500 0.690534 15.124236 0.001000 0.005000
501 0.690534 21.954416 0.001000 0.005000
502 1.891105 35.831512 0.001000 0.005000
503 3.238893 13.001967 0.001000 0.005000
504 1.953125 6.611886 0.001000 0.005000
505 0.976562 15.880189 0.001000 0.005000
506 0.845728 11.675488 0.001000 0.005000
507 0.690534 8.948656 0.001000 0.005000
508 0.488281 18.831474 0.001000 0.005000
509 1.196040 15.092339 0.001000 0.005000
510 1.381068 20.801136 0.001000 0.005000
511 0.488281 10.140320 0.001000 0.005000
512 0.000000 9.966522 0.001000 0.005000
513 1.196040 32.173031 0.001000 0.005000
514 0.000000 5.442720 0.001000 0.005000
515 0.690534 13.133638 0.001000 0.005000
516 0.976562 11.815975 0.001000 0.005000
517 0.976562 23.146172 0.001000 0.005000
518 0.690534 2.609067 0.001000 0.005000
519 1.091830 7.523068 0.001000 0.005000
520 1.544081 22.388538 0.001000 0.005000
521 1.091830 22.254303 0.001000 0.005000
522 0.690534 10.612709 0.001000 0.005000
523 0.690534 15.788855 0.001000 0.005000
524 0.976562 36.067085 0.001000 0.005000
525 0.845728 9.874690 0.001000 0.005000
526 0.690534 8.004881 0.001000 0.005000
527 0.000000 8.819719 0.001000 0.005000
528 0.690534 7.679984 0.001000 0.005000
529 0.690534 8.517353 0.001000 0.005000
530 0.690534 10.533136 0.001000 0.005000
531 0.690534 19.397161 0.001000 0.005000
532 0.690534 9.830228 0.001000 0.005000
533 0.976562 9.379214 0.001000 0.005000
534 0.000000 7.142521 0.001000 0.005000
535 0.845728 25.104984 0.001000 0.005000
536 0.488281 24.449530 0.001000 0.005000
537 0.845728 10.564886 0.001000 0.005000
538 0.488281 8.086342 0.001000 0.005000
539 0.488281 4.954132 0.001000 0.005000
540 1.196040 11.977592 0.001000 0.005000
541 0.690534 9.510874 0.001000 0.005000
542 0.488281 14.959406 0.001000 0.005000
543 0.000000 4.370748 0.001000 0.005000
544 0.690534 6.116630 0.001000 0.005000
545 0.000000 12.392045 0.001000 0.005000
546 0.488281 6.728699 0.001000 0.005000
547 0.690534 5.796771 0.001000 0.005000
548 0.000000 14.163177 0.001000 0.005000
549 0.690534 10.921465 0.001000 0.005000
550 1.091830 6.617130 0.001000 0.005000
551 0.000000 8.423512 0.001000 0.005000
552 0.488281 13.907262 0.001000 0.005000
553 0.690534 19.768122 0.001000 0.005000
554 0.845728 19.734598 0.001000 0.005000
555 1.291871 12.928824 0.001000 0.005000
556 0.000000 12.072783 0.001000 0.005000
557 0.976562 13.485862 0.001000 0.005000
558 0.000000 9.614173 0.001000 0.005000
559 0.690534 7.827273 0.001000 0.005000
560 0.845728 3.224010 0.001000 0.005000
561 0.690534 14.998072 0.001000 0.005000
562 0.488281 11.440255 0.001000 0.005000
563 0.845728 4.067286 0.001000 0.005000
564 0.690534 12.038187 0.001000 0.005000
565 0.000000 11.447290 0.001000 0.005000
566 0.000000 5.260241 0.001000 0.005000
567 0.690534 16.386854 0.001000 0.005000
568 0.690534 19.826035 0.001000 0.005000
569 1.196040 10.707331 0.001000 0.005000
570 0.000000 14.026645 0.001000 0.005000
571 1.691456 14.571115 0.001000 0.005000
572 1.196040 20.548571 0.001000 0.005000
573 0.000000 4.970323 0.001000 0.005000
574 1.691456 12.371859 0.001000 0.005000
575 3.275492 9.946717 0.001000 0.005000
576 0.690534 4.001732 0.001000 0.005000
577 1.196040 36.359928 0.001000 0.005000
578 1.196040 8.868342 0.001000 0.005000
579 1.544081 2.969962 0.001000 0.005000
580 1.691456 10.469562 0.001000 0.005000
581 0.976562 5.667398 0.001000 0.005000
582 1.196040 9.777435 0.001000 0.005000
583 0.976562 19.944019 0.001000 0.005000
584 0.690534 4.722248 0.001000 0.005000
585 0.488281 4.570256 0.001000 0.005000
586 1.291871 11.586390 0.001000 0.005000
587 0.000000 4.897351 0.001000 0.005000
588 0.000000 10.310338 0.001000 0.005000
589 0.488281 20.435587 0.001000 0.005000
590 0.976562 9.775594 0.001000 0.005000
591 0.000000 12.578301 0.001000 0.005000
592 0.488281 3.117135 0.001000 0.005000
593 0.488281 3.852375 0.001000 0.005000
594 0.690534 17.787941 0.001000 0.005000
595 0.845728 9.653660 0.001000 0.005000
596 0.000000 12.741274 0.001000 0.005000
597 0.690534 8.643232 0.001000 0.005000
598 0.488281 18.406607 0.001000 0.005000
599 0.000000 15.777284 0.001000 0.005000
600 0.690534 10.772842 0.001000 0.005000
601 0.000000 11.175930 0.001000 0.005000
602 0.000000 13.041065 0.001000 0.005000
603 0.976562 22.578758 0.001000 0.005000
604 0.690534 19.311657 0.001000 0.005000
605 0.976562 17.934313 0.001000 0.005000
606 1.544081 9.419173 0.001000 0.005000
607 1.691456 31.287258 0.001000 0.005000
608 0.690534 9.841700 0.001000 0.005000
609 0.845728 16.085279 0.001000 0.005000
610 1.291871 6.910867 0.001000 0.005000
611 1.691456 19.043177 0.001000 0.005000
612 1.619446 14.909257 0.001000 0.005000
613 0.976562 19.739641 0.001000 0.005000
614 0.000000 25.595745 0.001000 0.005000
615 0.845728 19.494177 0.001000 0.005000
616 1.196040 14.150325 0.001000 0.005000
617 0.000000 23.825701 0.001000 0.005000
618 1.091830 15.318221 0.001000 0.005000
619 0.976562 7.260358 0.001000 0.005000
620 0.488281 12.383853 0.001000 0.005000
621 0.000000 8.675758 0.001000 0.005000
622 0.690534 17.642691 0.001000 0.005000
623 0.690534 2.768137 0.001000 0.005000
624 0.000000 10.071686 0.001000 0.005000
625 0.488281 18.384928 0.001000 0.005000
626 1.196040 17.178196 0.001000 0.005000
627 0.488281 9.482067 0.001000 0.005000
628 0.000000 4.441061 0.001000 0.005000
629 0.845728 7.697640 0.001000 0.005000
630 0.000000 7.847070 0.001000 0.005000
631 1.091830 8.149267 0.001000 0.005000
632 0.845728 8.600445 0.001000 0.005000
633 0.000000 4.373048 0.001000 0.005000
634 0.690534 11.109550 0.001000 0.005000
635 0.690534 9.620821 0.001000 0.005000
636 0.488281 6.747171 0.001000 0.005000
637 0.000000 9.183216 0.001000 0.005000
638 1.196040 14.954309 0.001000 0.005000
639 1.691456 5.243768 0.001000 0.005000
640 0.488281 5.492167 0.001000 0.005000
641 0.000000 17.098549 0.001000 0.005000
642 0.690534 14.069023 0.001000 0.005000
643 0.690534 4.105058 0.001000 0.005000
644 0.000000 3.350329 0.001000 0.005000
645 0.690534 12.237603 0.001000 0.005000
646 0.976562 25.207510 0.001000 0.005000
647 0.488281 9.891961 0.001000 0.005000
648 0.690534 10.859015 0.001000 0.005000
649 0.000000 8.899108 0.001000 0.005000
650 0.690534 6.796475 0.001000 0.005000
651 0.845728 41.995804 0.001000 0.005000
652 0.000000 5.761808 0.001000 0.005000
653 1.196040 15.469493 0.001000 0.005000
654 0.488281 23.141233 0.001000 0.005000
655 0.488281 12.942420 0.001000 0.005000
656 0.000000 23.353289 0.001000 0.005000
657 0.845728 8.756380 0.001000 0.005000
658 0.000000 32.746655 0.001000 0.005000
659 1.196040 13.932433 0.001000 0.005000
660 0.976562 18.774714 0.001000 0.005000
661 0.690534 12.989555 0.001000 0.005000
662 0.000000 19.259949 0.001000 0.005000
663 0.488281 10.303358 0.001000 0.005000
664 0.000000 16.505117 0.001000 0.005000
665 0.488281 3.973185 0.001000 0.005000
666 0.488281 34.717358 0.001000 0.005000
667 0.690534 13.536084 0.001000 0.005000
668 0.690534 6.924304 0.001000 0.005000
669 0.845728 21.356070 0.001000 0.005000
670 1.544081 19.456738 0.001000 0.005000
671 0.976562 25.283382 0.001000 0.005000
672 0.488281 5.378609 0.001000 0.005000
673 0.690534 10.656366 0.001000 0.005000
674 0.845728 17.239510 0.001000 0.005000
675 0.000000 2.414565 0.001000 0.005000
676 0.690534 8.000963 0.001000 0.005000
677 0.690534 17.340721 0.001000 0.005000
678 0.976562 14.880807 0.001000 0.005000
679 0.000000 18.504129 0.001000 0.005000
680 0.488281 29.186413 0.001000 0.005000
681 1.196040 39.429440 0.001000 0.005000
682 0.845728 42.187160 0.001000 0.005000
683 1.381068 11.026438 0.001000 0.005000
684 1.544081 5.067796 0.001000 0.005000
685 1.826981 22.811043 0.001000 0.005000
686 2.341715 20.723814 0.001000 0.005000
687 3.164425 41.557785 0.001000 0.005000
688 0.000000 28.075808 0.001000 0.005000
689 0.488281 7.116348 0.001000 0.005000
690 1.381068 30.375793 0.001000 0.005000
691 0.845728 11.522608 0.001000 0.005000
692 0.690534 6.757239 0.001000 0.005000
693 0.845728 19.566250 0.001000 0.005000
694 0.690534 13.364639 0.001000 0.005000
695 1.091830 15.249687 0.001000 0.005000
696 0.488281 20.378862 0.001000 0.005000
697 0.488281 10.186253 0.001000 0.005000
698 0.488281 13.108376 0.001000 0.005000
699 0.000000 14.795956 0.001000 0.005000
700 0.488281 8.429068 0.001000 0.005000
701 0.690534 15.901351 0.001000 0.005000
702 0.000000 12.437732 0.001000 0.005000
703 0.488281 26.335325 0.001000 0.005000
704 0.690534 7.838570 0.001000 0.005000
705 0.690534 7.390573 0.001000 0.005000
706 0.000000 41.885983 0.001000 0.005000
707 0.000000 8.927052 0.001000 0.005000
708 0.690534 15.809863 0.001000 0.005000
709 0.000000 14.910460 0.001000 0.005000
710 0.690534 14.911581 0.001000 0.005000
711 0.488281 3.746559 0.001000 0.005000
712 0.488281 36.510345 0.001000 0.005000
713 0.845728 9.086702 0.001000 0.005000
714 1.091830 16.397720 0.001000 0.005000
715 0.488281 19.972641 0.001000 0.005000
716 0.000000 25.230124 0.001000 0.005000
717 0.000000 18.086994 0.001000 0.005000
718 0.488281 13.645295 0.001000 0.005000
719 0.976562 15.845063 0.001000 0.005000
720 0.976562 46.582939 0.001000 0.005000
721 0.976562 12.944595 0.001000 0.005000
722 1.091830 25.296049 0.001000 0.005000
723 0.976562 24.120472 0.001000 0.005000
724 1.196040 38.281868 0.001000 0.005000
725 0.690534 19.589178 0.001000 0.005000
726 0.976562 10.645348 0.001000 0.005000
727 0.845728 12.702387 0.001000 0.005000
728 0.845728 53.402348 0.001000 0.005000
729 0.000000 6.063317 0.001000 0.005000
730 0.976562 4.422939 0.001000 0.005000
731 0.690534 7.554552 0.001000 0.005000
732 0.845728 65.424126 0.001000 0.005000
733 1.196040 22.228815 0.001000 0.005000
734 0.976562 28.657669 0.001000 0.005000
735 1.464844 33.293968 0.001000 0.005000
736 0.000000 12.616711 0.001000 0.005000
737 1.196040 11.227453 0.001000 0.005000
738 0.488281 16.441236 0.001000 0.005000
739 0.976562 6.434606 0.001000 0.005000
740 1.291871 75.569519 0.001000 0.005000
741 0.690534 15.055900 0.001000 0.005000
742 0.976562 22.391090 0.001000 0.005000
743 0.488281 11.798203 0.001000 0.005000
744 0.976562 34.026062 0.001000 0.005000
745 0.488281 13.885205 0.001000 0.005000
746 0.000000 14.946505 0.001000 0.005000
747 0.488281 29.423882 0.001000 0.005000
748 0.000000 4.489947 0.001000 0.005000
749 0.690534 17.090052 0.001000 0.005000
750 0.000000 13.836043 0.001000 0.005000
751 0.976562 9.460777 0.001000 0.005000
752 1.381068 14.931075 0.001000 0.005000
753 1.291871 22.087698 0.001000 0.005000
754 0.000000 7.550142 0.001000 0.005000
755 1.196040 15.612100 0.001000 0.005000
756 0.000000 6.490492 0.001000 0.005000
757 0.976562 9.497910 0.001000 0.005000
758 0.690534 8.324800 0.001000 0.005000
759 0.488281 9.892955 0.001000 0.005000
760 0.488281 9.620985 0.001000 0.005000
761 0.000000 69.680473 0.001000 0.005000
762 0.845728 70.502014 0.001000 0.005000
763 0.976562 13.233869 0.001000 0.005000
764 0.488281 10.772820 0.001000 0.005000
765 0.690534 19.814531 0.001000 0.005000
766 0.000000 5.793070 0.001000 0.005000
767 0.000000 10.427989 0.001000 0.005000
768 0.000000 11.873433 0.001000 0.005000
769 0.690534 7.126488 0.001000 0.005000
770 0.690534 7.403156 0.001000 0.005000
771 1.196040 7.904624 0.001000 0.005000
772 0.488281 8.924999 0.001000 0.005000
773 0.976562 7.931133 0.001000 0.005000
774 1.544081 24.054949 0.001000 0.005000
775 1.619446 17.936529 0.001000 0.005000
776 0.488281 29.247347 0.001000 0.005000
777 0.488281 12.836552 0.001000 0.005000
778 0.488281 12.121832 0.001000 0.005000
779 0.976562 12.426832 0.001000 0.005000
780 0.690534 13.007457 0.001000 0.005000
781 0.690534 20.660400 0.001000 0.005000
782 0.000000 12.374989 0.001000 0.005000
783 0.690534 20.592197 0.001000 0.005000
784 1.544081 16.270565 0.001000 0.005000
785 0.690534 14.483360 0.001000 0.005000
786 0.976562 13.512429 0.001000 0.005000
787 1.196040 15.108117 0.001000 0.005000
788 0.488281 13.067255 0.001000 0.005000
789 0.845728 14.293201 0.001000 0.005000
790 0.976562 8.226685 0.001000 0.005000
791 0.488281 13.780683 0.001000 0.005000
792 0.690534 11.683168 0.001000 0.005000
793 0.690534 8.630073 0.001000 0.005000
794 1.196040 15.579583 0.001000 0.005000
795 0.488281 15.173480 0.001000 0.005000
796 0.000000 5.702496 0.001000 0.005000
797 0.845728 13.213758 0.001000 0.005000
798 0.976562 8.118179 0.001000 0.005000
799 0.000000 14.120204 0.001000 0.005000
800 0.488281 9.147805 0.001000 0.005000
801 0.976562 31.920193 0.001000 0.005000
802 1.691456 35.572830 0.001000 0.005000
803 0.488281 12.984969 0.001000 0.005000
804 0.488281 8.881989 0.001000 0.005000
805 0.690534 35.079845 0.001000 0.005000
806 0.690534 7.443195 0.001000 0.005000
807 2.237586 12.272192 0.001000 0.005000
808 1.196040 19.737223 0.001000 0.005000
809 1.196040 9.818821 0.001000 0.005000
810 0.690534 10.470336 0.001000 0.005000
811 0.845728 25.899282 0.001000 0.005000
812 0.488281 2.950051 0.001000 0.005000
813 0.488281 5.511878 0.001000 0.005000
814 1.381068 29.320503 0.001000 0.005000
815 0.690534 10.643903 0.001000 0.005000
816 1.291871 10.794182 0.001000 0.005000
817 1.691456 14.566160 0.001000 0.005000
818 1.196040 5.588176 0.001000 0.005000
819 1.381068 12.209587 0.001000 0.005000
820 0.976562 8.630516 0.001000 0.005000
821 0.845728 18.035465 0.001000 0.005000
822 0.690534 11.000275 0.001000 0.005000
823 0.690534 14.039651 0.001000 0.005000
824 0.690534 8.667869 0.001000 0.005000
825 0.690534 1.873220 0.001000 0.005000
826 0.690534 34.970036 0.001000 0.005000
827 0.000000 18.342796 0.001000 0.005000
828 0.845728 11.816990 0.001000 0.005000
829 1.196040 6.491310 0.001000 0.005000
830 0.000000 27.759644 0.001000 0.005000
831 0.488281 17.248169 0.001000 0.005000
832 0.690534 9.781491 0.001000 0.005000
833 1.381068 28.809364 0.001000 0.005000
834 0.690534 16.355049 0.001000 0.005000
835 0.690534 10.133032 0.001000 0.005000
836 0.690534 13.659390 0.001000 0.005000
837 0.690534 11.921208 0.001000 0.005000
838 0.690534 37.318626 0.001000 0.005000
839 0.976562 23.970078 0.001000 0.005000
840 0.488281 6.266134 0.001000 0.005000
841 0.690534 11.269378 0.001000 0.005000
842 0.690534 14.924964 0.001000 0.005000
843 0.690534 23.229664 0.001000 0.005000
844 2.489756 16.578564 0.001000 0.005000
845 0.690534 9.746219 0.001000 0.005000
846 0.488281 9.636859 0.001000 0.005000
847 0.690534 5.273900 0.001000 0.005000
848 1.091830 13.812523 0.001000 0.005000
849 1.196040 25.760260 0.001000 0.005000
850 2.013236 12.650007 0.001000 0.005000
851 2.128369 12.062545 0.001000 0.005000
852 0.690534 22.179644 0.001000 0.005000
853 1.381068 28.572100 0.001000 0.005000
854 1.291871 21.713997 0.001000 0.005000
855 1.544081 15.620911 0.001000 0.005000
856 0.690534 24.357738 0.001000 0.005000
857 1.196040 19.957123 0.001000 0.005000
858 0.845728 12.658417 0.001000 0.005000
859 0.488281 2.834541 0.001000 0.005000
860 0.690534 12.606681 0.001000 0.005000
861 0.976562 28.674109 0.001000 0.005000
862 0.488281 17.794216 0.001000 0.005000
863 0.000000 7.203677 0.001000 0.005000
864 0.488281 34.838089 0.001000 0.005000
865 0.488281 15.793060 0.001000 0.005000
866 0.690534 20.910923 0.001000 0.005000
867 0.690534 29.560778 0.001000 0.005000
868 0.690534 24.346140 0.001000 0.005000
869 0.000000 34.696175 0.001000 0.005000
870 1.691456 40.318729 0.001000 0.005000
871 2.071602 18.909128 0.001000 0.005000
872 1.619446 10.807075 0.001000 0.005000
873 1.196040 13.148883 0.001000 0.005000
874 0.976562 27.108301 0.001000 0.005000
875 0.690534 19.471413 0.001000 0.005000
876 0.845728 11.047858 0.001000 0.005000
877 1.544081 31.851868 0.001000 0.005000
878 0.000000 23.144789 0.001000 0.005000
879 1.091830 19.691988 0.001000 0.005000
880 1.381068 22.459618 0.001000 0.005000
881 1.196040 15.312432 0.001000 0.005000
882 0.976562 17.652531 0.001000 0.005000
883 0.000000 43.153191 0.001000 0.005000
884 0.690534 20.986538 0.001000 0.005000
885 0.976562 41.912579 0.001000 0.005000
886 0.488281 21.638615 0.001000 0.005000
887 0.976562 17.746561 0.001000 0.005000
888 1.953125 31.305882 0.001000 0.005000
889 1.544081 47.692490 0.001000 0.005000
890 0.690534 5.284555 0.001000 0.005000
891 0.976562 16.335436 0.001000 0.005000
892 0.690534 24.979246 0.001000 0.005000
893 0.976562 4.058811 0.001000 0.005000
894 0.976562 16.086908 0.001000 0.005000
895 0.488281 7.247826 0.001000 0.005000
896 0.690534 7.489072 0.001000 0.005000
897 0.690534 12.704660 0.001000 0.005000
898 1.464844 34.088428 0.001000 0.005000
899 0.488281 14.063593 0.001000 0.005000
900 0.000000 16.090654 0.001000 0.005000
901 0.845728 12.078114 0.001000 0.005000
902 0.690534 16.998287 0.001000 0.005000
903 1.826981 31.265491 0.001000 0.005000
904 0.845728 9.301494 0.001000 0.005000
905 0.690534 7.501346 0.001000 0.005000
906 0.690534 31.786642 0.001000 0.005000
907 0.690534 11.619545 0.001000 0.005000
908 0.000000 12.693976 0.001000 0.005000
909 0.690534 7.532877 0.001000 0.005000
910 0.488281 19.896614 0.001000 0.005000
911 0.690534 16.618664 0.001000 0.005000
912 0.000000 12.828776 0.001000 0.005000
913 0.845728 20.448051 0.001000 0.005000
914 0.488281 4.191100 0.001000 0.005000
915 0.000000 17.886375 0.001000 0.005000
916 0.690534 16.276625 0.001000 0.005000
917 0.690534 4.279067 0.001000 0.005000
918 0.488281 12.937211 0.001000 0.005000
919 0.488281 10.944942 0.001000 0.005000
920 0.976562 7.691174 0.001000 0.005000
921 0.488281 7.348224 0.001000 0.005000
922 1.196040 14.621462 0.001000 0.005000
923 1.091830 18.013481 0.001000 0.005000
924 0.845728 9.900295 0.001000 0.005000
925 1.291871 16.777849 0.001000 0.005000
926 0.690534 6.587517 0.001000 0.005000
927 1.381068 9.129895 0.001000 0.005000
928 0.690534 41.349731 0.001000 0.005000
929 0.976562 7.099902 0.001000 0.005000
930 1.826981 30.633116 0.001000 0.005000
931 0.690534 18.097038 0.001000 0.005000
932 0.690534 27.491274 0.001000 0.005000
933 0.976562 39.771149 0.001000 0.005000
934 0.488281 15.979697 0.001000 0.005000
935 1.619446 46.805084 0.001000 0.005000
936 1.544081 26.760511 0.001000 0.005000
937 0.690534 14.427603 0.001000 0.005000
938 0.690534 41.626808 0.001000 0.005000
939 1.953125 21.281740 0.001000 0.005000
940 1.381068 39.647999 0.001000 0.005000
941 1.291871 17.193407 0.001000 0.005000
942 0.845728 17.805027 0.001000 0.005000
943 1.691456 72.572739 0.001000 0.005000
944 0.000000 6.229747 0.001000 0.005000
945 2.341715 28.146589 0.001000 0.005000
946 0.690534 30.816723 0.001000 0.005000
947 0.976562 12.193782 0.001000 0.005000
948 0.000000 36.406677 0.001000 0.005000
949 0.690534 16.114428 0.001000 0.005000
950 0.845728 26.191582 0.001000 0.005000
951 0.000000 28.630974 0.001000 0.005000
952 0.000000 20.778404 0.001000 0.005000
953 0.690534 23.755196 0.001000 0.005000
954 0.845728 21.009830 0.001000 0.005000
955 1.691456 28.179794 0.001000 0.005000
956 1.381068 35.594604 0.001000 0.005000
957 1.091830 7.817270 0.001000 0.005000
958 2.629476 30.716988 0.001000 0.005000
959 2.071602 11.551910 0.001000 0.005000
960 1.544081 20.511515 0.001000 0.005000
961 1.544081 61.432583 0.001000 0.005000
962 2.013236 12.928512 0.001000 0.005000
963 2.290242 44.619061 0.001000 0.005000
964 0.845728 9.488449 0.001000 0.005000
965 0.845728 23.515692 0.001000 0.005000
966 0.000000 57.006355 0.001000 0.005000
967 0.488281 28.675776 0.001000 0.005000
968 0.690534 38.586391 0.001000 0.005000
969 0.488281 38.379021 0.001000 0.005000
970 0.488281 11.104611 0.001000 0.005000
971 0.845728 54.316196 0.001000 0.005000
972 0.690534 21.437099 0.001000 0.005000
973 0.000000 19.242592 0.001000 0.005000
974 0.488281 21.523230 0.001000 0.005000
975 0.000000 23.300404 0.001000 0.005000
976 0.690534 19.711533 0.001000 0.005000
977 0.690534 32.430775 0.001000 0.005000
978 0.488281 59.528851 0.001000 0.005000
979 1.464844 36.309120 0.001000 0.005000
980 0.845728 23.605894 0.001000 0.005000
981 0.488281 22.643564 0.001000 0.005000
982 1.091830 33.202297 0.001000 0.005000
983 0.976562 28.903364 0.001000 0.005000
984 0.000000 8.826360 0.001000 0.005000
985 1.381068 12.517722 0.001000 0.005000
986 0.845728 18.253664 0.001000 0.005000
987 0.845728 25.729332 0.001000 0.005000
988 0.690534 18.652311 0.001000 0.005000
989 0.690534 25.166142 0.001000 0.005000
990 1.464844 20.103178 0.001000 0.005000
991 1.544081 9.955618 0.001000 0.005000
992 0.690534 12.587172 0.001000 0.005000
993 0.000000 47.413067 0.001000 0.005000
994 0.488281 11.374231 0.001000 0.005000
995 1.091830 24.636032 0.001000 0.005000
996 0.690534 18.762688 0.001000 0.005000
997 0.690534 27.655884 0.001000 0.005000
998 1.291871 17.573242 0.001000 0.005000
999 0.690534 14.951273 0.001000 0.005000
1000 0.488281 28.048483 0.001000 0.005000
1001 0.690534 7.450986 0.001000 0.005000
1002 1.091830 10.104549 0.001000 0.005000
1003 1.196040 10.188128 0.001000 0.005000
1004 0.488281 14.101502 0.001000 0.005000
1005 0.000000 23.400888 0.001000 0.005000
1006 0.845728 15.202374 0.001000 0.005000
1007 1.291871 6.788202 0.001000 0.005000
1008 0.488281 7.155180 0.001000 0.005000
1009 0.690534 13.283628 0.001000 0.005000
1010 0.690534 5.981090 0.001000 0.005000
1011 0.000000 8.460150 0.001000 0.005000
1012 0.690534 14.896303 0.001000 0.005000
1013 0.690534 13.443900 0.001000 0.005000
1014 0.845728 4.087104 0.001000 0.005000
1015 0.000000 14.261314 0.001000 0.005000
1016 0.690534 9.004903 0.001000 0.005000
1017 0.488281 10.462873 0.001000 0.005000
1018 0.000000 12.848702 0.001000 0.005000
1019 0.690534 7.830733 0.001000 0.005000
1020 0.976562 13.449591 0.001000 0.005000
1021 0.000000 9.753489 0.001000 0.005000
1022 0.976562 9.013691 0.001000 0.005000
1023 0.690534 8.420132 0.001000 0.005000
1024 3.966818 18.721199 0.001000 0.005000
1025 5.415308 26.651419 0.001000 0.005000
1026 2.290242 24.284428 0.001000 0.005000
1027 2.013236 24.363855 0.001000 0.005000
1028 1.381068 16.054256 0.001000 0.005000
1029 0.845728 18.624199 0.001000 0.005000
1030 2.537184 14.876398 0.001000 0.005000
1031 1.381068 20.372252 0.001000 0.005000
1032 0.488281 7.567030 0.001000 0.005000
1033 0.690534 12.055923 0.001000 0.005000
1034 0.000000 16.533266 0.001000 0.005000
1035 0.000000 18.256826 0.001000 0.005000
1036 0.976562 12.694209 0.001000 0.005000
1037 0.976562 25.657255 0.001000 0.005000
1038 0.690534 18.516861 0.001000 0.005000
1039 0.690534 24.338667 0.001000 0.005000
1040 0.690534 25.438713 0.001000 0.005000
1041 1.091830 20.947823 0.001000 0.005000
1042 1.381068 10.733792 0.001000 0.005000
1043 1.544081 18.011528 0.001000 0.005000
1044 0.976562 14.632861 0.001000 0.005000
1045 1.291871 17.199808 0.001000 0.005000
1046 1.196040 18.366716 0.001000 0.005000
1047 0.690534 17.933352 0.001000 0.005000
1048 0.976562 7.604565 0.001000 0.005000
1049 0.690534 9.600101 0.001000 0.005000
1050 0.845728 13.816848 0.001000 0.005000
1051 0.845728 26.108994 0.001000 0.005000
1052 0.488281 13.805136 0.001000 0.005000
1053 0.690534 4.691876 0.001000 0.005000
1054 0.976562 13.120941 0.001000 0.005000
1055 1.381068 12.485858 0.001000 0.005000
1056 0.488281 9.080538 0.001000 0.005000
1057 0.000000 7.750861 0.001000 0.005000
1058 1.091830 16.809101 0.001000 0.005000
1059 0.690534 8.900191 0.001000 0.005000
1060 0.845728 10.636539 0.001000 0.005000
1061 0.000000 7.621547 0.001000 0.005000
1062 0.488281 7.507887 0.001000 0.005000
1063 0.000000 14.800014 0.001000 0.005000
1064 0.690534 8.270134 0.001000 0.005000
1065 0.488281 22.618883 0.001000 0.005000
1066 0.488281 21.687868 0.001000 0.005000
1067 0.488281 9.987593 0.001000 0.005000
1068 0.000000 4.726675 0.001000 0.005000
1069 0.845728 6.415939 0.001000 0.005000
1070 0.690534 4.827971 0.001000 0.005000
1071 0.488281 6.272540 0.001000 0.005000
1072 0.000000 4.847322 0.001000 0.005000
1073 0.000000 14.531940 0.001000 0.005000
1074 0.976562 23.722612 0.001000 0.005000
1075 0.976562 26.370659 0.001000 0.005000
1076 1.091830 11.855176 0.001000 0.005000
1077 0.000000 20.848009 0.001000 0.005000
1078 0.690534 11.175348 0.001000 0.005000
1079 0.488281 11.884447 0.001000 0.005000
1080 0.976562 11.471166 0.001000 0.005000
1081 0.000000 19.250587 0.001000 0.005000
1082 0.690534 43.195839 0.001000 0.005000
1083 0.690534 21.296402 0.001000 0.005000
1084 0.000000 13.826083 0.001000 0.005000
1085 0.976562 12.471781 0.001000 0.005000
1086 0.690534 23.942846 0.001000 0.005000
1087 0.690534 7.091865 0.001000 0.005000
1088 0.690534 5.595375 0.001000 0.005000
1089 0.000000 4.112185 0.001000 0.005000
1090 0.000000 12.146706 0.001000 0.005000
1091 0.488281 13.646294 0.001000 0.005000
1092 0.976562 23.123278 0.001000 0.005000
1093 0.690534 14.164080 0.001000 0.005000
1094 0.000000 19.568148 0.001000 0.005000
1095 0.488281 12.802236 0.001000 0.005000
1096 0.000000 27.826555 0.001000 0.005000
1097 0.976562 17.953476 0.001000 0.005000
1098 0.690534 39.727791 0.001000 0.005000
1099 1.196040 25.319086 0.001000 0.005000
1100 0.488281 40.295227 0.001000 0.005000
1101 0.690534 25.750742 0.001000 0.005000
1102 0.488281 31.878075 0.001000 0.005000
1103 1.826981 52.792355 0.001000 0.005000
1104 1.196040 31.448467 0.001000 0.005000
1105 0.690534 18.877094 0.001000 0.005000
1106 1.464844 35.564354 0.001000 0.005000
1107 0.690534 24.605093 0.001000 0.005000
1108 0.000000 40.276905 0.001000 0.005000
1109 0.000000 14.485060 0.001000 0.005000
1110 0.845728 26.026825 0.001000 0.005000
1111 1.544081 75.506500 0.001000 0.005000
1112 0.845728 14.095179 0.001000 0.005000
1113 1.091830 45.250851 0.001000 0.005000
1114 0.845728 32.097515 0.001000 0.005000
1115 0.690534 30.131977 0.001000 0.005000
1116 1.091830 42.583042 0.001000 0.005000
1117 1.381068 16.670547 0.001000 0.005000
1118 0.976562 37.752613 0.001000 0.005000
1119 0.690534 41.707073 0.001000 0.005000
1120 0.690534 21.815535 0.001000 0.005000
1121 1.196040 29.768061 0.001000 0.005000
1122 0.690534 15.307770 0.001000 0.005000
1123 1.091830 34.470951 0.001000 0.005000
1124 0.488281 20.960621 0.001000 0.005000
1125 0.000000 15.149227 0.001000 0.005000
1126 0.690534 20.357527 0.001000 0.005000
1127 0.845728 26.176960 0.001000 0.005000
1128 0.488281 14.059233 0.001000 0.005000
1129 0.488281 7.922484 0.001000 0.005000
1130 0.845728 11.913498 0.001000 0.005000
1131 0.488281 16.104919 0.001000 0.005000
1132 0.690534 9.402356 0.001000 0.005000
1133 0.845728 9.537171 0.001000 0.005000
1134 1.091830 15.199718 0.001000 0.005000
1135 0.488281 3.667405 0.001000 0.005000
1136 0.488281 16.607927 0.001000 0.005000
1137 0.000000 13.512784 0.001000 0.005000
1138 0.488281 14.136610 0.001000 0.005000
1139 0.000000 20.793934 0.001000 0.005000
1140 0.000000 26.022387 0.001000 0.005000
1141 0.488281 15.070987 0.001000 0.005000
1142 0.690534 14.025113 0.001000 0.005000
1143 0.000000 23.527039 0.001000 0.005000
1144 0.976562 22.515369 0.001000 0.005000
1145 0.690534 13.776511 0.001000 0.005000
1146 0.000000 11.097338 0.001000 0.005000
1147 0.000000 7.845170 0.001000 0.005000
1148 0.976562 6.704933 0.001000 0.005000
1149 1.291871 11.525642 0.001000 0.005000
1150 1.619446 29.623968 0.001000 0.005000
1151 0.690534 10.444508 0.001000 0.005000
1152 0.845728 9.221889 0.001000 0.005000
1153 0.690534 9.241572 0.001000 0.005000
1154 0.690534 14.365395 0.001000 0.005000
1155 0.000000 9.965334 0.001000 0.005000
1156 0.845728 7.274035 0.001000 0.005000
1157 0.845728 14.658109 0.001000 0.005000
1158 0.690534 12.302495 0.001000 0.005000
1159 0.690534 17.924370 0.001000 0.005000
1160 0.690534 10.733459 0.001000 0.005000
1161 0.976562 19.105846 0.001000 0.005000
1162 0.976562 17.687054 0.001000 0.005000
1163 0.488281 9.573022 0.001000 0.005000
1164 0.000000 17.338938 0.001000 0.005000
1165 0.690534 32.921719 0.001000 0.005000
1166 0.976562 6.082348 0.001000 0.005000
1167 0.976562 6.152564 0.001000 0.005000
1168 1.091830 22.347507 0.001000 0.005000
1169 0.845728 17.942699 0.001000 0.005000
1170 1.544081 13.480544 0.001000 0.005000
1171 1.953125 23.463192 0.001000 0.005000
1172 1.196040 21.362595 0.001000 0.005000
1173 0.690534 24.837128 0.001000 0.005000
1174 0.690534 24.052670 0.001000 0.005000
1175 1.196040 23.172964 0.001000 0.005000
1176 0.690534 34.530746 0.001000 0.005000
1177 0.976562 49.805637 0.001000 0.005000
1178 0.690534 8.629602 0.001000 0.005000
1179 0.690534 13.389830 0.001000 0.005000
1180 0.690534 15.435519 0.001000 0.005000
1181 1.196040 13.019577 0.001000 0.005000
1182 1.091830 25.092937 0.001000 0.005000
1183 0.976562 40.268383 0.001000 0.005000
1184 0.845728 10.282001 0.001000 0.005000
1185 0.690534 15.200771 0.001000 0.005000
1186 1.544081 33.032784 0.001000 0.005000
1187 0.000000 11.750057 0.001000 0.005000
1188 0.690534 7.832931 0.001000 0.005000
1189 0.976562 8.651720 0.001000 0.005000
1190 0.845728 15.508920 0.001000 0.005000
1191 0.690534 13.566581 0.001000 0.005000
1192 0.488281 12.491663 0.001000 0.005000
1193 0.000000 11.022289 0.001000 0.005000
1194 1.091830 28.691936 0.001000 0.005000
1195 1.196040 16.324228 0.001000 0.005000
1196 0.488281 13.820095 0.001000 0.005000
1197 0.488281 18.398514 0.001000 0.005000
1198 1.291871 16.460279 0.001000 0.005000
1199 1.544081 25.595259 0.001000 0.005000
1200 0.690534 12.177681 0.001000 0.005000
1201 0.976562 20.886293 0.001000 0.005000
1202 0.690534 19.593447 0.001000 0.005000
1203 0.690534 19.309713 0.001000 0.005000
1204 0.488281 16.772495 0.001000 0.005000
1205 1.196040 9.541538 0.001000 0.005000
1206 0.690534 17.380716 0.001000 0.005000
1207 1.091830 10.390401 0.001000 0.005000
1208 2.071602 10.582436 0.001000 0.005000
1209 1.544081 11.418512 0.001000 0.005000
1210 0.976562 10.370638 0.001000 0.005000
1211 0.000000 31.550413 0.001000 0.005000
1212 0.845728 12.918921 0.001000 0.005000
1213 0.976562 17.542761 0.001000 0.005000
1214 0.976562 13.734801 0.001000 0.005000
1215 0.690534 12.782174 0.001000 0.005000
1216 0.976562 6.840821 0.001000 0.005000
1217 2.888712 12.045149 0.001000 0.005000
1218 2.392080 17.377954 0.001000 0.005000
1219 0.690534 17.677469 0.001000 0.005000
1220 0.690534 15.278293 0.001000 0.005000
1221 0.690534 10.691045 0.001000 0.005000
1222 0.845728 12.294859 0.001000 0.005000
1223 0.690534 9.269015 0.001000 0.005000
1224 0.690534 7.335427 0.001000 0.005000
1225 0.690534 18.452272 0.001000 0.005000
1226 0.000000 25.915073 0.001000 0.005000
1227 0.000000 6.153137 0.001000 0.005000
1228 0.690534 20.078266 0.001000 0.005000
1229 0.000000 24.533247 0.001000 0.005000
1230 0.690534 35.497566 0.001000 0.005000
1231 0.690534 13.847111 0.001000 0.005000
1232 0.976562 32.185230 0.001000 0.005000
1233 1.544081 23.322559 0.001000 0.005000
1234 0.690534 21.184765 0.001000 0.005000
1235 0.488281 24.913446 0.001000 0.005000
1236 0.845728 7.428058 0.001000 0.005000
1237 0.000000 12.564187 0.001000 0.005000
1238 0.976562 8.518428 0.001000 0.005000
1239 0.976562 21.817142 0.001000 0.005000
1240 0.488281 17.169426 0.001000 0.005000
1241 0.690534 17.800768 0.001000 0.005000
1242 0.690534 12.427317 0.001000 0.005000
1243 0.000000 14.577769 0.001000 0.005000
1244 0.488281 34.471275 0.001000 0.005000
1245 0.488281 19.879557 0.001000 0.005000
1246 1.196040 3.539601 0.001000 0.005000
1247 0.976562 45.217335 0.001000 0.005000
1248 1.196040 19.416382 0.001000 0.005000
1249 0.000000 40.043961 0.001000 0.005000
1250 0.690534 27.886169 0.001000 0.005000
1251 0.690534 38.305553 0.001000 0.005000
1252 0.690534 33.514210 0.001000 0.005000
1253 0.845728 18.201960 0.001000 0.005000
1254 1.196040 30.888193 0.001000 0.005000
1255 1.619446 55.608818 0.001000 0.005000
1256 2.128369 43.294456 0.001000 0.005000
1257 0.845728 55.031208 0.001000 0.005000
1258 0.690534 30.093557 0.001000 0.005000
1259 1.544081 47.228386 0.001000 0.005000
1260 0.690534 34.571815 0.001000 0.005000
1261 0.000000 24.128572 0.001000 0.005000
1262 0.690534 35.502354 0.001000 0.005000
1263 0.690534 22.305712 0.001000 0.005000
1264 0.690534 28.225639 0.001000 0.005000
1265 0.488281 32.606121 0.001000 0.005000
1266 0.488281 28.056515 0.001000 0.005000
1267 0.690534 23.406679 0.001000 0.005000
1268 0.488281 22.296904 0.001000 0.005000
1269 0.690534 14.870358 0.001000 0.005000
1270 0.976562 19.158989 0.001000 0.005000
1271 0.000000 35.632164 0.001000 0.005000
1272 0.845728 28.083509 0.001000 0.005000
1273 0.488281 19.096640 0.001000 0.005000
1274 0.000000 23.273167 0.001000 0.005000
1275 0.845728 21.894945 0.001000 0.005000
1276 1.291871 12.499202 0.001000 0.005000
1277 0.690534 18.887466 0.001000 0.005000
1278 1.381068 13.803371 0.001000 0.005000
1279 0.976562 24.878704 0.001000 0.005000
1280 0.488281 15.007569 0.001000 0.005000
1281 0.976562 26.387436 0.001000 0.005000
1282 0.488281 13.332656 0.001000 0.005000
1283 0.488281 21.167450 0.001000 0.005000
1284 0.845728 20.150105 0.001000 0.005000
1285 0.690534 16.617495 0.001000 0.005000
1286 1.691456 4.743494 0.001000 0.005000
1287 0.690534 10.543586 0.001000 0.005000
1288 1.826981 16.296938 0.001000 0.005000
1289 1.464844 24.797213 0.001000 0.005000
1290 1.691456 19.634634 0.001000 0.005000
1291 1.544081 29.413612 0.001000 0.005000
1292 1.381068 20.720068 0.001000 0.005000
1293 0.845728 21.774332 0.001000 0.005000
1294 0.845728 22.569530 0.001000 0.005000
1295 0.976562 13.841063 0.001000 0.005000
1296 0.690534 15.891168 0.001000 0.005000
1297 3.201875 22.338818 0.001000 0.005000
1298 2.583742 21.441257 0.001000 0.005000
1299 1.091830 16.126808 0.001000 0.005000
1300 0.976562 31.319996 0.001000 0.005000
1301 0.000000 31.676905 0.001000 0.005000
1302 0.976562 18.403788 0.001000 0.005000
1303 1.381068 15.194743 0.001000 0.005000
1304 0.845728 28.562969 0.001000 0.005000
1305 0.000000 16.173815 0.001000 0.005000
1306 0.488281 16.475613 0.001000 0.005000
1307 0.976562 47.093548 0.001000 0.005000
1308 1.464844 29.913273 0.001000 0.005000
1309 0.000000 22.821606 0.001000 0.005000
1310 0.976562 22.635973 0.001000 0.005000
1311 0.000000 11.660512 0.001000 0.005000
1312 0.690534 9.130327 0.001000 0.005000
1313 0.690534 16.533087 0.001000 0.005000
1314 1.381068 12.185593 0.001000 0.005000
1315 1.091830 11.276195 0.001000 0.005000
1316 0.000000 40.744076 0.001000 0.005000
1317 0.000000 6.743449 0.001000 0.005000
1318 0.488281 8.525435 0.001000 0.005000
1319 0.690534 9.088047 0.001000 0.005000
1320 0.488281 6.323690 0.001000 0.005000
1321 0.000000 4.999298 0.001000 0.005000
1322 0.488281 9.437799 0.001000 0.005000
1323 0.000000 10.145097 0.001000 0.005000
1324 0.000000 12.368395 0.001000 0.005000
1325 0.690534 5.442857 0.001000 0.005000
1326 0.488281 4.992328 0.001000 0.005000
1327 0.488281 12.723750 0.001000 0.005000
1328 0.845728 9.407230 0.001000 0.005000
1329 0.000000 14.271702 0.001000 0.005000
1330 0.488281 31.206217 0.001000 0.005000
1331 0.000000 8.048450 0.001000 0.005000
1332 0.000000 6.891201 0.001000 0.005000
1333 0.488281 23.789387 0.001000 0.005000
1334 0.000000 16.235422 0.001000 0.005000
1335 0.000000 18.440105 0.001000 0.005000
1336 0.690534 27.902910 0.001000 0.005000
1337 0.690534 17.681778 0.001000 0.005000
1338 0.690534 36.032623 0.001000 0.005000
1339 0.690534 29.814188 0.001000 0.005000
1340 0.000000 28.292025 0.001000 0.005000
1341 0.000000 21.208641 0.001000 0.005000
1342 1.196040 25.480026 0.001000 0.005000
1343 0.000000 12.003546 0.001000 0.005000
1344 0.690534 9.665437 0.001000 0.005000
1345 1.291871 10.635132 0.001000 0.005000
1346 0.690534 14.886136 0.001000 0.005000
1347 0.690534 28.031055 0.001000 0.005000
1348 0.488281 12.060528 0.001000 0.005000
1349 0.976562 7.698735 0.001000 0.005000
1350 0.488281 11.696160 0.001000 0.005000
1351 1.091830 22.171244 0.001000 0.005000
1352 1.381068 18.117123 0.001000 0.005000
1353 0.000000 16.058741 0.001000 0.005000
1354 1.196040 26.837908 0.001000 0.005000
1355 1.544081 16.329313 0.001000 0.005000
1356 1.381068 10.313928 0.001000 0.005000
1357 2.674427 32.609180 0.001000 0.005000
1358 4.580488 27.294882 0.001000 0.005000
1359 2.929688 7.259889 0.001000 0.005000
1360 1.291871 20.715193 0.001000 0.005000
1361 1.291871 8.509755 0.001000 0.005000
1362 0.690534 6.865462 0.001000 0.005000
1363 0.000000 24.084597 0.001000 0.005000
1364 1.619446 10.208461 0.001000 0.005000
1365 1.619446 16.088385 0.001000 0.005000
1366 0.488281 20.590839 0.001000 0.005000
1367 0.690534 14.607290 0.001000 0.005000
1368 1.091830 27.257208 0.001000 0.005000
1369 0.845728 14.925595 0.001000 0.005000
1370 0.690534 23.140326 0.001000 0.005000
1371 0.690534 22.214466 0.001000 0.005000
1372 1.291871 15.959135 0.001000 0.005000
1373 0.488281 27.362362 0.001000 0.005000
1374 0.690534 19.259037 0.001000 0.005000
1375 0.690534 19.095154 0.001000 0.005000
1376 0.000000 9.506310 0.001000 0.005000
1377 0.690534 18.561443 0.001000 0.005000
1378 0.845728 14.311116 0.001000 0.005000
1379 0.000000 29.690344 0.001000 0.005000
1380 0.690534 10.031737 0.001000 0.005000
1381 0.000000 13.279678 0.001000 0.005000
1382 1.291871 11.508080 0.001000 0.005000
1383 2.071602 14.205908 0.001000 0.005000
1384 1.091830 30.266434 0.001000 0.005000
1385 0.000000 12.978299 0.001000 0.005000
1386 0.488281 12.249606 0.001000 0.005000
1387 1.091830 19.058199 0.001000 0.005000
1388 1.196040 17.769623 0.001000 0.005000
1389 0.690534 11.000452 0.001000 0.005000
1390 0.000000 14.410406 0.001000 0.005000
1391 0.000000 6.206730 0.001000 0.005000
1392 0.690534 22.012751 0.001000 0.005000
1393 0.488281 16.996084 0.001000 0.005000
1394 0.488281 22.188725 0.001000 0.005000
1395 0.488281 9.548009 0.001000 0.005000
1396 0.000000 11.241920 0.001000 0.005000
1397 0.488281 15.208108 0.001000 0.005000
1398 0.845728 15.985947 0.001000 0.005000
1399 0.000000 10.323128 0.001000 0.005000
1400 0.690534 3.102896 0.001000 0.005000
1401 0.845728 16.873266 0.001000 0.005000
1402 0.976562 7.053866 0.001000 0.005000
1403 0.690534 6.114134 0.001000 0.005000
1404 0.976562 40.640648 0.001000 0.005000
1405 0.690534 18.554955 0.001000 0.005000
1406 0.845728 15.449518 0.001000 0.005000
1407 0.000000 5.541447 0.001000 0.005000
1408 0.488281 14.998027 0.001000 0.005000
1409 0.000000 20.304365 0.001000 0.005000
1410 0.845728 25.720720 0.001000 0.005000
1411 0.845728 4.660643 0.001000 0.005000
1412 0.488281 8.486589 0.001000 0.005000
1413 1.381068 6.433030 0.001000 0.005000
1414 0.000000 8.649041 0.001000 0.005000
1415 1.196040 5.567632 0.001000 0.005000
1416 0.690534 5.362462 0.001000 0.005000
1417 0.690534 8.983033 0.001000 0.005000
1418 0.488281 1.880394 0.001000 0.005000
1419 0.690534 8.546315 0.001000 0.005000
1420 0.845728 19.147236 0.001000 0.005000
1421 0.000000 31.797970 0.001000 0.005000
1422 0.690534 14.332671 0.001000 0.005000
1423 0.000000 12.146667 0.001000 0.005000
1424 0.488281 6.816563 0.001000 0.005000
1425 0.976562 9.532494 0.001000 0.005000
1426 0.488281 14.837952 0.001000 0.005000
1427 0.488281 22.372879 0.001000 0.005000
1428 0.488281 12.433644 0.001000 0.005000
1429 0.488281 22.169249 0.001000 0.005000
1430 0.690534 26.299500 0.001000 0.005000
1431 1.196040 9.874468 0.001000 0.005000
1432 0.000000 16.464115 0.001000 0.005000
1433 0.488281 26.548798 0.001000 0.005000
1434 0.000000 10.214808 0.001000 0.005000
1435 0.845728 7.238393 0.001000 0.005000
1436 0.488281 27.305832 0.001000 0.005000
1437 1.826981 23.309122 0.001000 0.005000
1438 1.381068 5.883354 0.001000 0.005000
1439 0.845728 17.063839 0.001000 0.005000
1440 0.845728 13.205442 0.001000 0.005000
1441 1.196040 7.297041 0.001000 0.005000
1442 0.690534 12.631642 0.001000 0.005000
1443 2.013236 37.912930 0.001000 0.005000
1444 0.976562 17.760939 0.001000 0.005000
1445 0.690534 37.339748 0.001000 0.005000
1446 0.690534 16.163946 0.001000 0.005000
1447 0.976562 50.774162 0.001000 0.005000
1448 0.000000 25.929417 0.001000 0.005000
1449 0.690534 43.998703 0.001000 0.005000
1450 0.845728 32.273075 0.001000 0.005000
1451 0.690534 48.822735 0.001000 0.005000
1452 0.690534 29.845003 0.001000 0.005000
1453 0.000000 21.899593 0.001000 0.005000
1454 0.488281 18.649006 0.001000 0.005000
1455 1.196040 30.697889 0.001000 0.005000
1456 0.845728 27.460096 0.001000 0.005000
1457 0.690534 10.081484 0.001000 0.005000
1458 0.976562 73.111153 0.001000 0.005000
1459 0.690534 23.713867 0.001000 0.005000
1460 1.196040 19.828115 0.001000 0.005000
1461 0.690534 5.843483 0.001000 0.005000
1462 1.381068 34.224838 0.001000 0.005000
1463 0.690534 13.608243 0.001000 0.005000
1464 0.976562 16.075628 0.001000 0.005000
1465 0.488281 16.550594 0.001000 0.005000
1466 0.845728 47.813320 0.001000 0.005000
1467 0.976562 36.707882 0.001000 0.005000
1468 1.091830 42.467110 0.001000 0.005000
1469 0.488281 36.245060 0.001000 0.005000
1470 1.381068 39.459538 0.001000 0.005000
1471 1.691456 15.357189 0.001000 0.005000
1472 1.196040 17.623573 0.001000 0.005000
1473 0.690534 13.431719 0.001000 0.005000
1474 0.488281 19.866610 0.001000 0.005000
1475 0.488281 12.445874 0.001000 0.005000
1476 0.488281 15.520803 0.001000 0.005000
1477 0.690534 9.704877 0.001000 0.005000
1478 0.488281 9.463428 0.001000 0.005000
1479 0.000000 5.355526 0.001000 0.005000
1480 0.976562 7.016027 0.001000 0.005000
1481 0.976562 11.538367 0.001000 0.005000
1482 0.000000 26.893936 0.001000 0.005000
1483 0.488281 12.339237 0.001000 0.005000
1484 0.000000 11.571478 0.001000 0.005000
1485 1.091830 9.264610 0.001000 0.005000
1486 0.976562 5.992899 0.001000 0.005000
1487 0.976562 11.968355 0.001000 0.005000
1488 0.488281 31.109041 0.001000 0.005000
1489 0.488281 19.162127 0.001000 0.005000
1490 0.690534 23.213463 0.001000 0.005000
1491 0.690534 24.640150 0.001000 0.005000
1492 0.488281 33.679722 0.001000 0.005000
1493 0.000000 15.345976 0.001000 0.005000
1494 0.000000 4.954718 0.001000 0.005000
1495 0.690534 16.783665 0.001000 0.005000
1496 0.976562 3.259795 0.001000 0.005000
1497 0.488281 6.204889 0.001000 0.005000
1498 0.000000 4.532124 0.001000 0.005000
1499 1.091830 15.946756 0.001000 0.005000
1500 0.690534 16.313555 0.001000 0.005000
1501 1.544081 17.779785 0.001000 0.005000
1502 0.976562 14.797836 0.001000 0.005000
1503 0.000000 5.600939 0.001000 0.005000
1504 0.690534 18.820707 0.001000 0.005000
1505 1.381068 21.497860 0.001000 0.005000
1506 1.891105 37.907818 0.001000 0.005000
1507 1.464844 23.754736 0.001000 0.005000
1508 0.845728 42.270424 0.001000 0.005000
1509 0.488281 13.082069 0.001000 0.005000
1510 1.691456 35.852478 0.001000 0.005000
1511 1.291871 28.917448 0.001000 0.005000
1512 0.690534 21.286375 0.001000 0.005000
1513 1.291871 15.149491 0.001000 0.005000
1514 1.619446 51.613289 0.001000 0.005000
1515 0.690534 28.763680 0.001000 0.005000
1516 2.128369 42.492004 0.001000 0.005000
1517 2.128369 32.890572 0.001000 0.005000
1518 1.891105 32.613102 0.001000 0.005000
1519 0.690534 25.932148 0.001000 0.005000
1520 0.976562 25.522705 0.001000 0.005000
1521 0.845728 19.737190 0.001000 0.005000
1522 3.382913 55.525043 0.001000 0.005000
1523 0.845728 20.465990 0.001000 0.005000
1524 0.976562 26.789457 0.001000 0.005000
1525 1.619446 23.735868 0.001000 0.005000
1526 1.291871 26.534117 0.001000 0.005000
1527 2.013236 54.578236 0.001000 0.005000
1528 0.690534 36.799614 0.001000 0.005000
1529 0.488281 22.868689 0.001000 0.005000
1530 0.845728 23.699039 0.001000 0.005000
1531 0.000000 14.863217 0.001000 0.005000
1532 0.690534 20.189955 0.001000 0.005000
1533 0.488281 28.921635 0.001000 0.005000
1534 0.976562 19.669014 0.001000 0.005000
1535 0.690534 17.734608 0.001000 0.005000
1536 0.976562 24.294271 0.001000 0.005000
1537 0.845728 20.816637 0.001000 0.005000
1538 0.976562 13.454163 0.001000 0.005000
1539 0.000000 19.447744 0.001000 0.005000
1540 0.845728 49.957226 0.001000 0.005000
1541 0.000000 24.303036 0.001000 0.005000
1542 0.690534 14.651285 0.001000 0.005000
1543 0.690534 29.828375 0.001000 0.005000
1544 0.488281 29.353231 0.001000 0.005000
1545 0.845728 16.949076 0.001000 0.005000
1546 0.000000 27.375174 0.001000 0.005000
1547 1.381068 36.189209 0.001000 0.005000
1548 0.976562 24.368595 0.001000 0.005000
1549 0.000000 31.404333 0.001000 0.005000
1550 0.000000 29.524111 0.001000 0.005000
1551 0.690534 21.470848 0.001000 0.005000
1552 0.488281 29.773001 0.001000 0.005000
1553 0.845728 30.471334 0.001000 0.005000
1554 1.196040 26.033745 0.001000 0.005000
1555 0.690534 31.851856 0.001000 0.005000
1556 1.196040 18.606125 0.001000 0.005000
1557 0.000000 24.149141 0.001000 0.005000
1558 1.091830 28.114916 0.001000 0.005000
1559 0.690534 26.587057 0.001000 0.005000
1560 0.690534 55.375118 0.001000 0.005000
1561 0.000000 28.482595 0.001000 0.005000
1562 0.000000 23.584719 0.001000 0.005000
1563 0.690534 28.708210 0.001000 0.005000
1564 0.845728 47.588173 0.001000 0.005000
1565 0.976562 12.622580 0.001000 0.005000
1566 0.690534 16.811270 0.001000 0.005000
1567 1.619446 27.360687 0.001000 0.005000
1568 0.690534 15.121108 0.001000 0.005000
1569 0.000000 28.320358 0.001000 0.005000
1570 0.488281 25.540752 0.001000 0.005000
1571 1.381068 43.411491 0.001000 0.005000
1572 0.976562 13.360059 0.001000 0.005000
1573 0.000000 9.049718 0.001000 0.005000
1574 0.488281 15.516301 0.001000 0.005000
1575 1.196040 29.453489 0.001000 0.005000
1576 0.000000 12.388952 0.001000 0.005000
1577 0.690534 10.308394 0.001000 0.005000
1578 0.690534 13.556577 0.001000 0.005000
1579 2.183661 22.013819 0.001000 0.005000
1580 1.091830 40.626839 0.001000 0.005000
1581 0.845728 19.927969 0.001000 0.005000
1582 0.000000 23.771257 0.001000 0.005000
1583 1.291871 12.426551 0.001000 0.005000
1584 0.976562 22.672506 0.001000 0.005000
1585 0.000000 16.396467 0.001000 0.005000
1586 0.488281 18.147001 0.001000 0.005000
1587 0.690534 10.811708 0.001000 0.005000
1588 0.845728 12.717643 0.001000 0.005000
1589 0.690534 9.769457 0.001000 0.005000
