0 0.488281 3.457493 0.001000 0.005000
1 0.976562 4.237335 0.001000 0.005000
2 0.690534 2.377366 0.001000 0.005000
3 0.000000 1.069224 0.001000 0.005000
4 0.690534 3.043109 0.001000 0.005000
5 0.845728 5.923604 0.001000 0.005000
6 0.000000 3.125984 0.001000 0.005000
7 0.690534 4.587120 0.001000 0.005000
8 0.690534 13.194180 0.001000 0.005000
9 0.845728 10.357295 0.001000 0.005000
10 0.976562 3.400653 0.001000 0.005000
11 0.845728 8.438764 0.001000 0.005000
12 0.488281 24.286833 0.001000 0.005000
13 0.845728 10.165831 0.001000 0.005000
14 0.000000 9.469299 0.001000 0.005000
15 0.976562 10.052230 0.001000 0.005000
16 0.488281 14.055328 0.001000 0.005000
17 1.091830 13.182668 0.001000 0.005000
18 0.690534 9.020214 0.001000 0.005000
19 0.690534 6.836160 0.001000 0.005000
20 0.000000 10.904203 0.001000 0.005000
21 0.976562 18.384977 0.001000 0.005000
22 0.690534 10.047669 0.001000 0.005000
23 0.000000 5.322813 0.001000 0.005000
24 0.488281 11.273149 0.001000 0.005000
25 0.690534 4.454032 0.001000 0.005000
26 0.690534 11.752747 0.001000 0.005000
27 0.690534 8.860462 0.001000 0.005000
28 0.488281 12.307835 0.001000 0.005000
29 0.690534 29.582123 0.001000 0.005000
30 0.000000 13.900779 0.001000 0.005000
31 0.488281 12.354671 0.001000 0.005000
32 0.690534 13.512739 0.001000 0.005000
33 0.690534 27.686331 0.001000 0.005000
34 0.690534 14.042283 0.001000 0.005000
35 0.690534 9.688135 0.001000 0.005000
36 1.196040 18.169817 0.001000 0.005000
37 0.845728 28.053726 0.001000 0.005000
38 0.690534 11.894826 0.001000 0.005000
39 0.690534 3.430894 0.001000 0.005000
40 0.000000 14.897968 0.001000 0.005000
41 0.690534 8.458237 0.001000 0.005000
42 0.000000 8.173828 0.001000 0.005000
43 0.488281 6.278717 0.001000 0.005000
44 0.000000 6.038123 0.001000 0.005000
45 0.488281 31.832119 0.001000 0.005000
46 1.953125 23.312357 0.001000 0.005000
47 0.488281 11.290879 0.001000 0.005000
48 0.488281 12.462867 0.001000 0.005000
49 0.488281 15.868460 0.001000 0.005000
50 0.690534 8.872273 0.001000 0.005000
51 1.196040 30.447102 0.001000 0.005000
52 0.690534 9.259653 0.001000 0.005000
53 0.845728 9.493100 0.001000 0.005000
54 0.690534 10.552458 0.001000 0.005000
55 0.000000 3.821293 0.001000 0.005000
56 1.544081 6.514278 0.001000 0.005000
57 0.000000 5.877306 0.001000 0.005000
58 1.760523 9.057162 0.001000 0.005000
59 0.976562 1.362617 0.001000 0.005000
60 0.690534 8.258883 0.001000 0.005000
61 0.690534 14.389152 0.001000 0.005000
62 0.000000 3.750699 0.001000 0.005000
63 0.690534 8.652823 0.001000 0.005000
64 1.760523 5.226423 0.001000 0.005000
65 2.583742 13.791677 0.001000 0.005000
66 0.976562 10.475433 0.001000 0.005000
67 1.381068 8.462273 0.001000 0.005000
68 0.845728 4.583028 0.001000 0.005000
69 1.291871 17.401255 0.001000 0.005000
70 0.976562 7.953314 0.001000 0.005000
71 0.488281 9.955235 0.001000 0.005000
72 0.976562 8.470762 0.001000 0.005000
73 0.845728 6.000006 0.001000 0.005000
74 0.690534 8.164018 0.001000 0.005000
75 0.488281 8.297028 0.001000 0.005000
76 0.845728 25.213940 0.001000 0.005000
77 0.000000 10.782124 0.001000 0.005000
78 0.690534 9.255992 0.001000 0.005000
79 0.488281 17.832869 0.001000 0.005000
80 0.690534 14.795056 0.001000 0.005000
81 0.000000 13.386198 0.001000 0.005000
82 0.488281 14.179296 0.001000 0.005000
83 0.690534 13.247560 0.001000 0.005000
84 0.000000 10.353562 0.001000 0.005000
85 0.488281 17.679279 0.001000 0.005000
86 0.690534 8.006464 0.001000 0.005000
87 1.091830 13.045722 0.001000 0.005000
88 0.000000 22.844995 0.001000 0.005000
89 0.488281 10.194783 0.001000 0.005000
90 0.690534 15.450372 0.001000 0.005000
91 0.488281 11.327608 0.001000 0.005000
92 0.000000 14.762541 0.001000 0.005000
93 0.690534 10.483391 0.001000 0.005000
94 0.976562 10.030399 0.001000 0.005000
95 0.488281 16.278940 0.001000 0.005000
96 0.690534 9.346153 0.001000 0.005000
97 0.845728 10.180933 0.001000 0.005000
98 0.000000 14.507618 0.001000 0.005000
99 1.196040 10.330091 0.001000 0.005000
100 0.000000 6.459186 0.001000 0.005000
101 0.845728 16.657410 0.001000 0.005000
102 0.845728 11.917706 0.001000 0.005000
103 0.488281 18.046621 0.001000 0.005000
104 1.091830 13.743968 0.001000 0.005000
105 0.845728 16.464777 0.001000 0.005000
106 0.690534 6.134976 0.001000 0.005000
107 1.291871 14.276562 0.001000 0.005000
108 2.183661 4.283669 0.001000 0.005000
109 3.487027 8.271852 0.001000 0.005000
110 3.275492 9.609305 0.001000 0.005000
111 2.071602 21.554241 0.001000 0.005000
112 1.826981 22.475317 0.001000 0.005000
113 1.464844 11.985521 0.001000 0.005000
114 1.091830 14.222192 0.001000 0.005000
115 0.488281 13.632144 0.001000 0.005000
116 0.976562 7.196585 0.001000 0.005000
117 1.464844 11.307386 0.001000 0.005000
118 0.690534 16.456041 0.001000 0.005000
119 1.291871 12.023263 0.001000 0.005000
120 1.196040 12.026779 0.001000 0.005000
121 1.291871 11.016284 0.001000 0.005000
122 0.845728 4.185148 0.001000 0.005000
123 2.128369 29.778309 0.001000 0.005000
124 1.381068 17.781832 0.001000 0.005000
125 0.976562 1.479504 0.001000 0.005000
126 0.690534 9.185669 0.001000 0.005000
127 1.760523 5.451939 0.001000 0.005000
128 0.000000 5.712325 0.001000 0.005000
129 1.196040 9.201953 0.001000 0.005000
130 1.091830 17.795059 0.001000 0.005000
131 1.291871 11.556884 0.001000 0.005000
132 0.976562 5.748792 0.001000 0.005000
133 1.091830 19.548918 0.001000 0.005000
134 2.071602 16.657167 0.001000 0.005000
135 0.690534 5.196514 0.001000 0.005000
136 1.196040 3.531309 0.001000 0.005000
137 0.690534 11.061088 0.001000 0.005000
138 0.690534 14.245861 0.001000 0.005000
139 1.196040 8.091666 0.001000 0.005000
140 1.953125 13.392977 0.001000 0.005000
141 0.976562 8.047902 0.001000 0.005000
142 1.091830 6.864564 0.001000 0.005000
143 1.291871 12.580786 0.001000 0.005000
144 0.000000 16.720846 0.001000 0.005000
145 1.544081 11.953382 0.001000 0.005000
146 1.464844 7.729303 0.001000 0.005000
147 1.381068 8.337564 0.001000 0.005000
148 0.690534 18.184671 0.001000 0.005000
149 0.488281 18.171446 0.001000 0.005000
150 0.690534 6.183374 0.001000 0.005000
151 0.976562 11.010264 0.001000 0.005000
152 0.690534 7.901923 0.001000 0.005000
153 1.760523 8.610385 0.001000 0.005000
154 1.091830 10.069099 0.001000 0.005000
155 1.196040 8.774886 0.001000 0.005000
156 1.196040 9.621140 0.001000 0.005000
157 0.488281 9.804793 0.001000 0.005000
158 0.488281 11.186624 0.001000 0.005000
159 0.845728 10.592819 0.001000 0.005000
160 1.196040 16.846840 0.001000 0.005000
161 0.000000 17.112125 0.001000 0.005000
162 1.091830 12.006296 0.001000 0.005000
163 0.845728 14.027187 0.001000 0.005000
164 0.488281 9.656444 0.001000 0.005000
165 0.976562 18.520670 0.001000 0.005000
166 0.976562 28.383257 0.001000 0.005000
167 0.488281 10.109764 0.001000 0.005000
168 0.488281 4.478723 0.001000 0.005000
169 1.091830 13.919353 0.001000 0.005000
170 2.237586 7.318098 0.001000 0.005000
171 0.976562 7.056736 0.001000 0.005000
172 1.619446 8.924124 0.001000 0.005000
173 0.976562 9.814310 0.001000 0.005000
174 0.000000 10.381947 0.001000 0.005000
175 0.976562 11.172537 0.001000 0.005000
176 0.845728 18.024397 0.001000 0.005000
177 3.347489 17.983099 0.001000 0.005000
178 2.183661 12.371740 0.001000 0.005000
179 0.845728 16.364613 0.001000 0.005000
180 0.976562 7.698325 0.001000 0.005000
181 1.091830 11.533709 0.001000 0.005000
182 0.845728 3.773924 0.001000 0.005000
183 0.976562 7.886578 0.001000 0.005000
184 2.489756 3.520406 0.001000 0.005000
185 0.690534 6.059656 0.001000 0.005000
186 0.976562 8.985672 0.001000 0.005000
187 1.291871 7.006670 0.001000 0.005000
188 0.690534 5.233766 0.001000 0.005000
189 0.000000 5.868829 0.001000 0.005000
190 1.760523 7.039036 0.001000 0.005000
191 1.196040 7.790969 0.001000 0.005000
192 0.488281 8.349570 0.001000 0.005000
193 0.690534 9.651139 0.001000 0.005000
194 0.000000 5.715909 0.001000 0.005000
195 0.690534 7.448742 0.001000 0.005000
196 0.690534 4.739287 0.001000 0.005000
197 0.976562 4.741940 0.001000 0.005000
198 0.690534 7.980614 0.001000 0.005000
199 0.690534 7.066557 0.001000 0.005000
200 1.196040 5.944394 0.001000 0.005000
201 0.000000 7.611190 0.001000 0.005000
202 1.196040 6.375892 0.001000 0.005000
203 1.091830 13.969090 0.001000 0.005000
204 0.845728 10.240515 0.001000 0.005000
205 1.691456 14.541744 0.001000 0.005000
206 1.196040 7.536609 0.001000 0.005000
207 1.760523 8.135351 0.001000 0.005000
208 1.544081 15.602996 0.001000 0.005000
209 0.488281 15.131151 0.001000 0.005000
210 0.845728 6.680915 0.001000 0.005000
211 2.847145 19.801058 0.001000 0.005000
212 1.544081 12.134657 0.001000 0.005000
213 0.000000 10.221366 0.001000 0.005000
214 2.392080 30.505337 0.001000 0.005000
215 1.291871 10.790106 0.001000 0.005000
216 0.976562 11.407338 0.001000 0.005000
217 0.976562 3.954185 0.001000 0.005000
218 2.128369 21.514969 0.001000 0.005000
219 0.690534 9.765726 0.001000 0.005000
220 0.690534 9.289026 0.001000 0.005000
221 1.381068 18.330227 0.001000 0.005000
222 1.381068 19.853111 0.001000 0.005000
223 0.976562 11.809590 0.001000 0.005000
224 0.488281 9.179157 0.001000 0.005000
225 0.690534 3.307895 0.001000 0.005000
226 0.690534 12.959822 0.001000 0.005000
227 0.690534 7.010479 0.001000 0.005000
228 0.690534 4.862330 0.001000 0.005000
229 0.976562 10.632878 0.001000 0.005000
230 0.690534 5.543827 0.001000 0.005000
231 0.845728 5.978334 0.001000 0.005000
232 0.000000 13.269510 0.001000 0.005000
233 0.976562 10.212738 0.001000 0.005000
234 1.891105 7.767458 0.001000 0.005000
235 1.619446 14.180813 0.001000 0.005000
236 0.976562 4.722874 0.001000 0.005000
237 1.619446 3.820632 0.001000 0.005000
238 0.000000 5.928684 0.001000 0.005000
239 0.845728 4.037527 0.001000 0.005000
240 0.690534 12.255927 0.001000 0.005000
241 0.488281 2.800420 0.001000 0.005000
242 1.381068 11.083214 0.001000 0.005000
243 0.000000 1.310278 0.001000 0.005000
244 0.000000 13.447344 0.001000 0.005000
245 2.392080 9.589617 0.001000 0.005000
246 1.091830 3.104264 0.001000 0.005000
247 0.488281 11.766541 0.001000 0.005000
248 0.690534 9.876219 0.001000 0.005000
249 1.196040 10.226994 0.001000 0.005000
250 0.976562 8.332917 0.001000 0.005000
251 0.690534 13.916502 0.001000 0.005000
252 0.690534 14.061482 0.001000 0.005000
253 0.690534 11.418788 0.001000 0.005000
254 0.976562 4.583413 0.001000 0.005000
255 0.690534 11.544556 0.001000 0.005000
256 0.000000 6.681624 0.001000 0.005000
257 0.000000 10.557364 0.001000 0.005000
258 0.488281 8.557714 0.001000 0.005000
259 0.690534 15.084755 0.001000 0.005000
260 0.690534 11.273161 0.001000 0.005000
261 0.976562 16.537891 0.001000 0.005000
262 0.000000 11.161778 0.001000 0.005000
263 0.976562 7.691582 0.001000 0.005000
264 0.000000 13.082244 0.001000 0.005000
265 0.976562 7.779414 0.001000 0.005000
266 1.196040 13.591078 0.001000 0.005000
267 1.196040 8.513183 0.001000 0.005000
268 0.845728 1.652784 0.001000 0.005000
269 0.000000 7.033936 0.001000 0.005000
270 1.381068 16.983973 0.001000 0.005000
271 0.976562 15.774530 0.001000 0.005000
272 0.000000 8.323871 0.001000 0.005000
273 0.690534 8.003326 0.001000 0.005000
274 1.091830 10.579869 0.001000 0.005000
275 0.000000 5.012983 0.001000 0.005000
276 0.000000 7.641759 0.001000 0.005000
277 0.845728 6.594847 0.001000 0.005000
278 1.196040 3.722462 0.001000 0.005000
279 0.845728 4.763906 0.001000 0.005000
280 1.760523 18.181162 0.001000 0.005000
281 0.976562 12.717467 0.001000 0.005000
282 1.091830 7.713447 0.001000 0.005000
283 0.690534 8.983144 0.001000 0.005000
284 0.845728 2.123164 0.001000 0.005000
285 0.976562 3.190989 0.001000 0.005000
286 0.976562 5.238480 0.001000 0.005000
287 1.464844 14.322416 0.001000 0.005000
288 0.976562 11.628424 0.001000 0.005000
289 1.381068 10.516784 0.001000 0.005000
290 1.691456 13.576427 0.001000 0.005000
291 0.000000 4.372685 0.001000 0.005000
292 0.976562 5.367254 0.001000 0.005000
293 0.845728 9.902867 0.001000 0.005000
294 0.690534 13.738432 0.001000 0.005000
295 0.488281 5.071648 0.001000 0.005000
296 1.196040 7.480695 0.001000 0.005000
297 0.690534 3.962265 0.001000 0.005000
298 0.000000 20.024096 0.001000 0.005000
299 1.196040 14.541212 0.001000 0.005000
300 0.488281 7.611606 0.001000 0.005000
301 0.488281 16.798105 0.001000 0.005000
302 1.381068 10.831210 0.001000 0.005000
303 1.091830 8.800741 0.001000 0.005000
304 0.488281 6.266412 0.001000 0.005000
305 1.196040 10.121315 0.001000 0.005000
306 0.976562 5.771819 0.001000 0.005000
307 0.976562 23.731688 0.001000 0.005000
308 0.000000 10.203189 0.001000 0.005000
309 0.690534 7.886887 0.001000 0.005000
310 1.196040 6.183840 0.001000 0.005000
311 1.381068 15.412845 0.001000 0.005000
312 0.000000 53.388050 0.001000 0.005000
313 0.690534 4.622581 0.001000 0.005000
314 1.196040 10.412759 0.001000 0.005000
315 1.826981 8.804380 0.001000 0.005000
316 1.196040 6.842576 0.001000 0.005000
317 0.000000 7.799345 0.001000 0.005000
318 0.845728 14.569927 0.001000 0.005000
319 1.091830 25.746887 0.001000 0.005000
320 0.690534 14.728681 0.001000 0.005000
321 0.690534 12.595246 0.001000 0.005000
322 1.544081 16.016884 0.001000 0.005000
323 0.845728 10.116502 0.001000 0.005000
324 0.690534 4.027738 0.001000 0.005000
325 1.544081 6.019061 0.001000 0.005000
326 1.619446 2.897881 0.001000 0.005000
327 1.291871 4.026559 0.001000 0.005000
328 0.845728 14.077143 0.001000 0.005000
329 0.488281 5.666535 0.001000 0.005000
330 0.000000 3.660573 0.001000 0.005000
331 0.000000 7.720397 0.001000 0.005000
332 1.091830 9.679515 0.001000 0.005000
333 1.091830 3.530855 0.001000 0.005000
334 0.690534 7.960262 0.001000 0.005000
335 0.488281 14.293463 0.001000 0.005000
336 0.845728 6.929098 0.001000 0.005000
337 0.690534 11.042812 0.001000 0.005000
338 1.691456 3.409328 0.001000 0.005000
339 0.690534 8.940242 0.001000 0.005000
340 0.845728 5.235715 0.001000 0.005000
341 2.674427 8.901742 0.001000 0.005000
342 0.690534 8.811480 0.001000 0.005000
343 1.464844 4.027363 0.001000 0.005000
344 0.488281 6.724817 0.001000 0.005000
345 0.976562 17.927591 0.001000 0.005000
346 1.091830 10.414318 0.001000 0.005000
347 1.091830 6.401662 0.001000 0.005000
348 1.291871 10.549583 0.001000 0.005000
349 0.488281 13.707872 0.001000 0.005000
350 0.976562 3.034881 0.001000 0.005000
351 1.544081 8.987077 0.001000 0.005000
352 0.690534 12.136336 0.001000 0.005000
353 0.845728 19.420347 0.001000 0.005000
354 0.000000 10.301466 0.001000 0.005000
355 0.845728 12.037589 0.001000 0.005000
356 0.690534 13.257006 0.001000 0.005000
357 0.976562 23.002571 0.001000 0.005000
358 1.091830 13.060512 0.001000 0.005000
359 0.845728 17.046457 0.001000 0.005000
360 0.690534 10.829263 0.001000 0.005000
361 0.000000 14.877080 0.001000 0.005000
362 0.000000 8.105873 0.001000 0.005000
363 1.196040 11.958222 0.001000 0.005000
364 0.976562 11.033653 0.001000 0.005000
365 1.291871 9.842525 0.001000 0.005000
366 0.488281 12.347327 0.001000 0.005000
367 0.690534 33.228024 0.001000 0.005000
368 0.690534 6.880862 0.001000 0.005000
369 0.690534 12.610504 0.001000 0.005000
370 0.690534 11.968583 0.001000 0.005000
371 0.976562 7.946394 0.001000 0.005000
372 0.690534 7.851831 0.001000 0.005000
373 0.976562 26.236191 0.001000 0.005000
374 0.845728 10.396438 0.001000 0.005000
375 0.000000 12.765550 0.001000 0.005000
376 0.845728 17.350201 0.001000 0.005000
377 0.488281 9.653339 0.001000 0.005000
378 1.291871 12.743642 0.001000 0.005000
379 0.488281 10.342633 0.001000 0.005000
380 0.488281 12.587123 0.001000 0.005000
381 0.690534 16.989811 0.001000 0.005000
382 0.976562 12.125752 0.001000 0.005000
383 1.953125 12.458968 0.001000 0.005000
384 0.976562 8.641387 0.001000 0.005000
385 0.690534 13.550612 0.001000 0.005000
386 0.000000 17.146538 0.001000 0.005000
387 0.000000 21.520027 0.001000 0.005000
388 1.196040 21.675152 0.001000 0.005000
389 1.381068 18.624321 0.001000 0.005000
390 1.091830 21.004843 0.001000 0.005000
391 0.690534 8.830717 0.001000 0.005000
392 0.000000 8.612520 0.001000 0.005000
393 1.381068 5.363064 0.001000 0.005000
394 0.976562 13.349820 0.001000 0.005000
395 1.091830 15.102648 0.001000 0.005000
396 0.488281 9.416965 0.001000 0.005000
397 0.488281 6.730509 0.001000 0.005000
398 0.845728 11.007581 0.001000 0.005000
399 0.690534 14.241327 0.001000 0.005000
400 0.000000 19.213627 0.001000 0.005000
401 0.976562 5.079335 0.001000 0.005000
402 0.976562 7.646236 0.001000 0.005000
403 1.196040 11.561343 0.001000 0.005000
404 0.488281 16.240347 0.001000 0.005000
405 0.845728 11.571083 0.001000 0.005000
406 0.690534 6.753009 0.001000 0.005000
407 0.690534 10.441123 0.001000 0.005000
408 0.690534 11.222370 0.001000 0.005000
409 0.690534 18.016685 0.001000 0.005000
410 0.845728 17.949377 0.001000 0.005000
411 0.976562 20.432888 0.001000 0.005000
412 1.091830 32.576424 0.001000 0.005000
413 0.488281 32.265797 0.001000 0.005000
414 1.381068 27.026134 0.001000 0.005000
415 1.196040 23.101780 0.001000 0.005000
416 0.976562 85.199951 0.001000 0.005000
417 1.196040 138.796310 0.001000 0.005000
418 1.196040 124.078621 0.001000 0.005000
419 0.976562 89.863754 0.001000 0.005000
420 1.464844 77.552795 0.001000 0.005000
421 1.891105 104.138435 0.001000 0.005000
422 1.091830 40.888958 0.001000 0.005000
423 0.000000 63.735111 0.001000 0.005000
424 1.891105 50.703201 0.001000 0.005000
425 1.891105 56.720726 0.001000 0.005000
426 1.196040 40.818737 0.001000 0.005000
427 2.537184 25.235653 0.001000 0.005000
428 1.381068 27.269510 0.001000 0.005000
429 1.381068 31.438423 0.001000 0.005000
430 1.091830 12.808396 0.001000 0.005000
431 1.826981 16.108473 0.001000 0.005000
432 1.619446 31.002644 0.001000 0.005000
433 1.826981 18.518612 0.001000 0.005000
434 2.013236 9.818364 0.001000 0.005000
435 0.488281 19.286270 0.001000 0.005000
436 0.976562 19.754204 0.001000 0.005000
437 1.826981 8.979927 0.001000 0.005000
438 0.976562 21.395811 0.001000 0.005000
439 1.291871 10.156648 0.001000 0.005000
440 1.619446 13.605325 0.001000 0.005000
441 0.976562 12.948877 0.001000 0.005000
442 2.071602 11.859447 0.001000 0.005000
443 0.845728 11.987093 0.001000 0.005000
444 1.381068 14.481005 0.001000 0.005000
445 1.953125 5.059567 0.001000 0.005000
446 1.826981 22.791676 0.001000 0.005000
447 0.976562 8.984529 0.001000 0.005000
448 1.196040 10.271052 0.001000 0.005000
449 1.196040 7.825060 0.001000 0.005000
450 0.690534 15.432050 0.001000 0.005000
451 0.976562 8.125738 0.001000 0.005000
452 0.000000 8.978599 0.001000 0.005000
453 0.488281 15.171844 0.001000 0.005000
454 1.196040 15.848772 0.001000 0.005000
455 0.845728 13.270149 0.001000 0.005000
456 0.976562 11.370888 0.001000 0.005000
457 0.000000 11.418996 0.001000 0.005000
458 0.690534 29.880919 0.001000 0.005000
459 0.690534 8.649460 0.001000 0.005000
460 1.196040 2.004963 0.001000 0.005000
461 1.691456 7.589770 0.001000 0.005000
462 1.196040 15.256439 0.001000 0.005000
463 0.488281 5.472319 0.001000 0.005000
464 0.488281 19.326561 0.001000 0.005000
465 0.690534 12.083279 0.001000 0.005000
466 0.488281 12.662346 0.001000 0.005000
467 0.000000 10.057815 0.001000 0.005000
468 1.091830 9.393691 0.001000 0.005000
469 0.976562 3.021240 0.001000 0.005000
470 1.196040 16.522711 0.001000 0.005000
471 0.488281 9.884909 0.001000 0.005000
472 0.845728 13.460732 0.001000 0.005000
473 0.845728 15.490700 0.001000 0.005000
474 0.000000 5.490039 0.001000 0.005000
475 1.196040 10.076315 0.001000 0.005000
476 1.091830 6.526861 0.001000 0.005000
477 0.488281 7.914628 0.001000 0.005000
478 0.488281 12.856071 0.001000 0.005000
479 0.488281 10.994024 0.001000 0.005000
480 0.488281 10.463297 0.001000 0.005000
481 1.091830 11.395419 0.001000 0.005000
482 1.544081 23.650074 0.001000 0.005000
483 0.690534 14.332036 0.001000 0.005000
484 0.976562 11.857183 0.001000 0.005000
485 0.690534 13.413846 0.001000 0.005000
486 0.845728 10.703969 0.001000 0.005000
487 0.000000 13.374520 0.001000 0.005000
488 0.488281 14.938871 0.001000 0.005000
489 1.196040 17.399466 0.001000 0.005000
490 0.000000 12.798315 0.001000 0.005000
491 0.000000 11.734172 0.001000 0.005000
492 0.690534 11.652823 0.001000 0.005000
493 0.000000 11.556316 0.001000 0.005000
494 0.690534 14.563511 0.001000 0.005000
495 1.091830 12.858694 0.001000 0.005000
496 0.488281 14.827405 0.001000 0.005000
497 0.690534 10.075339 0.001000 0.005000
498 0.000000 12.585483 0.001000 0.005000
499 0.690534 18.240971 0.001000 0.005000
500 0.690534 22.080614 0.001000 0.005000
501 0.845728 21.143053 0.001000 0.005000
502 0.690534 11.665477 0.001000 0.005000
503 0.488281 12.556453 0.001000 0.005000
504 0.000000 8.177074 0.001000 0.005000
505 0.000000 17.463299 0.001000 0.005000
506 0.488281 6.345778 0.001000 0.005000
507 0.690534 6.551352 0.001000 0.005000
508 1.691456 7.734875 0.001000 0.005000
509 1.544081 30.214739 0.001000 0.005000
510 0.690534 5.085852 0.001000 0.005000
511 1.544081 6.550860 0.001000 0.005000
512 1.291871 8.401993 0.001000 0.005000
513 0.690534 12.459004 0.001000 0.005000
514 1.464844 9.349514 0.001000 0.005000
515 0.488281 11.303302 0.001000 0.005000
516 0.690534 10.987440 0.001000 0.005000
517 0.000000 10.864841 0.001000 0.005000
518 1.464844 11.429314 0.001000 0.005000
519 0.000000 8.392019 0.001000 0.005000
520 0.976562 12.081549 0.001000 0.005000
521 0.000000 8.829047 0.001000 0.005000
522 0.488281 15.399766 0.001000 0.005000
523 0.976562 18.709742 0.001000 0.005000
524 0.690534 12.080025 0.001000 0.005000
525 0.488281 13.279030 0.001000 0.005000
526 0.690534 21.213774 0.001000 0.005000
527 0.000000 17.680387 0.001000 0.005000
528 0.488281 12.102008 0.001000 0.005000
529 0.690534 12.132577 0.001000 0.005000
530 0.845728 15.189286 0.001000 0.005000
531 0.488281 8.267793 0.001000 0.005000
532 0.976562 17.261772 0.001000 0.005000
533 1.196040 25.892193 0.001000 0.005000
534 1.291871 16.740381 0.001000 0.005000
535 0.488281 17.444952 0.001000 0.005000
536 2.183661 36.011887 0.001000 0.005000
537 0.690534 10.429989 0.001000 0.005000
538 0.000000 9.399529 0.001000 0.005000
539 0.976562 10.812057 0.001000 0.005000
540 1.091830 12.955840 0.001000 0.005000
541 1.091830 14.818069 0.001000 0.005000
542 0.690534 5.764376 0.001000 0.005000
543 1.091830 9.078544 0.001000 0.005000
544 0.845728 18.544672 0.001000 0.005000
545 1.544081 4.060030 0.001000 0.005000
546 2.629476 20.650846 0.001000 0.005000
547 1.381068 9.203298 0.001000 0.005000
548 1.464844 12.092966 0.001000 0.005000
549 2.237586 5.505905 0.001000 0.005000
550 1.544081 15.373960 0.001000 0.005000
551 1.291871 5.089033 0.001000 0.005000
552 0.690534 9.851252 0.001000 0.005000
553 0.690534 5.319760 0.001000 0.005000
554 1.381068 26.483385 0.001000 0.005000
555 1.619446 13.900703 0.001000 0.005000
556 0.690534 5.427282 0.001000 0.005000
557 0.488281 3.816935 0.001000 0.005000
558 1.291871 8.963001 0.001000 0.005000
559 1.091830 15.166564 0.001000 0.005000
560 0.845728 13.229277 0.001000 0.005000
561 1.196040 7.696727 0.001000 0.005000
562 1.619446 6.594385 0.001000 0.005000
563 1.091830 6.553843 0.001000 0.005000
564 1.196040 15.516982 0.001000 0.005000
565 0.845728 11.145815 0.001000 0.005000
566 0.845728 19.731766 0.001000 0.005000
567 0.690534 3.818293 0.001000 0.005000
568 0.690534 7.552936 0.001000 0.005000
569 0.845728 10.540045 0.001000 0.005000
570 1.291871 25.924019 0.001000 0.005000
571 0.690534 7.748600 0.001000 0.005000
572 1.464844 8.056137 0.001000 0.005000
573 0.690534 6.996407 0.001000 0.005000
574 0.488281 12.680415 0.001000 0.005000
575 1.091830 10.120900 0.001000 0.005000
576 0.000000 8.148252 0.001000 0.005000
577 0.845728 8.115215 0.001000 0.005000
578 0.845728 14.316774 0.001000 0.005000
579 0.976562 8.400638 0.001000 0.005000
580 3.554743 16.515724 0.001000 0.005000
581 1.544081 8.255161 0.001000 0.005000
582 1.760523 10.872960 0.001000 0.005000
583 2.629476 9.373474 0.001000 0.005000
584 0.845728 12.859429 0.001000 0.005000
585 1.091830 7.832891 0.001000 0.005000
586 2.888712 10.097071 0.001000 0.005000
587 1.381068 13.969120 0.001000 0.005000
588 1.544081 18.685120 0.001000 0.005000
589 3.452671 13.305861 0.001000 0.005000
590 1.953125 23.326691 0.001000 0.005000
591 2.718636 16.684782 0.001000 0.005000
592 1.091830 13.468285 0.001000 0.005000
593 0.690534 11.504395 0.001000 0.005000
594 0.690534 23.678585 0.001000 0.005000
595 0.488281 15.284674 0.001000 0.005000
596 1.544081 15.095986 0.001000 0.005000
597 0.845728 15.794139 0.001000 0.005000
598 0.000000 7.879714 0.001000 0.005000
599 0.000000 14.526168 0.001000 0.005000
600 0.488281 11.602429 0.001000 0.005000
601 1.381068 26.194014 0.001000 0.005000
602 0.000000 17.080816 0.001000 0.005000
603 0.690534 12.834100 0.001000 0.005000
604 0.488281 16.340122 0.001000 0.005000
605 0.488281 6.965448 0.001000 0.005000
606 0.976562 23.932652 0.001000 0.005000
607 0.690534 7.639803 0.001000 0.005000
608 0.488281 16.925064 0.001000 0.005000
609 1.196040 15.704656 0.001000 0.005000
610 0.488281 10.009356 0.001000 0.005000
611 0.690534 13.628114 0.001000 0.005000
612 1.544081 27.068188 0.001000 0.005000
613 0.690534 11.815443 0.001000 0.005000
614 0.000000 18.785810 0.001000 0.005000
615 1.091830 16.471283 0.001000 0.005000
616 0.845728 7.031026 0.001000 0.005000
617 0.000000 8.711307 0.001000 0.005000
618 0.976562 16.204268 0.001000 0.005000
619 0.976562 11.689279 0.001000 0.005000
620 2.071602 8.008346 0.001000 0.005000
621 0.000000 7.027028 0.001000 0.005000
622 0.976562 27.796606 0.001000 0.005000
623 0.690534 6.462523 0.001000 0.005000
624 0.690534 12.334691 0.001000 0.005000
625 0.976562 3.940118 0.001000 0.005000
626 0.000000 10.836641 0.001000 0.005000
627 0.488281 2.735420 0.001000 0.005000
628 0.976562 13.970772 0.001000 0.005000
629 0.690534 13.940726 0.001000 0.005000
630 1.091830 14.275169 0.001000 0.005000
631 0.488281 15.721691 0.001000 0.005000
632 0.845728 9.578323 0.001000 0.005000
633 1.196040 25.054811 0.001000 0.005000
634 0.690534 11.376133 0.001000 0.005000
635 0.690534 26.524578 0.001000 0.005000
636 0.690534 3.642438 0.001000 0.005000
637 0.690534 25.756289 0.001000 0.005000
638 0.488281 11.038549 0.001000 0.005000
639 0.845728 5.601193 0.001000 0.005000
640 1.291871 21.891880 0.001000 0.005000
641 0.000000 20.690586 0.001000 0.005000
642 0.976562 17.942802 0.001000 0.005000
643 0.690534 17.061165 0.001000 0.005000
644 0.488281 12.846262 0.001000 0.005000
645 0.690534 13.461577 0.001000 0.005000
646 1.381068 14.455792 0.001000 0.005000
647 0.976562 19.559505 0.001000 0.005000
648 1.091830 11.345437 0.001000 0.005000
649 0.976562 25.595598 0.001000 0.005000
650 0.690534 17.734756 0.001000 0.005000
651 1.381068 30.666388 0.001000 0.005000
652 0.976562 28.518858 0.001000 0.005000
653 0.690534 4.903503 0.001000 0.005000
654 1.091830 49.176121 0.001000 0.005000
655 0.000000 8.537993 0.001000 0.005000
656 0.000000 19.629276 0.001000 0.005000
657 0.976562 17.352564 0.001000 0.005000
658 0.845728 14.602092 0.001000 0.005000
659 0.488281 25.266712 0.001000 0.005000
660 1.091830 64.706390 0.001000 0.005000
661 0.845728 61.229939 0.001000 0.005000
662 0.488281 40.519455 0.001000 0.005000
663 0.690534 44.066601 0.001000 0.005000
664 0.488281 34.226761 0.001000 0.005000
665 0.690534 36.345745 0.001000 0.005000
666 0.488281 32.537155 0.001000 0.005000
667 0.690534 5.575109 0.001000 0.005000
668 0.845728 9.582970 0.001000 0.005000
669 0.845728 9.277020 0.001000 0.005000
670 0.488281 7.772023 0.001000 0.005000
671 0.976562 31.115231 0.001000 0.005000
672 0.000000 24.264975 0.001000 0.005000
673 0.690534 27.133368 0.001000 0.005000
674 0.000000 33.772438 0.001000 0.005000
675 0.488281 21.598639 0.001000 0.005000
676 0.488281 24.800795 0.001000 0.005000
677 0.845728 17.653809 0.001000 0.005000
678 0.488281 19.899437 0.001000 0.005000
679 0.000000 12.185758 0.001000 0.005000
680 0.845728 7.237892 0.001000 0.005000
681 0.976562 17.450449 0.001000 0.005000
682 0.845728 14.540338 0.001000 0.005000
683 0.488281 10.190892 0.001000 0.005000
684 0.000000 12.916966 0.001000 0.005000
685 0.845728 13.896561 0.001000 0.005000
686 0.690534 11.455458 0.001000 0.005000
687 0.690534 14.111394 0.001000 0.005000
688 0.488281 20.033060 0.001000 0.005000
689 0.690534 22.460455 0.001000 0.005000
690 0.488281 6.702066 0.001000 0.005000
691 0.690534 10.966770 0.001000 0.005000
692 1.196040 20.521589 0.001000 0.005000
693 1.091830 24.068579 0.001000 0.005000
694 0.690534 8.083517 0.001000 0.005000
695 0.845728 7.126893 0.001000 0.005000
696 1.196040 12.374437 0.001000 0.005000
697 1.760523 25.611635 0.001000 0.005000
698 0.690534 8.360831 0.001000 0.005000
699 0.690534 5.426360 0.001000 0.005000
700 1.464844 36.326786 0.001000 0.005000
701 2.441407 27.501089 0.001000 0.005000
702 0.690534 16.123268 0.001000 0.005000
703 0.690534 20.432035 0.001000 0.005000
704 0.000000 16.770926 0.001000 0.005000
705 1.464844 28.811752 0.001000 0.005000
706 1.381068 17.667353 0.001000 0.005000
707 0.690534 21.918045 0.001000 0.005000
708 0.976562 19.172358 0.001000 0.005000
709 0.690534 6.274509 0.001000 0.005000
710 0.000000 34.063183 0.001000 0.005000
711 0.976562 18.675732 0.001000 0.005000
712 1.381068 28.615135 0.001000 0.005000
713 0.976562 18.194130 0.001000 0.005000
714 0.690534 23.752382 0.001000 0.005000
715 0.000000 17.654428 0.001000 0.005000
716 0.690534 32.249321 0.001000 0.005000
717 0.000000 29.604265 0.001000 0.005000
718 0.976562 29.480494 0.001000 0.005000
719 1.760523 38.569321 0.001000 0.005000
720 1.381068 16.120747 0.001000 0.005000
721 1.381068 45.232559 0.001000 0.005000
722 0.976562 21.943842 0.001000 0.005000
723 1.196040 39.207035 0.001000 0.005000
724 0.845728 44.640018 0.001000 0.005000
725 1.091830 21.991911 0.001000 0.005000
726 1.091830 15.364446 0.001000 0.005000
727 0.000000 18.406849 0.001000 0.005000
728 0.845728 22.607952 0.001000 0.005000
729 0.690534 13.467537 0.001000 0.005000
730 1.196040 19.013123 0.001000 0.005000
731 0.690534 15.482863 0.001000 0.005000
732 0.690534 21.690805 0.001000 0.005000
733 0.976562 13.005507 0.001000 0.005000
734 0.690534 10.751780 0.001000 0.005000
735 1.381068 37.691235 0.001000 0.005000
736 0.690534 23.279764 0.001000 0.005000
737 0.488281 9.272762 0.001000 0.005000
738 0.845728 25.951876 0.001000 0.005000
739 0.000000 12.678710 0.001000 0.005000
740 0.976562 22.308922 0.001000 0.005000
741 0.488281 7.553679 0.001000 0.005000
742 0.690534 49.686535 0.001000 0.005000
743 0.976562 19.834122 0.001000 0.005000
744 0.845728 13.987906 0.001000 0.005000
745 0.845728 49.010395 0.001000 0.005000
746 1.091830 17.783989 0.001000 0.005000
747 0.690534 17.693239 0.001000 0.005000
748 0.690534 12.814365 0.001000 0.005000
749 1.381068 16.295790 0.001000 0.005000
750 0.690534 13.604535 0.001000 0.005000
751 0.976562 21.959818 0.001000 0.005000
752 0.690534 27.798401 0.001000 0.005000
753 1.619446 54.352478 0.001000 0.005000
754 2.013236 17.758827 0.001000 0.005000
755 1.091830 19.103739 0.001000 0.005000
756 1.381068 22.799662 0.001000 0.005000
757 1.196040 22.706705 0.001000 0.005000
758 1.291871 14.336813 0.001000 0.005000
759 0.976562 32.944065 0.001000 0.005000
760 0.690534 16.089239 0.001000 0.005000
761 0.000000 21.052357 0.001000 0.005000
762 1.381068 38.210384 0.001000 0.005000
763 0.845728 19.476833 0.001000 0.005000
764 0.000000 16.570900 0.001000 0.005000
765 0.000000 9.321585 0.001000 0.005000
766 0.690534 23.054920 0.001000 0.005000
767 0.976562 12.946899 0.001000 0.005000
768 0.690534 10.478710 0.001000 0.005000
769 0.488281 17.714977 0.001000 0.005000
770 0.690534 9.052174 0.001000 0.005000
771 0.976562 18.819014 0.001000 0.005000
772 0.845728 11.560611 0.001000 0.005000
773 0.690534 11.658159 0.001000 0.005000
774 0.845728 12.782935 0.001000 0.005000
775 0.690534 63.294205 0.001000 0.005000
776 0.690534 11.373957 0.001000 0.005000
777 0.845728 19.757740 0.001000 0.005000
778 0.000000 23.147129 0.001000 0.005000
779 0.845728 11.232944 0.001000 0.005000
780 0.488281 7.539716 0.001000 0.005000
781 1.196040 2.388874 0.001000 0.005000
782 1.196040 18.340832 0.001000 0.005000
783 0.690534 12.823917 0.001000 0.005000
784 0.976562 7.298704 0.001000 0.005000
785 0.976562 1.286196 0.001000 0.005000
786 0.976562 13.289445 0.001000 0.005000
787 0.488281 30.652056 0.001000 0.005000
788 0.690534 27.380995 0.001000 0.005000
789 0.000000 34.005798 0.001000 0.005000
790 0.488281 23.103271 0.001000 0.005000
791 0.000000 19.896299 0.001000 0.005000
792 0.976562 22.251261 0.001000 0.005000
793 0.690534 24.132868 0.001000 0.005000
794 0.845728 27.727615 0.001000 0.005000
795 1.091830 22.142904 0.001000 0.005000
796 0.690534 15.258776 0.001000 0.005000
797 0.845728 17.656464 0.001000 0.005000
798 0.690534 20.776991 0.001000 0.005000
799 0.000000 13.018064 0.001000 0.005000
800 1.196040 23.812757 0.001000 0.005000
801 0.488281 11.631485 0.001000 0.005000
802 0.845728 14.110027 0.001000 0.005000
803 0.845728 8.838396 0.001000 0.005000
804 0.976562 18.224257 0.001000 0.005000
805 1.826981 9.298903 0.001000 0.005000
806 0.488281 7.958725 0.001000 0.005000
807 0.690534 5.195099 0.001000 0.005000
808 0.690534 15.192046 0.001000 0.005000
809 0.000000 10.905712 0.001000 0.005000
810 0.976562 17.087980 0.001000 0.005000
811 0.976562 16.398260 0.001000 0.005000
812 0.488281 3.706069 0.001000 0.005000
813 0.690534 9.885425 0.001000 0.005000
814 0.000000 13.989237 0.001000 0.005000
815 0.488281 6.997717 0.001000 0.005000
816 0.488281 19.444284 0.001000 0.005000
817 0.488281 18.326853 0.001000 0.005000
818 0.000000 11.894421 0.001000 0.005000
819 0.690534 10.093809 0.001000 0.005000
820 0.976562 8.064322 0.001000 0.005000
821 1.760523 31.520630 0.001000 0.005000
822 1.291871 17.753559 0.001000 0.005000
823 1.381068 10.445196 0.001000 0.005000
824 0.845728 20.169323 0.001000 0.005000
825 0.000000 15.365009 0.001000 0.005000
826 0.845728 25.519829 0.001000 0.005000
827 0.690534 22.407108 0.001000 0.005000
828 0.000000 17.941698 0.001000 0.005000
829 0.690534 15.655681 0.001000 0.005000
830 0.488281 7.972308 0.001000 0.005000
831 0.845728 4.664951 0.001000 0.005000
832 1.196040 26.247614 0.001000 0.005000
833 0.000000 20.016632 0.001000 0.005000
834 1.196040 5.233049 0.001000 0.005000
835 1.826981 18.189531 0.001000 0.005000
836 0.976562 9.979543 0.001000 0.005000
837 0.690534 6.101001 0.001000 0.005000
838 0.000000 18.754917 0.001000 0.005000
839 0.845728 15.315934 0.001000 0.005000
840 0.976562 22.199751 0.001000 0.005000
841 1.619446 8.303099 0.001000 0.005000
842 1.544081 10.271839 0.001000 0.005000
843 0.690534 12.591538 0.001000 0.005000
844 0.845728 14.069705 0.001000 0.005000
845 1.464844 20.144722 0.001000 0.005000
846 1.196040 19.497671 0.001000 0.005000
847 0.488281 16.828463 0.001000 0.005000
848 0.690534 17.903793 0.001000 0.005000
849 0.976562 9.895126 0.001000 0.005000
850 0.845728 28.070450 0.001000 0.005000
851 0.690534 47.704750 0.001000 0.005000
852 0.845728 8.266215 0.001000 0.005000
853 0.690534 59.330547 0.001000 0.005000
854 0.488281 31.167040 0.001000 0.005000
855 0.690534 39.148514 0.001000 0.005000
856 0.488281 37.323959 0.001000 0.005000
857 0.488281 53.653362 0.001000 0.005000
858 0.976562 85.306152 0.001000 0.005000
859 0.690534 64.064499 0.001000 0.005000
860 0.845728 97.520721 0.001000 0.005000
861 0.000000 38.918346 0.001000 0.005000
862 2.183661 137.564316 0.001000 0.005000
863 0.976562 92.377800 0.001000 0.005000
864 1.091830 41.496918 0.001000 0.005000
865 1.291871 95.460876 0.001000 0.005000
866 3.452671 88.939400 0.001000 0.005000
867 0.845728 47.350674 0.001000 0.005000
868 2.237586 102.905556 0.001000 0.005000
869 2.183661 35.298096 0.001000 0.005000
870 1.544081 93.695854 0.001000 0.005000
871 1.464844 41.173737 0.001000 0.005000
872 1.381068 52.945808 0.001000 0.005000
873 2.583742 112.113869 0.001000 0.005000
874 4.528138 96.728363 0.001000 0.005000
875 0.690534 92.065598 0.001000 0.005000
876 0.976562 69.720963 0.001000 0.005000
877 1.464844 47.362068 0.001000 0.005000
878 1.953125 114.155182 0.001000 0.005000
879 0.976562 22.249435 0.001000 0.005000
880 1.291871 23.532915 0.001000 0.005000
881 0.845728 67.266205 0.001000 0.005000
882 0.976562 22.083227 0.001000 0.005000
883 1.544081 23.941469 0.001000 0.005000
884 4.143207 35.749393 0.001000 0.005000
885 0.690534 32.784798 0.001000 0.005000
886 1.091830 9.514722 0.001000 0.005000
887 1.091830 13.233778 0.001000 0.005000
888 1.196040 8.808162 0.001000 0.005000
889 0.488281 28.200787 0.001000 0.005000
890 1.619446 62.280514 0.001000 0.005000
891 1.196040 5.793363 0.001000 0.005000
892 0.976562 11.427494 0.001000 0.005000
893 0.845728 22.647024 0.001000 0.005000
894 0.690534 6.754272 0.001000 0.005000
895 2.013236 18.937460 0.001000 0.005000
896 0.690534 9.729340 0.001000 0.005000
897 1.196040 17.329306 0.001000 0.005000
898 0.976562 8.969728 0.001000 0.005000
899 1.826981 24.793276 0.001000 0.005000
900 0.000000 22.806248 0.001000 0.005000
901 0.976562 9.536596 0.001000 0.005000
902 0.488281 7.055645 0.001000 0.005000
903 0.690534 19.200487 0.001000 0.005000
904 1.091830 13.337850 0.001000 0.005000
905 0.845728 13.287241 0.001000 0.005000
906 1.091830 16.535965 0.001000 0.005000
907 0.690534 5.881312 0.001000 0.005000
908 0.976562 17.471228 0.001000 0.005000
909 1.544081 17.481421 0.001000 0.005000
910 0.690534 9.274220 0.001000 0.005000
911 0.690534 12.932275 0.001000 0.005000
912 1.544081 12.841598 0.001000 0.005000
913 1.953125 14.330183 0.001000 0.005000
914 0.690534 21.567511 0.001000 0.005000
915 1.619446 20.928640 0.001000 0.005000
916 2.718636 17.860031 0.001000 0.005000
917 0.000000 13.642827 0.001000 0.005000
918 1.826981 17.625732 0.001000 0.005000
919 1.381068 4.260283 0.001000 0.005000
920 0.000000 24.707626 0.001000 0.005000
921 1.381068 12.404358 0.001000 0.005000
922 1.691456 9.341099 0.001000 0.005000
923 1.291871 7.201458 0.001000 0.005000
924 0.845728 27.673555 0.001000 0.005000
925 0.845728 11.913033 0.001000 0.005000
926 0.488281 10.612751 0.001000 0.005000
927 0.976562 17.373539 0.001000 0.005000
928 0.488281 13.777742 0.001000 0.005000
929 0.488281 3.262128 0.001000 0.005000
930 0.690534 14.787097 0.001000 0.005000
931 1.691456 16.557247 0.001000 0.005000
932 1.891105 13.781508 0.001000 0.005000
933 0.845728 20.922359 0.001000 0.005000
934 0.690534 12.042868 0.001000 0.005000
935 0.690534 15.998284 0.001000 0.005000
936 0.000000 10.081992 0.001000 0.005000
937 0.845728 15.384210 0.001000 0.005000
938 0.976562 11.569023 0.001000 0.005000
939 1.091830 5.802823 0.001000 0.005000
940 0.845728 27.510229 0.001000 0.005000
941 1.826981 16.327106 0.001000 0.005000
942 1.091830 22.066870 0.001000 0.005000
943 0.976562 15.512573 0.001000 0.005000
944 1.091830 24.894077 0.001000 0.005000
945 1.091830 25.440790 0.001000 0.005000
946 0.690534 27.031836 0.001000 0.005000
947 1.091830 15.127186 0.001000 0.005000
948 1.091830 19.860483 0.001000 0.005000
949 2.183661 15.763235 0.001000 0.005000
950 1.544081 17.197077 0.001000 0.005000
951 1.691456 14.924668 0.001000 0.005000
952 0.690534 19.198895 0.001000 0.005000
953 0.690534 17.379660 0.001000 0.005000
954 0.690534 12.090302 0.001000 0.005000
955 0.690534 5.569327 0.001000 0.005000
956 1.091830 13.602856 0.001000 0.005000
957 1.544081 16.667053 0.001000 0.005000
958 0.488281 5.489823 0.001000 0.005000
959 0.488281 16.898651 0.001000 0.005000
960 0.690534 15.784593 0.001000 0.005000
961 0.690534 3.960014 0.001000 0.005000
962 0.976562 7.186667 0.001000 0.005000
963 0.488281 13.372994 0.001000 0.005000
964 0.000000 12.723758 0.001000 0.005000
965 0.690534 14.771804 0.001000 0.005000
966 0.000000 9.780035 0.001000 0.005000
967 0.690534 4.829513 0.001000 0.005000
968 0.000000 11.724580 0.001000 0.005000
969 0.000000 11.156785 0.001000 0.005000
970 0.488281 13.053488 0.001000 0.005000
971 0.488281 14.324344 0.001000 0.005000
972 0.000000 7.291976 0.001000 0.005000
973 0.000000 10.964587 0.001000 0.005000
974 0.000000 9.382313 0.001000 0.005000
975 0.488281 9.967878 0.001000 0.005000
976 0.845728 12.830351 0.001000 0.005000
977 0.000000 9.311333 0.001000 0.005000
978 0.488281 13.315592 0.001000 0.005000
979 0.690534 15.697451 0.001000 0.005000
980 0.690534 15.855062 0.001000 0.005000
981 0.488281 21.093182 0.001000 0.005000
982 0.488281 17.461086 0.001000 0.005000
983 0.000000 10.640213 0.001000 0.005000
984 0.000000 6.653214 0.001000 0.005000
985 0.488281 4.774059 0.001000 0.005000
986 0.488281 3.202901 0.001000 0.005000
987 0.000000 13.481088 0.001000 0.005000
988 0.690534 11.553699 0.001000 0.005000
989 0.690534 7.227252 0.001000 0.005000
990 0.690534 5.972711 0.001000 0.005000
991 0.690534 6.197499 0.001000 0.005000
992 0.000000 14.626871 0.001000 0.005000
993 0.690534 10.054792 0.001000 0.005000
994 0.690534 17.376131 0.001000 0.005000
995 0.690534 15.043648 0.001000 0.005000
996 0.000000 9.445248 0.001000 0.005000
997 0.845728 19.813978 0.001000 0.005000
998 0.000000 11.869477 0.001000 0.005000
999 0.690534 3.989321 0.001000 0.005000
1000 0.690534 12.716340 0.001000 0.005000
1001 0.690534 10.374760 0.001000 0.005000
1002 0.690534 6.629207 0.001000 0.005000
1003 0.690534 6.664901 0.001000 0.005000
1004 0.845728 7.657070 0.001000 0.005000
1005 0.690534 8.780674 0.001000 0.005000
1006 0.976562 19.947315 0.001000 0.005000
1007 0.488281 15.663908 0.001000 0.005000
1008 0.690534 19.691826 0.001000 0.005000
1009 0.690534 12.296987 0.001000 0.005000
1010 0.000000 27.123547 0.001000 0.005000
1011 0.976562 18.406712 0.001000 0.005000
1012 1.291871 17.930458 0.001000 0.005000
1013 0.000000 15.519315 0.001000 0.005000
1014 0.488281 19.679001 0.001000 0.005000
1015 0.488281 21.606846 0.001000 0.005000
1016 0.976562 23.773281 0.001000 0.005000
1017 0.488281 15.724568 0.001000 0.005000
1018 0.488281 20.168972 0.001000 0.005000
1019 1.196040 21.507738 0.001000 0.005000
1020 1.196040 16.520563 0.001000 0.005000
1021 0.976562 14.212428 0.001000 0.005000
1022 0.488281 11.849190 0.001000 0.005000
1023 0.000000 11.696646 0.001000 0.005000
1024 0.976562 9.820600 0.001000 0.005000
1025 0.000000 8.262732 0.001000 0.005000
1026 0.976562 8.625863 0.001000 0.005000
1027 0.976562 6.913300 0.001000 0.005000
1028 1.196040 4.705325 0.001000 0.005000
1029 2.183661 9.704995 0.001000 0.005000
1030 2.128369 12.013050 0.001000 0.005000
1031 0.976562 24.559786 0.001000 0.005000
1032 1.619446 13.839405 0.001000 0.005000
1033 1.826981 6.616033 0.001000 0.005000
1034 0.845728 19.883371 0.001000 0.005000
1035 0.488281 11.549829 0.001000 0.005000
1036 0.690534 42.843685 0.001000 0.005000
1037 0.976562 28.182995 0.001000 0.005000
1038 0.690534 18.243723 0.001000 0.005000
1039 0.488281 7.577117 0.001000 0.005000
1040 0.488281 17.367048 0.001000 0.005000
1041 0.690534 6.951484 0.001000 0.005000
1042 0.488281 8.894118 0.001000 0.005000
1043 0.690534 6.495464 0.001000 0.005000
1044 1.196040 7.931750 0.001000 0.005000
1045 2.489756 11.709378 0.001000 0.005000
1046 1.291871 11.769606 0.001000 0.005000
1047 0.976562 7.031560 0.001000 0.005000
1048 1.691456 14.487544 0.001000 0.005000
1049 1.891105 12.907447 0.001000 0.005000
1050 0.488281 10.240646 0.001000 0.005000
1051 0.690534 1.210584 0.001000 0.005000
1052 0.690534 4.286026 0.001000 0.005000
1053 0.488281 6.124693 0.001000 0.005000
1054 0.488281 9.404687 0.001000 0.005000
1055 0.690534 8.213017 0.001000 0.005000
1056 0.690534 7.154264 0.001000 0.005000
1057 0.000000 3.146577 0.001000 0.005000
1058 0.976562 8.150794 0.001000 0.005000
1059 0.976562 11.292038 0.001000 0.005000
1060 0.000000 5.502659 0.001000 0.005000
1061 0.845728 6.158119 0.001000 0.005000
1062 0.690534 10.721138 0.001000 0.005000
1063 0.976562 7.294453 0.001000 0.005000
1064 1.544081 3.750224 0.001000 0.005000
1065 1.196040 8.705300 0.001000 0.005000
1066 1.953125 6.485750 0.001000 0.005000
1067 3.382913 7.859353 0.001000 0.005000
1068 2.804963 15.693710 0.001000 0.005000
1069 2.290242 35.268700 0.001000 0.005000
1070 3.009969 8.959393 0.001000 0.005000
1071 1.381068 5.253350 0.001000 0.005000
1072 1.381068 4.963857 0.001000 0.005000
1073 0.488281 8.651780 0.001000 0.005000
1074 0.976562 10.985535 0.001000 0.005000
1075 1.760523 4.026042 0.001000 0.005000
1076 0.976562 2.654585 0.001000 0.005000
1077 0.845728 8.650614 0.001000 0.005000
1078 0.976562 12.931946 0.001000 0.005000
1079 1.619446 8.495970 0.001000 0.005000
1080 0.000000 12.007358 0.001000 0.005000
1081 0.000000 14.080633 0.001000 0.005000
1082 0.976562 6.025881 0.001000 0.005000
1083 0.690534 9.728491 0.001000 0.005000
1084 0.488281 13.615608 0.001000 0.005000
1085 1.381068 10.163239 0.001000 0.005000
1086 0.690534 16.313461 0.001000 0.005000
1087 1.691456 9.979909 0.001000 0.005000
1088 0.000000 10.568572 0.001000 0.005000
1089 1.291871 16.072033 0.001000 0.005000
1090 1.196040 5.414745 0.001000 0.005000
1091 0.488281 9.685718 0.001000 0.005000
1092 1.091830 3.228213 0.001000 0.005000
1093 0.690534 9.960932 0.001000 0.005000
1094 0.976562 10.004759 0.001000 0.005000
1095 0.690534 7.203018 0.001000 0.005000
1096 1.544081 3.587729 0.001000 0.005000
1097 1.091830 6.757202 0.001000 0.005000
1098 1.196040 10.369543 0.001000 0.005000
1099 0.690534 10.795176 0.001000 0.005000
1100 0.690534 9.907762 0.001000 0.005000
1101 0.690534 7.968738 0.001000 0.005000
1102 0.845728 14.418346 0.001000 0.005000
1103 0.845728 10.869845 0.001000 0.005000
1104 0.488281 17.129795 0.001000 0.005000
1105 0.690534 6.900790 0.001000 0.005000
1106 0.000000 14.014689 0.001000 0.005000
1107 0.488281 7.566605 0.001000 0.005000
1108 0.690534 2.749672 0.001000 0.005000
1109 0.690534 0.853732 0.001000 0.005000
1110 0.488281 4.054873 0.001000 0.005000
1111 0.000000 4.598021 0.001000 0.005000
1112 0.488281 9.531046 0.001000 0.005000
1113 0.976562 13.936069 0.001000 0.005000
1114 0.488281 19.129704 0.001000 0.005000
1115 0.000000 16.438175 0.001000 0.005000
1116 0.000000 20.316906 0.001000 0.005000
1117 0.488281 14.200953 0.001000 0.005000
1118 0.690534 13.582531 0.001000 0.005000
1119 0.845728 18.117378 0.001000 0.005000
1120 0.976562 7.758258 0.001000 0.005000
1121 0.976562 14.837685 0.001000 0.005000
1122 0.690534 8.344797 0.001000 0.005000
1123 0.845728 8.481094 0.001000 0.005000
1124 0.690534 8.924568 0.001000 0.005000
1125 0.488281 3.296501 0.001000 0.005000
1126 0.976562 9.801712 0.001000 0.005000
1127 0.690534 13.937478 0.001000 0.005000
1128 0.976562 10.249434 0.001000 0.005000
1129 0.845728 5.691427 0.001000 0.005000
1130 0.000000 5.037556 0.001000 0.005000
1131 0.976562 9.491753 0.001000 0.005000
1132 0.976562 7.723525 0.001000 0.005000
1133 0.690534 4.994086 0.001000 0.005000
1134 0.976562 7.881157 0.001000 0.005000
1135 0.000000 6.892647 0.001000 0.005000
1136 0.000000 5.727816 0.001000 0.005000
1137 0.690534 8.811920 0.001000 0.005000
1138 1.291871 9.706188 0.001000 0.005000
1139 0.690534 5.365323 0.001000 0.005000
1140 0.488281 4.706934 0.001000 0.005000
1141 0.488281 14.024315 0.001000 0.005000
1142 0.000000 1.214497 0.001000 0.005000
1143 0.000000 1.155323 0.001000 0.005000
1144 0.488281 6.251302 0.001000 0.005000
1145 0.000000 2.058304 0.001000 0.005000
1146 0.000000 8.094958 0.001000 0.005000
1147 0.000000 3.775486 0.001000 0.005000
1148 0.000000 3.804118 0.001000 0.005000
1149 0.690534 7.982753 0.001000 0.005000
1150 0.000000 3.354700 0.001000 0.005000
1151 0.000000 3.860879 0.001000 0.005000
1152 0.000000 3.379736 0.001000 0.005000
1153 0.690534 2.802781 0.001000 0.005000
1154 0.000000 9.479264 0.001000 0.005000
1155 0.000000 2.600875 0.001000 0.005000
1156 0.000000 4.401791 0.001000 0.005000
1157 0.000000 3.782499 0.001000 0.005000
1158 0.000000 7.146656 0.001000 0.005000
1159 0.000000 1.084273 0.001000 0.005000
1160 0.690534 5.669388 0.001000 0.005000
1161 0.000000 5.410386 0.001000 0.005000
1162 0.000000 7.859457 0.001000 0.005000
1163 0.488281 13.960884 0.001000 0.005000
1164 0.976562 5.634644 0.001000 0.005000
1165 0.000000 18.851521 0.001000 0.005000
1166 0.488281 13.747236 0.001000 0.005000
1167 0.000000 11.659295 0.001000 0.005000
1168 0.690534 4.130679 0.001000 0.005000
1169 0.488281 4.736979 0.001000 0.005000
1170 0.000000 7.644904 0.001000 0.005000
1171 0.488281 5.871512 0.001000 0.005000
1172 0.000000 2.463930 0.001000 0.005000
1173 0.690534 3.360696 0.001000 0.005000
1174 0.000000 7.777009 0.001000 0.005000
1175 0.000000 2.659642 0.001000 0.005000
1176 0.000000 4.956388 0.001000 0.005000
1177 0.690534 7.228791 0.001000 0.005000
1178 0.000000 7.000892 0.001000 0.005000
1179 0.000000 5.935362 0.001000 0.005000
1180 0.488281 11.855730 0.001000 0.005000
1181 0.000000 9.771864 0.001000 0.005000
1182 0.488281 6.655655 0.001000 0.005000
1183 0.000000 7.874362 0.001000 0.005000
1184 0.488281 4.615382 0.001000 0.005000
1185 0.488281 13.798797 0.001000 0.005000
1186 0.690534 4.760735 0.001000 0.005000
1187 0.488281 5.874707 0.001000 0.005000
1188 0.488281 5.891370 0.001000 0.005000
1189 0.000000 8.390764 0.001000 0.005000
1190 0.488281 9.995869 0.001000 0.005000
1191 0.000000 4.677361 0.001000 0.005000
1192 0.000000 9.734503 0.001000 0.005000
1193 0.000000 11.689240 0.001000 0.005000
1194 0.690534 3.482873 0.001000 0.005000
1195 0.488281 10.610930 0.001000 0.005000
1196 0.000000 13.102275 0.001000 0.005000
1197 0.690534 8.545181 0.001000 0.005000
1198 0.690534 10.347570 0.001000 0.005000
1199 0.488281 12.015243 0.001000 0.005000
