0.000000000e+00 0.000000000e+00 0.000000000e+00 0.000000000e+00 0.000000000e+00 0.000000000e+00 1.000000000e+00
1.315198350e+00 4.427930508e-03 1.563599332e-02 5.425252330e-04 2.279596405e-04 2.085398310e-04 9.999998051e-01
2.629618569e+00 7.973159127e-03 3.780730043e-02 1.177761681e-03 -1.668203235e-04 4.010055189e-04 9.999992121e-01
3.942998887e+00 1.969205452e-02 5.799326188e-02 1.235244172e-03 -1.218686798e-04 2.591958885e-04 9.999991961e-01
5.268506424e+00 2.337087740e-02 6.992539448e-02 1.380475079e-03 2.552034842e-04 3.047018642e-04 9.999989682e-01
6.598491602e+00 2.533872079e-02 9.160741168e-02 1.967631596e-03 9.085342231e-04 3.455011053e-04 9.999975918e-01
7.933256410e+00 3.607509798e-02 1.085776212e-01 2.052389272e-03 1.235286640e-03 4.448206770e-04 9.999970319e-01
9.263393098e+00 4.859786320e-02 1.293008469e-01 1.648808361e-03 5.900412065e-04 6.129018201e-04 9.999982788e-01
1.059938780e+01 5.767306440e-02 1.498892272e-01 4.994602964e-04 -2.875696669e-04 7.381812472e-04 9.999995615e-01
1.194035208e+01 7.692517357e-02 1.724517559e-01 -1.269577881e-03 -8.014092148e-04 7.017310137e-04 9.999986267e-01
1.327902879e+01 9.267592553e-02 1.867483212e-01 -2.786687233e-03 -9.009152974e-04 6.682880315e-04 9.999954880e-01
1.462464968e+01 1.005188682e-01 2.047107785e-01 -3.349802644e-03 -4.698822761e-04 6.592202832e-04 9.999940617e-01
1.597718426e+01 1.022775957e-01 2.152132740e-01 -2.492322124e-03 6.031906532e-04 4.841792026e-04 9.999965950e-01
1.733098158e+01 1.041966619e-01 2.277645812e-01 -4.840653509e-04 1.550408693e-03 4.585090563e-04 9.999985758e-01
1.868720695e+01 1.061121283e-01 2.528907586e-01 1.042939308e-03 9.376740648e-04 6.426940093e-04 9.999988100e-01
2.003503902e+01 1.097797090e-01 2.656362477e-01 1.427627393e-03 -1.999441840e-04 6.781831137e-04 9.999987310e-01
2.139694906e+01 1.210029077e-01 3.112315404e-01 2.133806015e-04 -5.035349095e-04 4.822756957e-04 9.999997342e-01
2.275770181e+01 1.335952305e-01 3.131723148e-01 -1.125273591e-03 1.259724628e-04 1.749663546e-04 9.999993436e-01
2.413732545e+01 1.453427710e-01 3.278364367e-01 -1.769929167e-03 1.966233111e-03 -1.608602390e-04 9.999964877e-01
2.551262997e+01 1.408657279e-01 3.211052556e-01 -2.377105278e-04 2.494582577e-03 -2.521490867e-04 9.999968285e-01
2.688194176e+01 1.452667058e-01 3.444912318e-01 1.474973766e-03 2.128856250e-03 -8.698334837e-05 9.999966424e-01
2.824082622e+01 1.511145722e-01 3.497760128e-01 2.070100658e-03 9.938225928e-04 -6.998891142e-05 9.999973610e-01
2.962601392e+01 1.574085290e-01 3.847812686e-01 1.947741433e-03 1.707194360e-04 -4.178829269e-04 9.999980013e-01
3.100250660e+01 1.729317594e-01 3.969970076e-01 5.421514031e-04 -4.185690290e-04 -6.263656909e-04 9.999995693e-01
3.237754974e+01 1.844986332e-01 4.203708973e-01 -2.041375091e-04 -1.190211407e-03 -8.599178108e-04 9.999989011e-01
3.376457832e+01 1.894880022e-01 4.358905372e-01 -8.316415611e-04 -1.220969927e-03 -8.247226001e-04 9.999985687e-01
3.516053059e+01 1.888160616e-01 4.643437568e-01 -8.863519235e-04 -5.806891506e-04 -7.487658115e-04 9.999991583e-01
3.655695447e+01 1.958609653e-01 4.808005468e-01 -1.379743745e-03 2.521777840e-04 -5.679372092e-04 9.999988551e-01
3.793826027e+01 2.052605023e-01 5.004410359e-01 -2.360035023e-03 5.633909389e-04 -4.407302863e-04 9.999969593e-01
3.934273310e+01 2.089724773e-01 5.172615406e-01 -3.499295608e-03 4.960011472e-04 -5.649707193e-04 9.999935948e-01
4.074000206e+01 2.207827899e-01 5.331856663e-01 -4.799443509e-03 6.490334088e-04 -5.673706347e-04 9.999881110e-01
4.214551440e+01 2.249509313e-01 5.459358233e-01 -5.340298696e-03 6.898299659e-04 -5.019639130e-04 9.999853766e-01
4.354549982e+01 2.332376267e-01 5.636906166e-01 -5.014057907e-03 6.557903148e-04 -2.606675976e-04 9.999871805e-01
4.495774317e+01 2.377874771e-01 5.830704989e-01 -4.542121777e-03 4.546114489e-04 1.768437199e-04 9.999895655e-01
4.636643197e+01 2.465697574e-01 6.021549822e-01 -4.440373452e-03 6.256385674e-04 4.966488715e-04 9.999898224e-01
4.777989628e+01 2.512674437e-01 6.212235561e-01 -4.630857311e-03 1.094691762e-03 9.872574825e-04 9.999881910e-01
4.918859977e+01 2.632118375e-01 6.412673958e-01 -4.839047069e-03 1.217538178e-03 1.511785426e-03 9.999864078e-01
5.060725131e+01 2.686452794e-01 6.561690049e-01 -5.107616475e-03 1.271043700e-03 2.169157470e-03 9.999837956e-01
5.202808049e+01 2.775047048e-01 6.722352673e-01 -5.072650532e-03 1.775844825e-03 2.697628719e-03 9.999819185e-01
5.344758292e+01 2.860397704e-01 6.861429407e-01 -4.689860249e-03 2.218241924e-03 3.151843984e-03 9.999815751e-01
5.486123428e+01 3.015963492e-01 7.006694257e-01 -3.561734907e-03 2.367195868e-03 3.400267366e-03 9.999850742e-01
5.627707358e+01 3.148175061e-01 7.123651020e-01 -2.612604375e-03 2.279697155e-03 3.688437656e-03 9.999871863e-01
5.771422850e+01 3.267542472e-01 7.320552473e-01 -2.295079037e-03 2.468137677e-03 3.751810651e-03 9.999872823e-01
5.913147694e+01 3.365680438e-01 7.503138276e-01 -1.841362599e-03 2.741782621e-03 3.602334927e-03 9.999880575e-01
6.055658598e+01 3.538570546e-01 7.624551363e-01 -9.060519716e-04 3.140837406e-03 3.491272694e-03 9.999885625e-01
6.196853743e+01 3.630433284e-01 7.765687054e-01 2.191279645e-04 3.010914016e-03 3.252380515e-03 9.999901542e-01
6.338325727e+01 3.741734817e-01 7.893621572e-01 7.189774769e-04 2.762002164e-03 3.019267272e-03 9.999913692e-01
6.480185966e+01 3.875098890e-01 8.105093642e-01 1.006693414e-03 2.718018136e-03 2.745245295e-03 9.999920313e-01
6.621184409e+01 4.059933976e-01 8.287559254e-01 -3.331925581e-05 2.744031628e-03 2.394730446e-03 9.999933672e-01
6.764702940e+01 4.181684552e-01 8.444056538e-01 -1.589692543e-03 3.282162374e-03 2.275873354e-03 9.999907603e-01
6.906182288e+01 4.411620426e-01 8.540036993e-01 -3.053869178e-03 3.980344845e-03 1.903749981e-03 9.999856031e-01
7.047362369e+01 4.564565050e-01 8.717525495e-01 -4.771548242e-03 4.421758305e-03 1.459042042e-03 9.999777755e-01
7.188563921e+01 4.724429250e-01 8.811492281e-01 -6.816407668e-03 4.307976985e-03 1.162718543e-03 9.999668125e-01
7.328173872e+01 4.916812941e-01 8.912688326e-01 -8.505616749e-03 4.055373058e-03 7.521349668e-04 9.999553204e-01
7.467121889e+01 5.035111491e-01 9.021839645e-01 -9.777919051e-03 3.969196473e-03 4.817960438e-04 9.999442013e-01
7.607037467e+01 5.134288114e-01 9.095135199e-01 -9.873027606e-03 4.103621314e-03 3.345390870e-04 9.999427842e-01
7.746451122e+01 5.178523766e-01 9.184293405e-01 -9.204922837e-03 4.072535322e-03 2.868254111e-04 9.999492995e-01
7.885614528e+01 5.313480502e-01 9.291288168e-01 -8.452301585e-03 3.678683630e-03 3.072399069e-04 9.999574648e-01
8.025946427e+01 5.314972202e-01 9.466234652e-01 -8.556511765e-03 3.683228077e-03 5.620019714e-04 9.999564511e-01
8.165774035e+01 5.419497844e-01 9.583693632e-01 -8.350666448e-03 3.768000411e-03 7.005020228e-04 9.999577880e-01
8.303092141e+01 5.571330509e-01 9.706331253e-01 -7.936009540e-03 3.708414590e-03 8.445208617e-04 9.999612763e-01
8.440899493e+01 5.656453650e-01 9.823579217e-01 -8.289062829e-03 3.798819920e-03 1.314008767e-03 9.999575660e-01
8.579874408e+01 5.775296077e-01 9.876123200e-01 -7.434222400e-03 4.162779805e-03 1.723922670e-03 9.999622151e-01
8.716336353e+01 5.818349962e-01 9.992329644e-01 -6.781116821e-03 4.695782582e-03 2.294403634e-03 9.999633502e-01
8.853968761e+01 5.947791642e-01 1.007302443e+00 -5.675067841e-03 5.042770620e-03 2.932108811e-03 9.999668829e-01
8.990549273e+01 6.027554053e-01 1.015891457e+00 -4.564793380e-03 5.058546301e-03 3.435692297e-03 9.999708845e-01
9.126645997e+01 6.154370556e-01 1.029400123e+00 -3.761858980e-03 4.974374190e-03 3.664337153e-03 9.999738380e-01
9.262513958e+01 6.329765562e-01 1.036803154e+00 -3.023676920e-03 4.813257375e-03 3.825940356e-03 9.999765258e-01
9.399124451e+01 6.529237105e-01 1.047913486e+00 -3.281675650e-03 4.618507109e-03 3.946280354e-03 9.999761632e-01
9.535547696e+01 6.657356893e-01 1.055068964e+00 -3.166691265e-03 4.395489080e-03 3.944235238e-03 9.999775471e-01
9.670114824e+01 6.775794625e-01 1.068145180e+00 -3.416910541e-03 4.136962671e-03 3.902098333e-03 9.999779917e-01
9.806055098e+01 6.993068365e-01 1.075770753e+00 -4.289496527e-03 4.327059710e-03 3.765142831e-03 9.999743499e-01
9.942874165e+01 7.194131701e-01 1.089877578e+00 -4.873230631e-03 4.937465074e-03 3.701703041e-03 9.999690848e-01
1.007739491e+02 7.352053807e-01 1.094746290e+00 -5.107476231e-03 5.587714942e-03 3.688404976e-03 9.999645428e-01
1.021348660e+02 7.495177926e-01 1.109444339e+00 -4.744815101e-03 5.173694367e-03 3.636495673e-03 9.999687473e-01
1.034825600e+02 7.644154740e-01 1.115388423e+00 -4.831639103e-03 4.107626793e-03 3.657982096e-03 9.999732006e-01
1.048125907e+02 7.740181768e-01 1.123000665e+00 -4.410741729e-03 3.472810637e-03 3.670300436e-03 9.999775067e-01
1.061447765e+02 7.871741287e-01 1.131298882e+00 -3.808022324e-03 3.968701857e-03 3.587034862e-03 9.999784405e-01
1.074923264e+02 8.043902965e-01 1.135409478e+00 -2.652967485e-03 4.883583414e-03 3.414918739e-03 9.999787251e-01
1.088455874e+02 8.123170794e-01 1.150478268e+00 -1.471392460e-03 5.422786848e-03 3.110578754e-03 9.999793761e-01
1.101809131e+02 8.175164323e-01 1.161522686e+00 -9.445205397e-04 4.941971187e-03 2.641410238e-03 9.999838537e-01
1.115121370e+02 8.388223350e-01 1.172463996e+00 -1.820267580e-03 3.943348863e-03 2.315069323e-03 9.999878885e-01
1.128469613e+02 8.505639094e-01 1.183924953e+00 -3.026507462e-03 3.085008641e-03 1.716670629e-03 9.999891879e-01
1.141798381e+02 8.641530594e-01 1.196828330e+00 -4.770304125e-03 2.944359301e-03 1.053488446e-03 9.999837324e-01
1.155237108e+02 8.798954722e-01 1.201434349e+00 -5.697583154e-03 3.794531143e-03 3.192729577e-04 9.999765183e-01
1.168756425e+02 8.870982699e-01 1.207341761e+00 -5.426163267e-03 4.885537144e-03 -1.439859192e-04 9.999733334e-01
1.182086500e+02 8.884032656e-01 1.216044303e+00 -4.830323141e-03 5.270860401e-03 -5.410453523e-04 9.999742963e-01
1.195447883e+02 8.979678693e-01 1.223846260e+00 -4.981614575e-03 5.093876638e-03 -1.005441724e-03 9.999741122e-01
1.208864831e+02 9.038929892e-01 1.231735168e+00 -5.969207102e-03 4.940142830e-03 -1.552286787e-03 9.999687765e-01
1.222326447e+02 9.100341613e-01 1.235458350e+00 -6.892326222e-03 4.761188017e-03 -2.162550132e-03 9.999625745e-01
1.235717707e+02 9.131421556e-01 1.242127119e+00 -7.169245224e-03 4.379698012e-03 -2.766847599e-03 9.999608816e-01
1.249138799e+02 9.179801483e-01 1.250100285e+00 -7.868930728e-03 3.939977645e-03 -3.258062122e-03 9.999559698e-01
1.262618346e+02 9.122687446e-01 1.258297352e+00 -8.032681415e-03 3.875504907e-03 -3.728670090e-03 9.999532757e-01
1.276079092e+02 9.077914160e-01 1.266173782e+00 -7.637314435e-03 4.285388659e-03 -4.162884175e-03 9.999529875e-01
1.289403224e+02 9.052141558e-01 1.273720222e+00 -7.427391167e-03 4.702144513e-03 -4.498015873e-03 9.999512446e-01
1.302954983e+02 8.989901419e-01 1.280663136e+00 -6.412134901e-03 4.892081543e-03 -4.665202766e-03 9.999565930e-01
1.316546654e+02 8.932855931e-01 1.287613317e+00 -5.741346476e-03 5.034616363e-03 -4.663065317e-03 9.999599719e-01
1.329920237e+02 8.860838215e-01 1.292013180e+00 -4.780493548e-03 5.311625643e-03 -4.516649938e-03 9.999642661e-01
1.343376517e+02 8.781090166e-01 1.301154728e+00 -4.137522439e-03 5.298693051e-03 -4.296767268e-03 9.999681708e-01
1.356834431e+02 8.711859896e-01 1.309606884e+00 -3.863021368e-03 5.337584262e-03 -3.779898127e-03 9.999711494e-01
1.370329906e+02 8.671858695e-01 1.313618823e+00 -3.092572146e-03 5.710366554e-03 -3.191639734e-03 9.999738202e-01
1.383704110e+02 8.593446491e-01 1.316858532e+00 -1.992941937e-03 5.926996515e-03 -2.625187728e-03 9.999770034e-01
1.397258856e+02 8.575179263e-01 1.322448709e+00 -1.369261966e-03 5.888250912e-03 -2.000664404e-03 9.999797253e-01
1.410855639e+02 8.629553529e-01 1.328214656e+00 -1.347698135e-03 5.750570984e-03 -1.357468628e-03 9.999816358e-01
1.424383048e+02 8.635295268e-01 1.329079107e+00 -1.058279408e-03 5.391403247e-03 -8.194262584e-04 9.999845706e-01
1.437722896e+02 8.633862226e-01 1.340001563e+00 -6.198764325e-04 4.437432452e-03 -3.474729417e-04 9.999899021e-01
1.451001116e+02 8.612508935e-01 1.348024193e+00 1.441088999e-03 4.096166982e-03 9.967888987e-06 9.999905722e-01
1.464436916e+02 8.507848438e-01 1.348698620e+00 4.177172506e-03 5.081473226e-03 5.005461671e-04 9.999782394e-01
1.477795328e+02 8.415443714e-01 1.345761039e+00 9.179387891e-03 5.902427429e-03 1.299984272e-03 9.999396033e-01
1.491245103e+02 8.423671699e-01 1.361758861e+00 1.135369748e-02 4.915561217e-03 1.932104432e-03 9.999215958e-01
1.504558424e+02 8.395215438e-01 1.377634700e+00 1.121681469e-02 3.432305440e-03 1.860354483e-03 9.999294682e-01
1.517833089e+02 8.512126154e-01 1.389458632e+00 9.221881560e-03 2.273005767e-03 1.455347969e-03 9.999538351e-01
1.531274284e+02 8.668131666e-01 1.409213604e+00 7.816164066e-03 2.205521376e-03 9.932838867e-04 9.999665278e-01
1.544774077e+02 8.781785160e-01 1.419394008e+00 8.330174379e-03 3.477307576e-03 5.920552282e-04 9.999590822e-01
1.558199349e+02 8.689437374e-01 1.434138227e+00 1.104425571e-02 4.877505428e-03 3.191078334e-04 9.999270636e-01
1.571576458e+02 8.674718093e-01 1.433077793e+00 1.364268490e-02 5.742085050e-03 3.362008102e-04 9.998903903e-01
1.585009764e+02 8.667412477e-01 1.445227344e+00 1.488693601e-02 5.907775128e-03 3.014108515e-04 9.998716850e-01
1.598538361e+02 8.700692390e-01 1.449217523e+00 1.417957431e-02 6.285729870e-03 -4.116169409e-05 9.998797066e-01
1.611986727e+02 8.773074189e-01 1.448794350e+00 1.329224060e-02 6.067126220e-03 -5.979273207e-04 9.998930687e-01
1.625665400e+02 8.929899772e-01 1.450086716e+00 1.167902049e-02 5.094150805e-03 -1.034869354e-03 9.999182862e-01
1.639246805e+02 8.988087365e-01 1.454197775e+00 1.025429191e-02 4.751923528e-03 -1.399054564e-03 9.999351536e-01
1.652776576e+02 9.087374103e-01 1.447903426e+00 9.750550391e-03 5.187983762e-03 -1.558091091e-03 9.999377900e-01
1.666351419e+02 9.058031530e-01 1.452796216e+00 9.149007953e-03 5.205576503e-03 -1.539153004e-03 9.999434127e-01
1.680039683e+02 9.157546043e-01 1.459657100e+00 8.630641467e-03 4.229493753e-03 -1.269484705e-03 9.999530048e-01
1.693564160e+02 9.209863572e-01 1.466850214e+00 7.042072643e-03 2.999173441e-03 -1.018656732e-03 9.999701878e-01
1.707156117e+02 9.378982786e-01 1.482030386e+00 4.150219538e-03 2.379316229e-03 -9.104118232e-04 9.999881428e-01
1.720838072e+02 9.502253968e-01 1.492721864e+00 1.432230465e-03 2.716552014e-03 -9.396030816e-04 9.999948431e-01
1.734529306e+02 9.586591799e-01 1.502920508e+00 -6.455973547e-04 3.618503050e-03 -1.227559857e-03 9.999924913e-01
1.748371352e+02 9.703467488e-01 1.506652296e+00 -8.752977898e-04 4.598746650e-03 -1.214238804e-03 9.999883054e-01
1.762454211e+02 9.717397297e-01 1.510003306e+00 1.818233068e-04 5.198410784e-03 -8.702523681e-04 9.999860930e-01
1.776508689e+02 9.763688208e-01 1.513772703e+00 1.606069884e-03 5.311379726e-03 -1.369923422e-04 9.999845954e-01
1.790325471e+02 9.745107914e-01 1.528349011e+00 2.493048871e-03 3.770239105e-03 8.089467788e-04 9.999894577e-01
1.804192957e+02 9.919966326e-01 1.538842322e+00 1.294364865e-03 1.774288596e-03 1.614101939e-03 9.999962856e-01
1.818154396e+02 1.012030613e+00 1.549626567e+00 -9.183834544e-04 1.121280033e-03 2.041592327e-03 9.999968656e-01
1.832027246e+02 1.025449219e+00 1.563514418e+00 -3.274099677e-03 1.550340271e-03 2.219954927e-03 9.999909742e-01
1.846029768e+02 1.043192832e+00 1.568226622e+00 -4.466766701e-03 2.989582321e-03 2.220425458e-03 9.999830899e-01
1.860263648e+02 1.053118073e+00 1.576234796e+00 -4.773822646e-03 4.186034232e-03 2.012001044e-03 9.999778195e-01
1.874461780e+02 1.062765563e+00 1.580352548e+00 -4.386382575e-03 4.608332415e-03 1.958007361e-03 9.999778443e-01
1.888623287e+02 1.072851921e+00 1.584317187e+00 -3.394225945e-03 5.018606109e-03 1.973366887e-03 9.999796991e-01
1.902493937e+02 1.080039487e+00 1.589212175e+00 -2.021689303e-03 5.262052652e-03 1.948065903e-03 9.999822141e-01
1.916532534e+02 1.087884275e+00 1.593673463e+00 -6.171828398e-04 5.374394710e-03 1.822674640e-03 9.999837063e-01
1.930683620e+02 1.096582000e+00 1.592715174e+00 8.274919326e-04 5.746181211e-03 1.608426856e-03 9.999818546e-01
1.945044407e+02 1.099786732e+00 1.595762646e+00 2.703926043e-03 6.504259050e-03 1.448915830e-03 9.999741417e-01
1.959351661e+02 1.098831991e+00 1.597680326e+00 4.667116714e-03 6.683106066e-03 1.316436610e-03 9.999659100e-01
1.973648673e+02 1.108197565e+00 1.606765076e+00 4.665884905e-03 5.057740547e-03 1.249706486e-03 9.999755432e-01
1.988004743e+02 1.129269130e+00 1.620283683e+00 1.455631690e-03 2.670207788e-03 1.043542529e-03 9.999948311e-01
2.002521736e+02 1.144753072e+00 1.623238940e+00 -3.494324204e-03 2.341396998e-03 5.137684017e-04 9.999910218e-01
2.017042315e+02 1.173044541e+00 1.623565217e+00 -7.312450488e-03 3.848534731e-03 2.193377986e-06 9.999658578e-01
2.031524941e+02 1.187612761e+00 1.625218565e+00 -8.107848782e-03 4.971945676e-03 -4.707242691e-04 9.999546595e-01
2.045880215e+02 1.186876205e+00 1.622609817e+00 -7.349774666e-03 5.265361900e-03 -2.806589505e-04 9.999590882e-01
2.060407927e+02 1.189187586e+00 1.628240722e+00 -5.625158411e-03 5.314949634e-03 2.931725013e-04 9.999700110e-01
2.075033915e+02 1.192753614e+00 1.637759951e+00 -4.826281971e-03 5.210254598e-03 8.466167708e-04 9.999744214e-01
2.089698463e+02 1.199667956e+00 1.644281345e+00 -4.870589951e-03 4.910067097e-03 1.181549554e-03 9.999753860e-01
2.104256138e+02 1.213102409e+00 1.652115793e+00 -5.744475683e-03 4.984884235e-03 1.279818450e-03 9.999702566e-01
2.118835564e+02 1.222342710e+00 1.656878500e+00 -6.521006447e-03 5.327290584e-03 1.465839631e-03 9.999634732e-01
2.133557040e+02 1.229909674e+00 1.659320545e+00 -6.068181434e-03 5.329795698e-03 1.583742704e-03 9.999661305e-01
2.148240286e+02 1.244283915e+00 1.661422416e+00 -5.401256100e-03 4.946171244e-03 1.795328376e-03 9.999715689e-01
2.162996369e+02 1.254683146e+00 1.666427462e+00 -5.227459875e-03 4.697281178e-03 1.947279196e-03 9.999734083e-01
2.177684475e+02 1.261555497e+00 1.676362780e+00 -5.963895243e-03 4.766615113e-03 2.130950102e-03 9.999685847e-01
2.192485154e+02 1.268621895e+00 1.681187891e+00 -6.070076695e-03 4.675100514e-03 2.272745593e-03 9.999680656e-01
2.207383415e+02 1.281850799e+00 1.688593588e+00 -6.128846494e-03 4.571077001e-03 2.356699035e-03 9.999679937e-01
2.222099707e+02 1.295977037e+00 1.693363137e+00 -6.645142370e-03 4.428706131e-03 2.577531595e-03 9.999647919e-01
2.236875328e+02 1.305328071e+00 1.699514758e+00 -6.643882132e-03 4.443694400e-03 2.756335662e-03 9.999642569e-01
2.251775162e+02 1.326776520e+00 1.705462772e+00 -6.592975774e-03 4.475835360e-03 2.971759456e-03 9.999638335e-01
2.266659083e+02 1.347427140e+00 1.712016794e+00 -6.416451450e-03 4.535514291e-03 3.095286356e-03 9.999643381e-01
2.281600937e+02 1.355337173e+00 1.717462091e+00 -5.999804844e-03 4.595828378e-03 3.093691189e-03 9.999666543e-01
2.296570798e+02 1.367964757e+00 1.729489311e+00 -6.001730215e-03 4.667081215e-03 3.060585090e-03 9.999664146e-01
2.311499595e+02 1.380795698e+00 1.738259122e+00 -5.207576211e-03 4.982683054e-03 3.044598711e-03 9.999693918e-01
2.326374044e+02 1.396168422e+00 1.738961519e+00 -4.892031328e-03 5.265686465e-03 3.180333829e-03 9.999691125e-01
2.341358196e+02 1.412449945e+00 1.741913102e+00 -4.838113607e-03 5.243584112e-03 3.181082478e-03 9.999694886e-01
2.356346753e+02 1.427895366e+00 1.750074592e+00 -5.283585597e-03 5.066387818e-03 3.093317879e-03 9.999684229e-01
2.371498332e+02 1.447434075e+00 1.758150682e+00 -6.405015251e-03 5.358489790e-03 2.955233264e-03 9.999607637e-01
2.386626181e+02 1.472694448e+00 1.752382865e+00 -6.196851790e-03 6.340749471e-03 2.711515848e-03 9.999570199e-01
2.401793639e+02 1.481543297e+00 1.753348356e+00 -5.308038412e-03 6.663083593e-03 2.441943032e-03 9.999607317e-01
2.417055830e+02 1.496613071e+00 1.757592863e+00 -5.600441997e-03 6.126491147e-03 2.178893531e-03 9.999631761e-01
2.432176289e+02 1.512420248e+00 1.760904658e+00 -5.883504388e-03 5.439792257e-03 1.962697131e-03 9.999659698e-01
2.447269084e+02 1.524143462e+00 1.761061855e+00 -6.559119061e-03 5.558594000e-03 1.800168269e-03 9.999614189e-01
2.462497998e+02 1.537463180e+00 1.761597476e+00 -6.442023099e-03 6.138237519e-03 1.850708207e-03 9.999586978e-01
2.477753346e+02 1.548736452e+00 1.763666955e+00 -6.164473133e-03 6.509701102e-03 1.978929805e-03 9.999578526e-01
2.492991980e+02 1.560123653e+00 1.765081192e+00 -6.140647243e-03 6.633019719e-03 2.136581496e-03 9.999568643e-01
2.508367395e+02 1.576205982e+00 1.766084984e+00 -6.846904804e-03 6.795183001e-03 2.229614321e-03 9.999509859e-01
2.523806195e+02 1.590719316e+00 1.766460991e+00 -7.256600916e-03 6.940794762e-03 2.128118171e-03 9.999473177e-01
2.539300870e+02 1.604865235e+00 1.759997198e+00 -7.358122449e-03 6.962199862e-03 2.081401047e-03 9.999465254e-01
2.554806790e+02 1.620311538e+00 1.764729777e+00 -6.703091218e-03 7.102887561e-03 2.217580624e-03 9.999498487e-01
2.570318940e+02 1.626143078e+00 1.759405629e+00 -6.121250508e-03 7.463530929e-03 2.210866513e-03 9.999509678e-01
2.585626261e+02 1.638293510e+00 1.763104977e+00 -4.621896708e-03 7.987501851e-03 2.225806795e-03 9.999549408e-01
2.600851275e+02 1.644195141e+00 1.758564847e+00 -3.412928391e-03 7.738667662e-03 2.413586193e-03 9.999613190e-01
2.616161688e+02 1.660486504e+00 1.760455192e+00 -3.012410683e-03 7.323693945e-03 2.559344634e-03 9.999653687e-01
2.631452203e+02 1.667536497e+00 1.761878902e+00 -2.919717206e-03 8.037777349e-03 2.354518780e-03 9.999606620e-01
2.646796585e+02 1.671147924e+00 1.754823145e+00 -1.730959481e-03 8.964516859e-03 2.111546356e-03 9.999560903e-01
2.662205465e+02 1.688180560e+00 1.752895736e+00 -9.723234916e-04 8.958002622e-03 2.174018068e-03 9.999570403e-01
2.677509669e+02 1.694829111e+00 1.749754191e+00 -3.939413362e-04 8.485010913e-03 2.126879940e-03 9.999616622e-01
2.692981341e+02 1.715185340e+00 1.745081936e+00 -8.791557185e-04 8.398802628e-03 1.903025061e-03 9.999625321e-01
2.708427254e+02 1.726892771e+00 1.740526020e+00 -1.831414384e-03 8.470040473e-03 1.439361712e-03 9.999614155e-01
2.723840943e+02 1.744559011e+00 1.734093035e+00 -2.251893670e-03 8.397983414e-03 9.925160482e-04 9.999617081e-01
2.739230766e+02 1.758143262e+00 1.733798755e+00 -3.297032690e-03 8.408774264e-03 5.973590688e-04 9.999590318e-01
2.754751617e+02 1.778915162e+00 1.731718881e+00 -3.717543610e-03 8.295871435e-03 1.580014137e-04 9.999586659e-01
2.770140453e+02 1.783806928e+00 1.729509641e+00 -3.985035638e-03 8.086185146e-03 -1.721229636e-04 9.999593509e-01
2.785637812e+02 1.795031857e+00 1.724939299e+00 -3.457639859e-03 7.869790474e-03 -5.240796721e-04 9.999629175e-01
2.801115777e+02 1.798846347e+00 1.721844082e+00 -3.266197548e-03 8.027379979e-03 -9.369097928e-04 9.999620069e-01
2.816512087e+02 1.812185573e+00 1.717972833e+00 -2.923767055e-03 8.558170953e-03 -1.267881299e-03 9.999583000e-01
2.831803874e+02 1.807758353e+00 1.716283151e+00 -2.217036539e-03 8.774391690e-03 -1.437973440e-03 9.999580126e-01
2.847227406e+02 1.805814348e+00 1.717757660e+00 -1.324727191e-03 7.845256280e-03 -1.515835712e-03 9.999671991e-01
2.862612140e+02 1.805182408e+00 1.711440976e+00 -1.454489206e-03 6.818509066e-03 -1.469581676e-03 9.999746160e-01
2.878089256e+02 1.803403565e+00 1.710617540e+00 -1.793351221e-03 6.811536684e-03 -1.064307470e-03 9.999746267e-01
2.893631914e+02 1.808123426e+00 1.708265755e+00 -1.304524201e-03 6.752458065e-03 -6.832884922e-04 9.999761175e-01
2.909221141e+02 1.818520069e+00 1.711918681e+00 -9.724268636e-04 6.621485159e-03 -1.290215155e-04 9.999775966e-01
2.924845601e+02 1.825928066e+00 1.713952159e+00 -1.277405248e-03 6.493980574e-03 1.929277219e-04 9.999780794e-01
2.940497436e+02 1.834903700e+00 1.708109151e+00 -1.418365753e-03 6.601358991e-03 5.714370561e-04 9.999770416e-01
2.956014579e+02 1.835132380e+00 1.712511267e+00 -1.119135957e-03 6.774692229e-03 8.693885918e-04 9.999760473e-01
2.971679994e+02 1.841981202e+00 1.706814039e+00 -1.186977526e-03 7.414600235e-03 1.405342409e-03 9.999708195e-01
2.987486527e+02 1.860156104e+00 1.703864153e+00 -1.439394490e-03 8.252387958e-03 1.782621964e-03 9.999633236e-01
3.003310939e+02 1.871756431e+00 1.696979388e+00 -1.434185565e-03 8.294871329e-03 1.451852448e-03 9.999635145e-01
3.019248850e+02 1.883768042e+00 1.690903886e+00 -1.741955305e-03 8.296692559e-03 1.033247732e-03 9.999635308e-01
3.035106806e+02 1.894319909e+00 1.679981371e+00 -1.435691623e-03 8.245861965e-03 7.813485904e-04 9.999646664e-01
3.051071692e+02 1.900466704e+00 1.672922425e+00 -4.995298969e-04 7.829437534e-03 6.174393816e-04 9.999690341e-01
3.067091956e+02 1.902328052e+00 1.673894314e+00 3.458855518e-04 6.991115027e-03 4.714580114e-04 9.999753909e-01
3.083074910e+02 1.912570063e+00 1.667174303e+00 4.718964848e-04 6.489470978e-03 3.391825132e-04 9.999787743e-01
3.099213276e+02 1.932387731e+00 1.671650794e+00 1.337689386e-04 6.053247041e-03 1.132257555e-03 9.999810290e-01
3.115444897e+02 1.940222820e+00 1.669735065e+00 -4.610286537e-04 6.338660726e-03 2.323179299e-03 9.999771056e-01
3.131665581e+02 1.949180567e+00 1.662626002e+00 -1.253500989e-03 7.795484634e-03 2.650433776e-03 9.999653166e-01
3.148026485e+02 1.953920177e+00 1.656190684e+00 -5.101901081e-04 9.431966277e-03 2.567457009e-03 9.999520918e-01
3.164456186e+02 1.969042752e+00 1.645393640e+00 2.219357393e-05 9.931002033e-03 2.557073795e-03 9.999474167e-01
3.180776366e+02 1.979510777e+00 1.644329175e+00 6.139220009e-04 9.502465150e-03 2.414857725e-03 9.999517462e-01
3.197113761e+02 1.987989215e+00 1.631396196e+00 7.885133875e-04 9.408622457e-03 2.362866026e-03 9.999526353e-01
3.213473154e+02 2.007149551e+00 1.622309970e+00 8.412455499e-04 9.633478958e-03 2.166530701e-03 9.999508961e-01
3.229728888e+02 2.014152949e+00 1.620532466e+00 8.076951969e-04 9.687331616e-03 1.987818228e-03 9.999507747e-01
3.245897070e+02 2.031919296e+00 1.613596625e+00 2.437024554e-04 9.392206573e-03 1.737886623e-03 9.999543524e-01
3.262133835e+02 2.042171543e+00 1.605536625e+00 -1.624256351e-04 9.092760064e-03 1.473833704e-03 9.999575607e-01
3.278377574e+02 2.051666512e+00 1.594768455e+00 1.146033985e-04 9.857337308e-03 1.002801036e-03 9.999509059e-01
3.294645046e+02 2.058926454e+00 1.586838739e+00 7.646443860e-04 1.043247425e-02 9.649279390e-04 9.999448223e-01
3.310914880e+02 2.064023189e+00 1.582162737e+00 1.206773455e-03 1.002725250e-02 1.043852164e-03 9.999484528e-01
3.326961969e+02 2.074183801e+00 1.586899571e+00 8.086177521e-04 1.010180439e-02 1.042184168e-03 9.999481054e-01
3.343174137e+02 2.087816469e+00 1.565013429e+00 1.807298727e-04 9.262037237e-03 1.179205517e-03 9.999563948e-01
3.359262073e+02 2.097429980e+00 1.569572474e+00 -9.412876834e-04 8.021356600e-03 1.515984085e-03 9.999662362e-01
3.375382773e+02 2.110325367e+00 1.563815180e+00 -1.544970972e-03 8.186079020e-03 2.029325807e-03 9.999632408e-01
3.391626318e+02 2.122158886e+00 1.560620432e+00 -1.905029194e-03 9.642519995e-03 2.563375401e-03 9.999484096e-01
3.407720439e+02 2.141373956e+00 1.547913409e+00 -2.449046174e-03 1.103523697e-02 3.033418863e-03 9.999315097e-01
3.423834970e+02 2.158837013e+00 1.539210457e+00 -2.561176839e-03 1.081861511e-02 3.746080388e-03 9.999311800e-01
3.439921879e+02 2.179047185e+00 1.527094068e+00 -2.452284910e-03 1.022832183e-02 4.776468604e-03 9.999332743e-01
3.455984996e+02 2.199515218e+00 1.513566301e+00 -1.846868659e-03 1.060630559e-02 5.723800128e-03 9.999256640e-01
3.471980210e+02 2.217525426e+00 1.511589190e+00 -1.134023890e-03 1.114059433e-02 6.214125517e-03 9.999179895e-01
3.487837133e+02 2.244833513e+00 1.504974870e+00 -8.470210905e-04 1.085995113e-02 6.428780491e-03 9.999200042e-01
3.503834301e+02 2.269849997e+00 1.495333632e+00 -7.043450358e-04 1.050132585e-02 6.648400130e-03 9.999225094e-01
3.519830515e+02 2.295061644e+00 1.480499334e+00 -6.277013873e-04 1.043058866e-02 6.779143537e-03 9.999224230e-01
3.535828270e+02 2.318755162e+00 1.473014264e+00 -3.316482752e-04 1.042686650e-02 6.799181471e-03 9.999224678e-01
3.551896992e+02 2.344686698e+00 1.468119641e+00 9.238125444e-05 1.023765497e-02 6.825209563e-03 9.999242963e-01
3.567788024e+02 2.366612665e+00 1.464033761e+00 1.484313124e-04 9.967509328e-03 6.999722443e-03 9.999258126e-01
3.583639688e+02 2.398172562e+00 1.454893833e+00 2.729485171e-04 1.008423486e-02 6.994527126e-03 9.999246523e-01
3.599574700e+02 2.429929025e+00 1.442859144e+00 3.562644391e-04 9.695880714e-03 6.970740235e-03 9.999286333e-01
3.615555743e+02 2.457579924e+00 1.435903883e+00 7.592114584e-04 9.330603921e-03 6.927604315e-03 9.999321836e-01
3.631504958e+02 2.491141602e+00 1.422492917e+00 1.415037135e-03 9.802960028e-03 7.031749590e-03 9.999262243e-01
3.647402496e+02 2.515422113e+00 1.421003262e+00 2.538621939e-03 1.044137374e-02 7.085686884e-03 9.999171596e-01
3.663199549e+02 2.539421047e+00 1.415391264e+00 2.763042066e-03 1.023203443e-02 6.993564635e-03 9.999193773e-01
3.679122894e+02 2.565159306e+00 1.408094022e+00 2.066147524e-03 1.011079875e-02 6.912965617e-03 9.999228539e-01
3.695122238e+02 2.595571871e+00 1.395327549e+00 1.076092771e-03 1.044079438e-02 6.763068770e-03 9.999220433e-01
3.711133391e+02 2.625927007e+00 1.381503921e+00 6.437426391e-04 1.087102253e-02 6.451024732e-03 9.999198922e-01
3.727131405e+02 2.647579233e+00 1.364448221e+00 5.414517473e-04 1.081983218e-02 6.263821287e-03 9.999216982e-01
3.743120445e+02 2.678396484e+00 1.355180284e+00 5.924791944e-04 1.054225100e-02 6.284990760e-03 9.999245016e-01
3.759215157e+02 2.702072110e+00 1.340537382e+00 2.903094608e-04 1.042515171e-02 6.230638911e-03 9.999262028e-01
3.775331542e+02 2.732253118e+00 1.333078128e+00 1.405525476e-04 1.047129128e-02 6.130669808e-03 9.999263709e-01
3.791528596e+02 2.761000216e+00 1.321287796e+00 -4.817467445e-04 1.061896843e-02 5.938439309e-03 9.999258674e-01
3.807558525e+02 2.785266421e+00 1.312008128e+00 -1.075686277e-03 1.079892892e-02 5.817954297e-03 9.999241858e-01
3.823684218e+02 2.812615398e+00 1.301799067e+00 -1.521246217e-03 1.068142884e-02 5.849521517e-03 9.999246852e-01
3.839840330e+02 2.836673640e+00 1.290291190e+00 -2.110476019e-03 1.040913699e-02 5.694258177e-03 9.999273830e-01
3.856033572e+02 2.863423872e+00 1.281926344e+00 -2.832717649e-03 1.049929971e-02 5.568392322e-03 9.999253639e-01
3.872210606e+02 2.893832077e+00 1.268108496e+00 -3.605092157e-03 1.092565833e-02 5.381666805e-03 9.999193322e-01
3.888488460e+02 2.919381806e+00 1.258282271e+00 -3.846854831e-03 1.117162269e-02 5.347882492e-03 9.999158948e-01
3.904673006e+02 2.943073311e+00 1.244206725e+00 -4.172610666e-03 1.096305524e-02 5.229196484e-03 9.999175247e-01
3.920966056e+02 2.961835241e+00 1.227815986e+00 -4.609943303e-03 1.112106238e-02 5.133695748e-03 9.999143541e-01
3.937246349e+02 2.982489035e+00 1.213829090e+00 -4.407394605e-03 1.135511084e-02 5.001736042e-03 9.999133057e-01
