0.000000 -0.000000 0.000000 0.000000
-0.140643 2.574964 2.171768 0.008776
-0.281220 5.148987 4.462313 0.035712
-0.421837 7.724036 6.869792 0.050297
-0.562431 10.298960 9.341938 0.070248
-0.701879 12.869650 11.908248 0.083644
-0.854664 15.479570 14.548074 0.099800
-1.011589 18.173180 17.263506 0.129464
-1.171840 20.913680 20.012068 0.154366
-1.334841 23.709530 22.819742 0.158661
-1.487044 26.544710 25.659229 0.157799
-1.633363 29.422930 28.562249 0.174755
-1.768976 32.357140 31.492848 0.173840
-1.929780 35.330970 34.461546 0.194310
-2.126953 38.471510 37.467648 0.196781
-2.329940 41.561110 40.479125 0.190433
-2.535885 44.597900 43.460671 0.181204
-2.728914 47.592750 46.421902 0.185834
-2.937935 50.537730 49.347417 0.180681
-3.130185 53.464980 52.248936 0.189015
-3.310922 56.350390 55.132303 0.186610
-3.511313 59.225400 57.995008 0.176268
-3.703384 62.006320 60.754402 0.163095
-3.912602 64.697860 63.414701 0.177704
-4.114442 67.264550 65.937015 0.183389
-4.313021 69.714240 68.350532 0.176927
-4.514875 72.037350 70.606330 0.173281
-4.709494 74.175390 72.699698 0.173136
-4.891889 76.138280 74.600030 0.195132
-5.039038 77.925340 76.339740 0.208300
-5.159772 79.592300 77.977234 0.226271
-5.235209 81.135380 79.463705 0.236927
-5.207469 82.555940 80.827560 0.245532
-5.029560 83.885300 82.092164 0.246093
-4.680938 85.118200 83.252961 0.240945
-4.130089 86.200010 84.291026 0.223884
-3.393066 87.095580 85.183148 0.254512
-2.508137 87.820100 85.920721 0.239168
-1.511055 88.343490 86.503102 0.273184
-0.450022 88.747950 86.946473 0.247294
0.676345 89.023150 87.298511 0.317867
1.832910 89.277150 87.561282 0.306023
3.089762 89.418990 87.755536 0.326569
4.475771 89.556060 87.908849 0.358744
5.974572 89.621010 87.999297 0.395820
7.614093 89.671530 88.083603 0.427424
9.420230 89.707860 88.150204 0.468104
11.388370 89.721450 88.201383 0.510241
13.505010 89.738680 88.283144 0.555744
15.773680 89.805260 88.408673 0.599214
18.156510 89.929480 88.572599 0.651589
20.581930 90.082780 88.783602 0.707310
23.034320 90.227690 88.968335 0.786184
25.478370 90.365000 89.171538 0.865943
27.909920 90.499220 89.349148 0.936155
30.340320 90.588890 89.476968 1.005722
32.740690 90.598330 89.522135 1.070706
35.110390 90.529620 89.490381 1.133549
37.430830 90.386730 89.383748 1.191206
39.683630 90.176290 89.218933 1.260221
41.863240 89.910310 88.989909 1.320599
43.959460 89.634420 88.773341 1.370489
45.922800 89.378560 88.566612 1.419606
47.726310 89.193250 88.429444 1.469295
49.366470 89.121130 88.431880 1.521791
50.939410 89.191540 88.597497 1.554196
52.464070 89.450930 88.991739 1.595785
53.889450 89.945260 89.616641 1.629555
55.133190 90.660970 90.443339 1.671568
56.158450 91.620300 91.486427 1.676671
56.967930 92.764920 92.677179 1.708803
57.539920 94.061200 93.944298 1.735191
57.927200 95.446880 95.267729 1.700144
58.277310 96.884370 96.696967 1.700794
58.589460 98.403450 98.255092 1.676204
58.940360 100.002400 99.897230 1.662908
59.343230 101.692600 101.662389 1.663390
59.798800 103.499800 103.528912 1.654074
60.309140 105.392300 105.481091 1.639193
60.819120 107.363700 107.528671 1.624889
61.355080 109.477800 109.707086 1.636240
61.874140 111.669200 111.970320 1.625400
62.417580 113.964900 114.348108 1.625666
62.973720 116.373200 116.770285 1.627415
63.512460 118.836400 119.247085 1.625380
64.057360 121.342700 121.779612 1.619151
64.655860 123.876700 124.309518 1.628457
65.262090 126.422600 126.846685 1.646202
65.864770 128.941000 129.318218 1.624210
66.510510 131.382800 131.824468 1.639689
67.135460 133.867500 134.271708 1.647587
67.748220 136.262500 136.721196 1.642159
68.311480 138.668800 139.153315 1.659930
68.830800 141.066900 141.575568 1.658326
69.359830 143.451000 143.978359 1.674820
69.844620 145.829800 146.365441 1.669669
70.257380 148.240700 148.760905 1.666996
70.634070 150.615300 151.169243 1.648577
70.952630 153.048800 153.631194 1.641693
71.236680 155.482600 156.107549 1.627116
71.430750 157.958600 158.602781 1.615088
71.592060 160.420500 161.072507 1.605579
71.705560 162.889100 163.560571 1.562415
71.811250 165.386800 166.034938 1.536785
71.901490 167.846500 168.525660 1.490870
71.944200 170.358200 171.048773 1.461243
71.944230 172.867000 173.536203 1.434167
71.880770 175.411200 176.088076 1.398751
71.759300 177.947700 178.591939 1.373482
71.629380 180.489300 181.154242 1.312201
71.495820 183.069400 183.702387 1.281659
71.389860 185.611000 186.263889 1.254204
71.229200 188.181800 188.821449 1.239192
71.075770 190.694700 191.342241 1.208177
70.908190 193.208300 193.834026 1.180095
70.732240 195.676300 196.284896 1.172196
70.587330 197.902600 198.667798 1.127526
70.462020 200.022200 200.858408 1.117876
70.336670 202.141700 202.897897 1.118365
70.211280 204.261000 204.923358 1.107307
70.085900 206.379000 206.877559 1.078538
69.986060 208.445300 208.823472 1.085109
70.007780 210.375700 210.747481 1.085686
70.026080 212.295900 212.692654 1.054240
70.017620 214.252400 214.645278 1.016639
70.013230 216.217200 216.649071 1.016993
69.972110 218.270700 218.726375 0.973959
69.934360 220.317400 220.761857 0.929091
69.972850 222.305500 222.870019 0.877727
69.981630 224.353700 224.976661 0.844556
69.981870 226.399100 227.077026 0.807585
69.949190 228.454500 229.126266 0.775869
69.907170 230.454300 231.157947 0.757059
69.859830 232.418200 233.109402 0.744178
69.810200 234.247600 234.910203 0.701820
69.754960 235.896800 236.542258 0.682337
69.602960 237.437200 238.072654 0.658161
69.315000 238.920100 239.535876 0.651607
68.846420 240.276600 240.855557 0.643344
68.166090 241.479400 242.009055 0.646173
67.318270 242.492800 242.981572 0.595562
66.332240 243.344200 243.774549 0.554592
65.260110 243.991900 244.362458 0.487391
64.140300 244.474300 244.796655 0.422219
62.867510 244.772700 245.040622 0.348627
61.458940 244.926000 245.135059 0.285589
59.947420 244.952000 245.098466 0.214121
58.335370 244.902100 244.969588 0.148393
56.595980 244.824000 244.843013 0.080146
54.694040 244.743800 244.695207 0.004891
52.650420 244.604800 244.556497 -0.077527
50.451970 244.390700 244.400897 -0.160150
48.058070 244.235000 244.260518 -0.247603
45.515050 244.100900 244.112505 -0.344942
42.921790 243.969200 243.960810 -0.438980
40.316590 243.840300 243.804354 -0.541411
37.706940 243.722400 243.626338 -0.639556
35.094890 243.629800 243.418227 -0.743081
32.472950 243.489000 243.172663 -0.823501
29.851950 243.348200 242.946492 -0.899569
27.264200 243.258500 242.765353 -0.979971
24.724050 243.174900 242.600288 -1.051998
22.210390 243.091000 242.440841 -1.124774
19.736330 242.979500 242.259730 -1.212637
17.311070 242.850400 242.052077 -1.293915
14.901790 242.682800 241.803919 -1.371420
12.542000 242.455300 241.528765 -1.449732
10.258080 242.218100 241.246094 -1.539402
8.077281 241.997300 240.976879 -1.610148
6.032146 241.805400 240.756210 -1.679142
4.114420 241.647100 240.558689 -1.739357
2.325909 241.523700 240.403625 -1.802806
0.684853 241.422100 240.282750 -1.854519
-0.804697 241.361800 240.193416 -1.904901
-2.147061 241.322400 240.132678 -1.947991
-3.335045 241.321100 240.111972 -1.994275
-4.362696 241.347700 240.106674 -2.027251
-5.195608 241.375100 240.126453 -2.067090
-5.787975 241.411000 240.139950 -2.068216
-6.148943 241.435700 240.144324 -2.087551
-6.347609 241.453500 240.146760 -2.090779
-6.441034 241.457400 240.148588 -2.095318
-6.441440 241.456100 240.143375 -2.091911
-6.439927 241.462600 240.146541 -2.093298
-6.440440 241.482800 240.148108 -2.095245
-6.480607 241.498100 240.151093 -2.100403
-6.560264 241.507700 240.154829 -2.108745
-6.742488 241.516100 240.157563 -2.114420
-7.099251 241.541700 240.182325 -2.122703
-7.627305 241.597900 240.230782 -2.136949
-8.293171 241.705000 240.330941 -2.146959
-9.050632 241.890800 240.521420 -2.171460
-9.863606 242.207700 240.824507 -2.181439
-10.727660 242.661600 241.242552 -2.212575
-11.566170 243.294100 241.881177 -2.256999
-12.317670 244.121800 242.703152 -2.289299
-12.969870 245.164100 243.805354 -2.352569
-13.469580 246.441200 245.147312 -2.373292
-13.828110 247.877300 246.683584 -2.419186
-14.057520 249.558000 248.430326 -2.446067
-14.176210 251.405900 250.328802 -2.475937
-14.264690 253.405000 252.354681 -2.511391
-14.328890 255.544200 254.518304 -2.546619
-14.399650 257.837600 256.832291 -2.586895
-14.471380 260.263200 259.275809 -2.633501
-14.561590 262.807800 261.851717 -2.659516
-14.652820 265.491700 264.532084 -2.710079
-14.739760 268.254400 267.310550 -2.764040
-14.858340 271.134800 270.217593 -2.794367
-14.973530 274.134700 273.219985 -2.842677
-15.069550 277.175700 276.290461 -2.901172
-15.175210 280.293600 279.437934 -2.943271
-15.297230 283.446400 282.566620 -2.977344
-15.436590 286.619600 285.753749 -2.991751
-15.585790 289.810900 288.928480 -3.024479
-15.736240 292.959600 292.033378 -3.069079
-15.885310 296.071900 295.145638 -3.103437
-16.046970 299.165600 298.238528 -3.125964
-16.219660 302.246300 301.320479 -3.176033
-16.389710 305.314100 304.378364 -3.231298
-16.559690 308.378300 307.449348 -3.265407
-16.709350 311.458900 310.544013 -3.303091
-16.839300 314.563300 313.665568 -3.351345
-16.972270 317.709200 316.802048 -3.409615
-17.118400 320.893100 319.989776 -3.457663
-17.281700 324.127200 323.223925 -3.505652
-17.454380 327.375400 326.469641 -3.563132
-17.614190 330.593900 329.673745 -3.614925
-17.775860 333.802500 332.884499 -3.676352
-17.959610 336.995200 336.038014 -3.724550
-18.128440 340.134300 339.154128 -3.789407
-18.295640 343.191900 342.174446 -3.833085
-18.453080 346.169000 345.105771 -3.887417
-18.632610 349.056200 347.967983 -3.946819
-18.817710 351.841100 350.704869 -3.989965
-18.986450 354.488400 353.317377 -4.038548
-19.124870 356.982400 355.752505 -4.077628
-19.220930 359.289500 357.998055 -4.118899
-19.310450 361.377700 360.033247 -4.147630
-19.390050 363.254000 361.875873 -4.198193
-19.458340 364.945900 363.528797 -4.209075
-19.552440 366.417400 364.975181 -4.239121
-19.716910 367.755600 366.325859 -4.258636
-19.992010 369.044200 367.644996 -4.296001
-20.413100 370.267200 368.862678 -4.324583
-20.994480 371.390500 369.974021 -4.376194
-21.767920 372.412000 370.996907 -4.441851
-22.740410 373.381300 371.947439 -4.519955
-23.931400 374.199500 372.719441 -4.609613
-25.311900 374.775400 373.195868 -4.695908
-26.849130 375.102700 373.368945 -4.701609
-28.541320 375.088500 373.251760 -4.767628
-30.331610 374.930400 373.046568 -4.848775
-32.178580 374.714400 372.766895 -4.939819
-34.124600 374.519300 372.494973 -5.018525
-36.192510 374.312000 372.209786 -5.074134
-38.360350 374.089000 371.921490 -5.152066
-40.674090 373.890900 371.670799 -5.244929
-43.125350 373.717400 371.441018 -5.342705
-45.733890 373.570600 371.218287 -5.468442
-48.422050 373.450300 371.007476 -5.598088
-51.153580 373.336900 370.824073 -5.721383
-53.919190 373.217300 370.621610 -5.834416
-56.668140 373.082400 370.409370 -5.952564
-59.399580 372.949600 370.183580 -6.058374
-62.128270 372.797100 369.934266 -6.181344
-64.827270 372.599800 369.644724 -6.300905
-67.509200 372.402100 369.366714 -6.409829
-70.186170 372.208700 369.089840 -6.521012
-72.845340 372.028400 368.816051 -6.636607
-75.495320 371.886100 368.596614 -6.758486
-78.116050 371.787300 368.421067 -6.878809
-80.717850 371.718500 368.281559 -6.990435
-83.311780 371.694800 368.177575 -7.109561
-85.842710 371.709900 368.122585 -7.227852
-88.215690 371.734100 368.083423 -7.320935
-90.402660 371.755300 368.037568 -7.401195
-92.376860 371.747200 367.972456 -7.469763
-94.181170 371.700000 367.857636 -7.534951
-95.954170 371.610100 367.702194 -7.610434
-97.692900 371.484000 367.524583 -7.674530
-99.428840 371.332400 367.305335 -7.731097
-101.212400 371.150100 367.060346 -7.785468
-103.049100 370.929900 366.778181 -7.845636
-104.963700 370.712900 366.492931 -7.903837
-106.999900 370.469800 366.185204 -7.994616
-109.147400 370.218500 365.887807 -8.099851
-111.413900 369.990500 365.580784 -8.252218
-113.850400 369.787500 365.305044 -8.358036
-116.381500 369.587900 365.015173 -8.499636
-119.079000 369.402000 364.784102 -8.623882
-121.870500 369.312400 364.625942 -8.723240
-124.798000 369.251000 364.517271 -8.845133
-127.749200 369.222000 364.430694 -8.962393
-130.738100 369.191300 364.321334 -9.090627
-133.724900 369.151000 364.205745 -9.221235
-136.693200 369.116700 364.059951 -9.325549
-139.640200 369.026200 363.850026 -9.434372
-142.545400 368.909400 363.648770 -9.552700
-145.452900 368.800400 363.446217 -9.675660
-148.326000 368.653700 363.184066 -9.798872
-151.184500 368.483700 362.923490 -9.929563
-154.029500 368.306700 362.664640 -10.055575
-156.834000 368.110800 362.377455 -10.197242
-159.601600 367.929800 362.111587 -10.323820
-162.352900 367.769700 361.872921 -10.460532
-165.025300 367.622800 361.633885 -10.595626
-167.587100 367.473600 361.421379 -10.735092
-169.989700 367.347100 361.245907 -10.838855
-172.229800 367.237400 361.081899 -10.947824
-174.255000 367.118500 360.903482 -11.032082
-176.113500 366.976300 360.689868 -11.109539
-177.851600 366.825100 360.459759 -11.184065
-179.482200 366.619100 360.103106 -11.252379
-181.041000 366.257200 359.587422 -11.313972
-182.506900 365.700900 358.894337 -11.367094
-183.830900 364.922700 358.000005 -11.403336
-184.967900 363.901900 356.863545 -11.447293
-185.900600 362.645300 355.509693 -11.463113
-186.575700 361.163300 353.946275 -11.524289
-186.999600 359.497900 352.297810 -11.525906
-187.152300 357.675600 350.522366 -11.542148
-187.206000 355.773500 348.584531 -11.545822
-187.197400 353.800900 346.574410 -11.538438
-187.078300 351.712900 344.449520 -11.490903
-186.904300 349.515700 342.179702 -11.442471
-186.700200 347.199500 339.802496 -11.409102
-186.441500 344.761700 337.305288 -11.362140
-186.138100 342.245600 334.728692 -11.325341
-185.836200 339.600700 332.021564 -11.260438
-185.558800 336.870000 329.230963 -11.209575
-185.300200 334.088400 326.422500 -11.178677
-185.053400 331.295700 323.614612 -11.155314
-184.825700 328.513100 320.832241 -11.132176
-184.626700 325.706700 318.055092 -11.107067
-184.418100 322.895600 315.244196 -11.071338
-184.219300 320.049800 312.403973 -11.070372
-184.077900 317.187100 309.525667 -11.042649
-183.933200 314.300800 306.648937 -11.032785
-183.761600 311.460200 303.810369 -11.014687
-183.601800 308.616200 300.972588 -10.976080
-183.458100 305.794900 298.173870 -10.948223
-183.343100 303.000200 295.388058 -10.918116
-183.261300 300.211900 292.593063 -10.885919
-183.178800 297.450000 289.811942 -10.866100
-183.090500 294.684900 287.024720 -10.815302
-182.927300 291.908300 284.199234 -10.789645
-182.766600 289.099200 281.373540 -10.768418
-182.613800 286.267300 278.479454 -10.718664
-182.441900 283.385600 275.600118 -10.706782
-182.300400 280.490600 272.663543 -10.698117
-182.149900 277.557000 269.716433 -10.683481
-182.001400 274.627800 266.755929 -10.656463
-181.823500 271.689000 263.798504 -10.660582
-181.638500 268.767800 260.865929 -10.645729
-181.424600 265.787800 257.879685 -10.626178
-181.219800 262.838200 254.919219 -10.609945
-181.009300 259.844900 251.880468 -10.511633
-180.770400 256.828000 248.886213 -10.511955
-180.561000 253.860400 245.921370 -10.473270
-180.372700 250.908200 242.970294 -10.422428
-180.191000 247.979500 240.053336 -10.378540
-180.025600 245.104800 237.191316 -10.343660
-179.890000 242.301100 234.422379 -10.318335
-179.765100 239.629200 231.782386 -10.274024
-179.603400 237.077700 229.260524 -10.240719
-179.486600 234.610600 226.808417 -10.213916
-179.426200 232.293500 224.546000 -10.180029
-179.384800 230.153000 222.431199 -10.162559
-179.372900 228.203000 220.516521 -10.142689
-179.353200 226.445600 218.778755 -10.115542
-179.284500 224.889700 217.262956 -10.094704
-179.159500 223.520400 215.877266 -10.065468
-178.892900 222.222300 214.526171 -10.046004
-178.440800 221.019500 213.330391 -10.000463
-177.799300 219.912400 212.228566 -9.988580
-176.993100 218.868700 211.134039 -9.956108
-175.953700 217.908600 210.140609 -9.899610
-174.646400 217.098800 209.338850 -9.879268
-173.037500 216.423500 208.725178 -9.800433
-171.242400 215.987700 208.408511 -9.755345
-169.251700 215.748100 208.311542 -9.707661
-167.160900 215.651300 208.341148 -9.657920
-164.983800 215.579200 208.399793 -9.582955
-162.753200 215.542200 208.457646 -9.507739
-160.419600 215.517400 208.535150 -9.418782
-157.986900 215.494400 208.618287 -9.341001
-155.493900 215.476600 208.742117 -9.253589
-152.924600 215.528800 208.887277 -9.173008
-150.250300 215.556200 209.020609 -9.087212
-147.567100 215.656900 209.198929 -9.001025
-144.855900 215.751900 209.424958 -8.925748
-142.145800 215.896800 209.701167 -8.838292
-139.455100 216.087400 210.022235 -8.774058
-136.768400 216.330800 210.367337 -8.702640
-134.103700 216.562300 210.720017 -8.623460
-131.505400 216.803000 211.036404 -8.546701
-128.992800 217.018200 211.324141 -8.457056
-126.584900 217.191000 211.598842 -8.377350
-124.357100 217.330100 211.786431 -8.295210
-122.326100 217.418900 211.914881 -8.211902
-120.463500 217.466200 212.010138 -8.130160
-118.653600 217.497200 212.069415 -8.048539
-116.849600 217.495900 212.102483 -7.976512
-115.067800 217.514000 212.165421 -7.932360
-113.324000 217.535300 212.220217 -7.894143
-111.616000 217.623100 212.400045 -7.850589
-109.927700 217.875300 212.715035 -7.776600
-108.290900 218.301300 213.229973 -7.700002
-106.749500 218.945400 213.950078 -7.669321
-105.349200 219.793800 214.871045 -7.642057
-104.115500 220.834900 215.948109 -7.618921
-103.036000 222.051200 217.204919 -7.570341
-102.179100 223.400100 218.591787 -7.540624
-101.543200 224.848700 220.059490 -7.523548
-101.115700 226.383800 221.538147 -7.506521
-100.830600 227.968600 223.014803 -7.508022
-100.531100 229.501100 224.503671 -7.500001
-100.252100 231.017900 225.941197 -7.501472
-99.883990 232.463500 227.275328 -7.485394
-99.425550 233.824100 228.478446 -7.484872
-98.775880 234.872900 229.458567 -7.417285
-98.086100 235.806300 230.355832 -7.457568
-97.174270 236.468700 231.048729 -7.417637
-96.254150 236.931100 231.624949 -7.376006
-95.283150 237.358800 232.081006 -7.376980
-94.185080 237.674800 232.432809 -7.340132
-92.955310 237.898800 232.777140 -7.316708
-91.596850 238.102700 233.025769 -7.283337
-90.074690 238.248300 233.249728 -7.227455
-88.387450 238.391700 233.485751 -7.168628
-86.486290 238.540100 233.703791 -7.124178
-84.443490 238.650800 233.947137 -7.070730
-82.253860 238.746800 234.180619 -6.997742
-79.940140 238.872300 234.414648 -6.922663
-77.539590 239.011100 234.622753 -6.857195
-75.087440 239.150700 234.820376 -6.789631
-72.574930 239.313900 235.031171 -6.698258
-69.991910 239.446400 235.225334 -6.607008
-67.351620 239.548800 235.426850 -6.517701
-64.666360 239.657700 235.667210 -6.426139
-61.998030 239.808800 235.940122 -6.318730
-59.311750 239.952600 236.196619 -6.249782
-56.701950 240.109100 236.475581 -6.151077
-54.151130 240.267600 236.758583 -6.076379
-51.625940 240.427100 237.021952 -5.991173
-49.127390 240.564300 237.295626 -5.904613
-46.665870 240.712700 237.579139 -5.824196
-44.240570 240.886300 237.865547 -5.738822
-41.878960 241.088900 238.151356 -5.657908
-39.649020 241.312800 238.446728 -5.582079
-37.552430 241.539400 238.720017 -5.507455
-35.488740 241.743100 238.991970 -5.436440
-33.456700 241.939000 239.228975 -5.370568
-31.533090 242.124800 239.452605 -5.308222
-29.764560 242.287900 239.624096 -5.248015
-28.172420 242.408100 239.768791 -5.195041
-26.747170 242.468900 239.852823 -5.151365
-25.460260 242.473300 239.890530 -5.108832
-24.318710 242.437400 239.884409 -5.077597
-23.324200 242.322300 239.810970 -5.042705
-22.483780 242.186900 239.748086 -5.018553
-21.843230 242.069500 239.673507 -5.014934
-21.357270 241.937100 239.567257 -4.998181
-20.874950 241.791000 239.446904 -4.980750
-20.410090 241.641000 239.314114 -4.971797
-19.938580 241.453200 239.141430 -4.970659
-19.330890 241.150500 238.850162 -4.949030
-18.603550 240.674100 238.400597 -4.923363
-17.817550 240.000300 237.755245 -4.890403
-17.047940 239.130000 236.876331 -4.879472
-16.371440 238.041100 235.769826 -4.838446
-15.819140 236.731500 234.389092 -4.818225
-15.431720 235.164300 232.729526 -4.774331
-15.160930 233.366900 230.837219 -4.747957
-14.985430 231.359800 228.768810 -4.735596
-14.879450 229.166100 226.492684 -4.732044
-14.834570 226.783800 224.039980 -4.733717
-14.805910 224.227300 221.443145 -4.735722
-14.776150 221.503700 218.677310 -4.737106
-14.726190 218.625200 215.755246 -4.726620
-14.646810 215.602400 212.704919 -4.696681
-14.509690 212.459600 209.539197 -4.672572
-14.353480 209.201300 206.260086 -4.645858
-14.179740 205.869600 202.906072 -4.615304
-13.962380 202.478800 199.526126 -4.578991
-13.739120 199.045100 196.079837 -4.544127
-13.514930 195.572200 192.594806 -4.510526
-13.275440 192.054900 189.077834 -4.481731
-13.052000 188.499600 185.496133 -4.458921
-12.854570 184.884700 181.866202 -4.461643
-12.675140 181.220200 178.172468 -4.462642
-12.508030 177.502000 174.444260 -4.438946
-12.341190 173.718700 170.626576 -4.422533
-12.175010 169.898000 166.791238 -4.413641
-12.018250 166.028100 162.878665 -4.384721
-11.841350 162.134100 158.980632 -4.363319
-11.655180 158.220500 155.051014 -4.339289
-11.466580 154.287300 151.138520 -4.309255
-11.281310 150.320000 147.244699 -4.290288
-11.057620 146.379100 143.365577 -4.269502
-10.815240 142.443600 139.499602 -4.245490
-10.570550 138.517900 135.633887 -4.245123
-10.333980 134.639100 131.808227 -4.265370
-10.123240 130.785800 128.036461 -4.271745
-9.914350 127.027500 124.371907 -4.278670
-9.696148 123.395700 120.821162 -4.280177
-9.493383 119.914400 117.435270 -4.263238
-9.310280 116.607700 114.211702 -4.251026
-9.151332 113.442300 111.166488 -4.228979
-9.017561 110.482000 108.318560 -4.211307
-8.888960 107.744800 105.701208 -4.197742
-8.774269 105.222900 103.287414 -4.200020
-8.679794 102.918000 101.083354 -4.197930
-8.504861 100.812800 99.086261 -4.192608
-8.163715 98.919720 97.297286 -4.171251
-7.618518 97.243660 95.703589 -4.149273
-6.858427 95.725240 94.274061 -4.114029
-5.899838 94.392380 93.023355 -4.100573
-4.759829 93.253900 91.970344 -4.088695
-3.450087 92.348760 91.174540 -4.071270
-1.973871 91.691730 90.675466 -4.060251
-0.436803 91.261860 90.442242 -4.011170
1.138073 91.026340 90.369964 -4.013238
2.751248 90.881970 90.377830 -3.969191
4.431705 90.766140 90.390919 -3.911670
6.211745 90.683570 90.423348 -3.862657
8.081090 90.578530 90.435954 -3.815837
10.076580 90.469280 90.458648 -3.761406
12.205890 90.365360 90.465508 -3.704953
14.489810 90.290310 90.524686 -3.649244
16.910510 90.321490 90.710823 -3.591236
19.453620 90.459650 90.994434 -3.519438
22.045730 90.671110 91.354681 -3.424969
24.644280 90.895340 91.697594 -3.324007
27.207850 91.064010 91.972492 -3.237089
29.764780 91.130150 92.123232 -3.150750
32.287690 91.085550 92.176049 -3.069233
34.803420 90.937800 92.138504 -2.992331
37.325120 90.728940 92.058309 -2.911161
39.896170 90.508470 91.959736 -2.817558
42.547960 90.289960 91.885982 -2.728991
45.244630 90.097810 91.845080 -2.647065
47.943020 89.903610 91.794515 -2.567418
50.617990 89.629730 91.627260 -2.469672
53.252150 89.185630 91.287639 -2.366999
55.814150 88.557720 90.773520 -2.279986
58.313300 87.791630 90.108184 -2.190268
60.805470 86.920740 89.319313 -2.122081
63.322020 85.994100 88.487154 -2.120283
65.833720 85.055040 87.674666 -2.032791
68.406220 84.080780 86.819105 -1.975414
70.998610 83.045350 85.889154 -1.933053
73.578520 81.879280 84.821793 -1.858796
76.170160 80.586970 83.616213 -1.767356
78.819830 79.219290 82.354544 -1.670808
81.480420 77.842690 81.116537 -1.584723
84.108690 76.469870 79.897405 -1.483570
86.695220 75.055290 78.598122 -1.412597
89.188920 73.556030 77.213937 -1.351304
91.573040 71.968490 75.746705 -1.284872
93.850380 70.285940 74.159784 -1.216841
96.020560 68.521450 72.487126 -1.159882
98.103890 66.740880 70.818517 -1.098743
100.107700 65.034010 69.227580 -1.035806
101.996900 63.459780 67.805357 -0.972078
103.764900 62.070330 66.548889 -0.924387
105.408600 60.801050 65.382635 -0.868367
107.003200 59.530310 64.207069 -0.819078
108.589500 58.247390 63.012685 -0.772945
110.134700 56.970520 61.797939 -0.742889
111.717500 55.637520 60.530339 -0.710075
113.353400 54.247110 59.176518 -0.674187
115.077800 52.831180 57.842258 -0.640656
116.904200 51.439420 56.541868 -0.621328
118.836800 50.054850 55.252300 -0.601998
120.853600 48.602090 53.857838 -0.550093
122.938000 47.083700 52.402771 -0.511393
125.092700 45.485300 50.870635 -0.460787
127.330000 43.820780 49.301248 -0.420333
129.637600 42.087830 47.653152 -0.383387
131.967100 40.344760 46.012383 -0.357235
134.297900 38.609850 44.364502 -0.346814
136.621900 36.849050 42.718528 -0.312318
138.949900 35.131110 41.136221 -0.263505
141.293500 33.464730 39.578743 -0.251580
143.603900 31.795640 38.014617 -0.224190
145.871800 30.121580 36.438755 -0.200606
148.133300 28.418200 34.853287 -0.151738
150.347600 26.750990 33.328488 -0.108115
152.506100 25.137140 31.818917 -0.067402
154.521200 23.603510 30.421609 -0.016993
156.409800 22.104300 29.049336 0.034247
158.102600 20.729550 27.802484 0.067726
159.605700 19.470090 26.633414 0.116926
161.034400 18.328640 25.607908 0.166254
162.527500 17.369930 24.805425 0.217498
164.102000 16.690040 24.258661 0.271096
165.725700 16.231240 23.917259 0.331346
167.465400 15.980230 23.769560 0.390985
169.275300 15.912810 23.771270 0.445240
171.157200 15.957740 23.853205 0.477788
173.098700 15.972680 23.904201 0.506257
175.120500 15.945180 23.956440 0.547012
177.167200 15.872150 23.958738 0.602157
179.305300 15.756280 23.940073 0.669991
181.477000 15.604010 23.855026 0.727220
183.703700 15.412020 23.789775 0.790035
185.980700 15.238130 23.698826 0.856427
188.280500 15.072990 23.631400 0.906254
190.577500 14.896800 23.558301 0.954734
192.894300 14.714610 23.484535 1.007687
195.244200 14.510220 23.418475 1.071172
197.633500 14.283820 23.327354 1.141232
200.090000 14.030130 23.192672 1.214532
202.592100 13.785300 23.063845 1.264051
205.104900 13.534110 22.939675 1.350279
207.640700 13.310070 22.831935 1.409878
210.148900 13.111090 22.761487 1.492682
212.697300 12.915740 22.688518 1.562778
215.224700 12.737830 22.613908 1.617619
217.808000 12.513180 22.507125 1.673189
220.389500 12.282700 22.399777 1.738520
223.037500 12.068550 22.314840 1.805796
225.699900 11.872960 22.245199 1.860032
228.380800 11.657570 22.138626 1.913739
231.063800 11.400770 22.017749 1.976982
233.768800 11.157120 21.921232 2.038928
236.452700 10.908570 21.805001 2.074497
239.115400 10.628320 21.667707 2.152380
241.756200 10.390980 21.554151 2.234342
244.376200 10.177670 21.445202 2.294885
246.942400 9.977031 21.361079 2.374932
249.503100 9.796410 21.302670 2.443447
251.962400 9.616742 21.237898 2.514410
254.329800 9.452561 21.196272 2.569636
256.557200 9.297183 21.155066 2.632759
258.681500 9.140396 21.104873 2.694420
260.487900 8.870715 21.016603 2.752034
262.171000 8.558198 20.850917 2.806307
263.852900 8.246051 20.611410 2.847255
265.533700 7.934305 20.361930 2.875446
267.212200 7.623220 20.088816 2.906929
268.719700 7.309828 19.842314 2.935979
269.768600 7.040605 19.642532 2.963721
270.654800 6.869143 19.528546 2.991301
271.433400 6.780906 19.495512 3.007769
272.188300 6.798910 19.584483 3.016076
272.939800 6.915555 19.791515 3.045786
273.674100 7.139266 20.135387 3.066163
274.435500 7.486302 20.577254 3.061366
275.206100 8.021776 21.221745 3.108026
275.841400 9.123003 22.066030 3.096755
276.399700 10.403880 23.111482 3.136849
276.938800 11.672800 24.369407 3.139142
277.461700 12.927990 25.841215 3.122997
277.969300 14.165350 27.530792 3.135509
278.402000 15.600760 29.428381 3.129859
278.675500 17.540870 31.496765 3.134933
278.887100 19.689590 33.783341 3.136332
279.050300 22.004090 36.186589 3.148146
279.153100 24.513040 38.750437 3.145162
279.310000 27.147550 41.480842 3.155137
279.492000 29.910160 44.303448 3.164673
279.682000 32.722430 47.155827 3.188376
279.891600 35.618700 50.111960 3.204938
280.117300 38.587970 53.090696 3.201449
280.340800 41.563150 56.111270 3.238498
280.553900 44.602790 59.162099 3.249215
280.757500 47.669170 62.241864 3.232638
280.966700 50.717990 65.272667 3.204303
281.189800 53.763250 68.330949 3.224575
281.387500 56.840290 71.381312 3.234065
281.609200 59.915920 74.458821 3.219981
281.892800 62.993940 77.516100 3.219753
282.168100 66.061440 80.587676 3.203329
282.386200 69.137860 83.616756 3.195496
282.581400 72.205720 86.703093 3.223234
282.741100 75.260420 89.737776 3.233887
282.945600 78.300480 92.783096 3.248203
283.185400 81.322840 95.785172 3.280485
283.441700 84.363870 98.820769 3.276466
283.683800 87.353300 101.787572 3.296626
283.940100 90.352150 104.822331 3.318889
284.231300 93.355260 107.820185 3.330179
284.541900 96.345100 110.817003 3.336490
284.938000 99.320580 113.815455 3.341235
285.395000 102.259500 116.760619 3.357240
285.844100 105.163200 119.680736 3.371532
286.321900 108.053700 122.574894 3.384981
286.793800 110.912200 125.446479 3.394871
287.216900 113.736500 128.273064 3.410239
287.630900 116.518500 131.076419 3.409275
288.058700 119.219300 133.755373 3.416199
288.448800 121.780900 136.332705 3.402254
288.846400 124.280600 138.811926 3.389110
289.285300 126.630100 141.131573 3.386533
289.743500 128.835400 143.301365 3.377449
290.213000 130.821100 145.245946 3.398693
290.683600 132.626000 147.027627 3.394341
291.166200 134.262000 148.666783 3.392710
291.580800 135.832500 150.280220 3.385762
291.961700 137.426400 151.967857 3.389969
292.194000 139.020100 153.587223 3.385684
292.237900 140.604400 155.202720 3.373978
291.762300 142.158200 156.827299 3.383319
290.662500 143.578100 158.383260 3.379070
289.562400 144.964600 159.845953 3.363963
288.468100 146.318100 161.141822 3.319354
287.386000 147.641500 162.269171 3.269939
286.399400 148.976200 163.210664 3.230925
284.571900 149.919400 164.050482 3.179045
282.598600 150.835500 164.892814 3.135261
280.553400 151.805400 165.791530 3.078073
278.418500 152.847000 166.724776 3.031506
276.187000 153.972900 167.738400 2.973994
273.848800 155.201700 168.865312 2.926419
271.423500 156.516000 170.050473 2.877842
268.909500 157.880900 171.279997 2.806175
266.393100 159.278800 172.522692 2.771962
263.831700 160.712200 173.836064 2.737427
261.343100 162.229400 175.227818 2.700817
258.927700 163.839100 176.708624 2.667917
256.567900 165.515700 178.267738 2.604997
254.220600 167.219800 179.866354 2.545922
251.812400 168.915300 181.420279 2.491137
249.342900 170.564800 182.881921 2.410314
246.829700 172.171100 184.331038 2.356077
244.268800 173.728400 185.705073 2.296808
241.687800 175.211100 187.003841 2.234616
239.066600 176.646400 188.256078 2.178816
236.435100 178.027700 189.462661 2.107030
233.828600 179.391700 190.653504 2.040032
231.251200 180.752600 191.838609 2.021219
228.707700 182.113100 193.041981 1.977761
226.214900 183.484500 194.248920 1.931272
223.769900 184.811700 195.397138 1.892010
221.367300 186.107100 196.537114 1.827412
219.059200 187.344000 197.603747 1.784007
216.843700 188.521200 198.621699 1.728785
214.730300 189.612200 199.556839 1.711248
212.761600 190.600600 200.391553 1.675546
210.934100 191.518800 201.184763 1.626940
209.293500 192.364900 201.870738 1.604776
207.831400 193.113300 202.512287 1.566441
206.576700 193.798300 203.075091 1.545745
205.539900 194.395600 203.566316 1.520145
204.729700 194.901600 203.967848 1.500949
204.122300 195.321500 204.338907 1.479120
203.546300 195.745200 204.711911 1.454943
203.042900 196.282400 205.102361 1.443211
202.515700 196.788100 205.505629 1.419002
201.945400 197.325500 206.008041 1.389501
201.195300 198.000000 206.685148 1.396041
200.227400 198.808500 207.484155 1.359254
199.076800 199.760000 208.411704 1.363200
197.730700 200.791700 209.380096 1.308123
196.253000 201.872000 210.382543 1.242608
194.623700 202.967100 211.396916 1.178122
192.619800 204.117900 212.419606 1.151880
190.615300 205.269000 213.431191 1.080565
188.611600 206.419500 214.457115 1.021074
186.608000 207.569800 215.488871 0.943644
184.604500 208.720100 216.530426 0.874621
182.452000 209.923800 217.636804 0.806179
180.162600 211.202300 218.783959 0.741818
177.855000 212.473600 219.898959 0.653654
175.554100 213.761200 221.046395 0.588279
173.260900 215.031900 222.179161 0.504968
171.006800 216.296100 223.288430 0.445166
168.770100 217.549300 224.393015 0.401420
166.635700 218.725900 225.411811 0.359074
164.640400 219.823800 226.354269 0.320355
162.800000 220.792300 227.152304 0.277857
161.109900 221.618400 227.830089 0.237187
159.510500 222.334400 228.378217 0.207396
157.845500 222.860900 228.741479 0.183088
156.181300 223.202900 228.926778 0.155306
154.511100 223.364000 228.942489 0.134540
152.786900 223.350100 228.820750 0.042890
150.969000 223.245000 228.622787 -0.001560
149.048400 223.060600 228.372100 -0.111312
146.999200 222.886700 228.096455 -0.193125
144.811400 222.709100 227.790976 -0.300372
142.452400 222.507300 227.462908 -0.384637
139.985700 222.307100 227.144311 -0.491524
137.342300 222.162600 226.845058 -0.566888
134.568800 222.029900 226.545612 -0.688330
131.695500 221.932100 226.275199 -0.773720
128.711000 221.803000 225.954403 -0.817951
125.647300 221.650100 225.645335 -0.947121
122.615400 221.500000 225.319025 -1.006478
119.543800 221.309500 224.954759 -1.079752
116.511500 221.102100 224.593975 -1.173583
113.516800 220.903600 224.225209 -1.249625
110.545200 220.708000 223.878224 -1.339781
107.636200 220.532300 223.538410 -1.400007
104.717200 220.373700 223.218139 -1.462976
101.840600 220.218600 222.908724 -1.547339
98.994700 220.067300 222.602612 -1.605233
96.181550 219.895100 222.273270 -1.677695
93.438620 219.686500 221.934230 -1.771182
90.855460 219.500600 221.583089 -1.847303
88.388610 219.326300 221.242493 -1.919944
86.123680 219.157800 220.945946 -1.982438
84.049970 219.045300 220.728162 -2.040853
82.152880 219.016300 220.613643 -2.111104
80.388010 219.115100 220.618589 -2.172735
78.664760 219.366200 220.771413 -2.241201
77.016290 219.796000 221.097783 -2.308339
75.461480 220.446100 221.654637 -2.371743
74.069090 221.411200 222.526124 -2.444748
72.862850 222.604000 223.695029 -2.471357
71.841850 224.015300 225.057876 -2.558714
71.023420 225.699900 226.671747 -2.555270
70.421670 227.540000 228.493590 -2.555726
70.034550 229.518400 230.458156 -2.551120
69.813760 231.610700 232.599738 -2.551652
69.670080 233.800300 234.827183 -2.562922
69.603690 236.022800 237.105807 -2.554454
69.545910 238.342600 239.497967 -2.571581
69.499400 240.719700 241.911645 -2.572523
69.469400 243.192800 244.418876 -2.512723
69.384530 245.776400 247.030247 -2.482949
69.232580 248.432800 249.690053 -2.517143
69.094640 251.146000 252.417820 -2.504600
68.950990 253.982700 255.282831 -2.502648
68.811860 256.917100 258.258383 -2.521616
68.650580 259.920100 261.295335 -2.542059
68.462200 263.082100 264.416507 -2.556069
68.288560 266.252800 267.588052 -2.568303
68.096650 269.464100 270.788771 -2.571494
67.903830 272.683000 273.977746 -2.616741
67.721470 275.872400 277.137083 -2.610125
67.525460 279.043300 280.295082 -2.589846
67.317450 282.219100 283.448711 -2.618944
67.111650 285.343500 286.580326 -2.621732
66.901350 288.508400 289.692601 -2.629531
66.688140 291.652400 292.776023 -2.631528
66.478800 294.782200 295.858099 -2.646309
66.289190 297.878200 298.918756 -2.661123
66.078070 300.944500 301.969529 -2.659078
65.826270 304.008500 304.992384 -2.740365
65.573590 307.018200 307.966113 -2.750763
65.274710 310.032300 310.931024 -2.746815
64.924470 313.030600 313.909806 -2.740545
64.540610 315.995300 316.841440 -2.764692
64.089990 318.947600 319.752856 -2.778979
63.671720 321.903700 322.676586 -2.799248
63.304260 324.895900 325.622832 -2.808356
62.967580 327.898100 328.595857 -2.880832
62.699080 330.909200 331.618600 -2.898526
62.553590 333.929000 334.630893 -2.908911
62.402330 336.963400 337.668091 -2.923221
62.266570 340.021300 340.743108 -2.965735
62.116500 343.035800 343.763248 -2.980582
61.993500 346.032900 346.794669 -3.004844
61.866370 348.989100 349.741036 -3.040518
61.760870 351.857800 352.563326 -3.058997
61.679290 354.611700 355.255227 -3.062966
61.586300 357.261400 357.832872 -3.081475
61.550600 359.776900 360.303813 -3.097015
61.577240 362.145700 362.624149 -3.106323
61.603020 364.290800 364.733280 -3.138713
61.628690 366.323100 366.768448 -3.122265
61.649880 368.352400 368.797722 -3.139242
61.624730 370.355800 370.783933 -3.136070
61.511180 372.339500 372.774366 -3.147887
61.271590 374.388200 374.830885 -3.172599
60.966710 376.528400 376.960063 -3.192857
60.637150 378.796200 379.232010 -3.224591
60.324540 381.208000 381.616589 -3.264355
60.065570 383.741300 384.156793 -3.296442
59.884830 386.413700 386.832546 -3.338223
59.789830 389.195600 389.678400 -3.342096
59.765420 392.106700 392.652923 -3.348012
59.766400 395.121300 395.763154 -3.388904
59.728620 398.268800 398.949242 -3.427893
59.673270 401.492900 402.173486 -3.457303
59.575390 404.694600 405.393358 -3.476388
59.425140 407.916600 408.586868 -3.502863
59.267000 411.104300 411.771278 -3.545392
59.084670 414.257800 414.911875 -3.573154
58.913680 417.417100 418.061448 -3.618507
58.748810 420.528100 421.144015 -3.665200
58.574140 423.604200 424.217848 -3.676928
58.437200 426.635400 427.229306 -3.699290
58.286850 429.523300 430.091266 -3.716287
58.117570 432.280500 432.793323 -3.726894
57.924100 434.902000 435.376020 -3.756896
57.663190 437.382700 437.790458 -3.790855
57.368250 439.710400 440.068772 -3.812977
57.036690 441.889000 442.173626 -3.833079
56.656850 443.874800 444.049270 -3.859285
56.323860 445.645400 445.698505 -3.878849
56.148660 447.270100 447.229426 -3.905370
56.616130 448.530800 448.651427 -3.909986
57.333540 449.649800 449.972438 -3.917477
58.025620 450.723300 451.141256 -3.877311
58.683230 451.752100 452.127713 -3.842644
59.300760 452.745900 452.903349 -3.811339
60.051910 453.493100 453.491282 -3.765996
61.232100 453.863600 453.879207 -3.764249
62.575150 454.072200 454.201602 -3.710859
64.075560 454.193600 454.425716 -3.679153
65.729870 454.237800 454.606449 -3.625015
67.536180 454.320400 454.803113 -3.564236
69.481920 454.413600 455.040610 -3.514838
71.568440 454.517900 455.321393 -3.438743
73.783230 454.637300 455.634104 -3.357109
76.158670 454.789800 455.973825 -3.276870
78.646770 454.943100 456.337242 -3.214523
81.225870 455.115600 456.734449 -3.126230
83.916780 455.302300 457.143155 -3.012324
86.702020 455.456700 457.512371 -2.916712
89.526350 455.578300 457.882594 -2.816241
92.412350 455.733700 458.278004 -2.720295
95.328570 455.895400 458.673473 -2.611510
98.249890 456.054300 459.069814 -2.493094
101.184100 456.224200 459.447261 -2.387963
104.093100 456.393100 459.832796 -2.298401
106.998900 456.525600 460.186112 -2.201170
109.897200 456.654500 460.551640 -2.100031
112.749700 456.816600 460.932264 -1.955194
115.610200 456.965500 461.290622 -1.847416
118.400100 457.099300 461.653456 -1.735281
121.145900 457.258900 462.025374 -1.609781
123.876500 457.448100 462.417138 -1.488033
126.583800 457.666500 462.847786 -1.390645
129.241600 457.972700 463.373413 -1.299304
131.877300 458.360200 463.983375 -1.220724
134.472300 458.810900 464.657876 -1.132130
137.047800 459.328100 465.385501 -1.062882
139.578900 459.909300 466.176604 -0.980315
142.082300 460.548100 467.021934 -0.930222
144.536100 461.240400 467.915350 -0.854589
146.935100 462.035700 468.906471 -0.790763
149.323900 462.890800 469.931105 -0.716115
151.645200 463.789700 471.006351 -0.653663
153.953700 464.746000 472.117480 -0.591941
156.216300 465.719100 473.286860 -0.518816
158.442000 466.755000 474.535509 -0.430837
160.610800 467.844100 475.807732 -0.362479
162.721500 468.976400 477.111940 -0.267980
164.765200 470.136200 478.462461 -0.197186
166.772400 471.335900 479.825598 -0.129259
168.632200 472.526000 481.174825 -0.080679
170.346500 473.697400 482.473638 -0.032552
171.909300 474.797000 483.654574 0.036080
173.302800 475.783300 484.725523 0.083723
174.556500 476.625400 485.606174 0.112449
175.656700 477.273900 486.292353 0.136831
176.667400 477.791400 486.878330 0.184940
177.693700 478.199200 487.371842 0.190244
178.769200 478.445200 487.702843 0.228696
179.820200 478.560500 487.936564 0.283151
180.911200 478.531600 487.973868 0.303831
182.068600 478.323700 487.851310 0.359503
183.262200 477.935100 487.525559 0.398115
184.488300 477.285200 486.906870 0.443235
185.759400 476.306800 485.947908 0.463743
187.077400 475.006900 484.692109 0.506837
188.478700 473.464500 483.195012 0.554754
189.953700 471.703500 481.482527 0.610967
191.518900 469.725200 479.611978 0.661997
193.208300 467.608400 477.586768 0.708600
195.017400 465.320900 475.400671 0.778494
196.863700 462.933100 473.148848 0.843526
198.729100 460.522700 470.871597 0.929693
200.614200 458.121400 468.637869 1.021820
202.510500 455.730200 466.430870 1.098436
204.411000 453.358300 464.221866 1.189921
206.321800 451.001000 462.038038 1.278527
208.222000 448.665100 459.902238 1.357717
210.114400 446.337900 457.736328 1.439733
211.976500 444.014500 455.588500 1.525013
213.836200 441.706600 453.451326 1.588739
215.683700 439.420500 451.373108 1.645955
217.555600 437.143300 449.256890 1.698703
219.471300 434.824100 447.087837 1.757798
221.450500 432.447100 444.880999 1.833699
223.466700 430.017100 442.606166 1.895933
225.486700 427.604100 440.297812 1.970183
227.506500 425.191500 438.005370 2.035597
229.526100 422.779100 435.766385 2.116577
231.545400 420.367100 433.542606 2.198585
233.564400 417.955300 431.367518 2.280902
235.559300 415.588300 429.251048 2.358658
237.436800 413.389000 427.252964 2.432828
238.780200 411.507400 425.385465 2.494197
239.937800 409.690800 423.647030 2.556733
241.095100 407.877000 422.054784 2.611263
242.251200 406.068000 420.537310 2.662302
243.408000 404.262500 418.966644 2.721626
244.011000 402.484000 417.312817 2.742290
244.001400 400.839200 415.665774 2.747698
243.616800 399.284000 414.064980 2.748380
242.890100 397.828700 412.512806 2.737336
241.873600 396.462000 411.042552 2.706617
240.631500 395.201500 409.628990 2.660487
239.221600 394.033800 408.343444 2.591939
237.618600 392.957600 407.146646 2.500975
235.793400 391.994800 406.031598 2.405858
233.764600 391.138800 405.024929 2.315756
231.526900 390.407500 404.123957 2.235907
229.101900 389.773400 403.256621 2.148552
226.502900 389.204300 402.480011 2.024311
223.725900 388.759000 401.786251 1.937132
220.797800 388.372500 401.131068 1.849044
217.710700 387.983400 400.501610 1.768425
214.530600 387.607200 399.862797 1.688956
211.281800 387.245500 399.236424 1.600871
207.989900 386.906600 398.633268 1.520697
204.658000 386.595500 398.052234 1.437817
201.286800 386.304300 397.494366 1.338679
197.918900 386.031200 396.961855 1.248688
194.555800 385.786300 396.442447 1.158576
191.207200 385.554600 395.946021 1.059929
187.886200 385.358400 395.481922 0.949312
184.599200 385.187900 395.026863 0.834429
181.348200 385.028900 394.595448 0.718602
178.125300 384.880300 394.162695 0.608452
174.940200 384.732200 393.723410 0.488447
171.787000 384.605200 393.299074 0.377458
168.667500 384.479200 392.897595 0.265631
165.610000 384.375800 392.526519 0.178646
162.651900 384.300900 392.197505 0.096686
159.841600 384.253100 391.918138 0.017050
157.212800 384.244100 391.691722 -0.057681
154.757500 384.238100 391.461106 -0.128778
152.465500 384.177300 391.178202 -0.187978
150.349500 384.033300 390.817321 -0.258799
148.462800 383.774700 390.314036 -0.312661
146.861800 383.342900 389.595883 -0.356001
145.493000 382.652100 388.682407 -0.398072
144.342900 381.710300 387.553742 -0.403122
143.476000 380.548800 386.282693 -0.426947
142.885900 379.215000 384.886137 -0.446982
142.512900 377.743300 383.426449 -0.456058
142.317800 376.136600 381.809028 -0.488482
142.188100 374.395800 380.075173 -0.490874
142.147200 372.567400 378.222604 -0.510939
142.122900 370.607400 376.235327 -0.514298
142.117600 368.494900 374.074164 -0.520430
142.130800 366.233800 371.746984 -0.502145
142.204400 363.814600 369.269357 -0.496634
142.299400 361.231000 366.630634 -0.494280
142.415300 358.474700 363.811839 -0.483425
142.582500 355.558100 360.859659 -0.507101
142.739700 352.539000 357.827804 -0.518087
142.891900 349.439100 354.720566 -0.497795
143.064500 346.281300 351.572031 -0.490633
143.227100 343.091000 348.374478 -0.451192
143.425200 339.887400 345.183825 -0.424651
143.616200 336.700500 341.997762 -0.394825
143.795900 333.502200 338.836095 -0.384757
144.005700 330.337500 335.669192 -0.361261
144.230000 327.130600 332.483247 -0.367170
144.419100 323.896200 329.240844 -0.372064
144.587400 320.591100 325.971855 -0.378276
144.754600 317.239000 322.659596 -0.394141
144.941900 313.833000 319.282574 -0.389132
145.157300 310.363000 315.879279 -0.410863
145.368500 306.861100 312.435083 -0.429001
145.569800 303.322100 308.954110 -0.449174
145.779600 299.781500 305.437240 -0.438682
145.995800 296.224300 301.912971 -0.442626
146.232800 292.723700 298.448328 -0.411173
146.466500 289.221500 294.975053 -0.387958
146.685200 285.746000 291.522852 -0.401258
146.893800 282.281200 288.104803 -0.401925
147.103700 278.834100 284.691607 -0.382480
147.309200 275.380000 281.280461 -0.431051
147.469000 272.014900 277.949336 -0.431428
147.644100 268.640500 274.587883 -0.441005
147.828000 265.287400 271.281067 -0.491787
148.018700 262.011300 268.046753 -0.532325
148.191600 258.776500 264.816076 -0.512663
148.362500 255.568000 261.633507 -0.541593
148.542700 252.484800 258.603745 -0.583013
148.699400 249.530100 255.690120 -0.587943
148.855100 246.697000 252.962679 -0.581801
149.012000 244.059600 250.394573 -0.564181
149.177500 241.565300 247.957725 -0.535263
149.354100 239.240800 245.714849 -0.534477
149.518500 237.141100 243.692348 -0.529099
149.688400 235.241100 241.885831 -0.532601
149.831600 233.536700 240.279392 -0.548973
149.906300 232.004900 238.840005 -0.561907
149.838700 230.619900 237.519167 -0.578892
149.635100 229.344100 236.258699 -0.603801
149.241300 228.150200 235.048892 -0.610246
148.716100 227.039600 233.918964 -0.632440
148.000700 226.008200 232.826024 -0.661668
147.075700 225.048900 231.773720 -0.683026
145.937600 224.217300 230.805117 -0.746638
144.564400 223.496400 229.943080 -0.801931
143.010800 222.963900 229.242482 -0.859390
141.316600 222.568700 228.649689 -0.914046
139.454500 222.334500 228.180219 -0.977756
137.425000 222.166300 227.790056 -1.032806
135.205500 222.050100 227.445098 -1.096435
132.804000 221.961500 227.130079 -1.163689
130.267400 221.919300 226.805284 -1.199625
127.508700 221.882500 226.426835 -1.268662
124.622700 221.854300 226.077538 -1.361932
121.664000 221.830100 225.709136 -1.397980
118.657200 221.763300 225.321647 -1.486813
115.641600 221.685500 224.890565 -1.541772
112.627300 221.570300 224.465559 -1.620245
109.673500 221.356100 224.008602 -1.689859
106.754900 221.166500 223.564054 -1.727241
103.815900 220.977200 223.131924 -1.777065
100.933900 220.822800 222.713274 -1.835391
98.075460 220.656000 222.308330 -1.884658
95.253020 220.487500 221.878103 -1.955482
92.486910 220.344500 221.467345 -2.029001
89.875370 220.223200 221.078112 -2.085540
87.458400 220.103100 220.705386 -2.136956
85.308900 219.940400 220.404545 -2.196008
83.404740 219.814900 220.148898 -2.245344
81.811460 219.719400 219.982194 -2.297046
80.386560 219.682400 219.865961 -2.334696
79.003730 219.767200 219.859984 -2.382179
77.660700 220.007600 219.950189 -2.422805
76.371580 220.406400 220.191884 -2.465503
75.155860 220.960300 220.602449 -2.513729
74.011040 221.726500 221.263530 -2.547972
72.923470 222.715600 222.115482 -2.579647
71.978870 223.872400 223.172693 -2.609683
71.184520 225.266700 224.427027 -2.648142
70.559680 226.755300 225.774926 -2.640529
70.106430 228.212400 227.212908 -2.624922
69.780350 229.717400 228.690123 -2.615064
69.611080 231.273600 230.254314 -2.606507
69.507330 232.885000 231.858059 -2.590914
69.413710 234.508900 233.486259 -2.585268
69.343880 236.144900 235.106112 -2.562428
69.165330 237.775100 236.710827 -2.560120
68.850580 239.377200 238.246178 -2.536014
68.411010 240.827300 239.650534 -2.508519
67.727420 242.111200 240.860962 -2.491418
66.803100 243.182900 241.878689 -2.535738
65.701790 244.107800 242.672729 -2.549844
64.448250 244.782200 243.213024 -2.653329
63.080800 245.260000 243.526583 -2.677761
61.580750 245.474700 243.581795 -2.751312
60.021940 245.545100 243.475895 -2.803153
58.373630 245.501300 243.269086 -2.875392
56.557790 245.387700 243.020529 -2.936029
54.575700 245.267600 242.726045 -3.009168
52.422320 245.171900 242.434520 -3.090994
50.087930 245.081900 242.129560 -3.163227
47.581640 245.008900 241.812728 -3.244144
44.918970 244.937600 241.448882 -3.343845
42.122820 244.817200 241.024858 -3.427312
39.164720 244.672400 240.577222 -3.538097
36.057060 244.510700 240.089171 -3.646509
32.840100 244.318200 239.563591 -3.755163
29.595440 244.119000 239.046809 -3.847029
26.356030 243.938500 238.567372 -3.937780
23.136280 243.778100 238.081454 -4.020290
19.923890 243.574600 237.562976 -4.125497
16.771670 243.333700 237.019873 -4.222358
13.661940 243.082500 236.460839 -4.321535
10.666390 242.818300 235.927315 -4.427969
7.814747 242.555200 235.411662 -4.517329
5.139292 242.325200 234.961008 -4.603209
2.679849 242.118700 234.548395 -4.676169
0.450309 241.930700 234.174201 -4.742760
-1.528966 241.776000 233.854583 -4.809005
-3.228819 241.670700 233.619473 -4.862799
-4.618300 241.633500 233.468291 -4.905726
-5.727634 241.635600 233.393712 -4.942643
-6.594910 241.676300 233.355998 -4.956784
-7.316062 241.736500 233.346777 -4.979863
-7.999830 241.824600 233.378464 -4.990130
-8.668434 241.971800 233.460435 -4.989093
-9.310473 242.159800 233.592953 -5.018097
-10.040280 242.489600 233.856832 -4.999537
-10.900630 242.986700 234.258943 -5.014940
-11.788840 243.696900 234.882499 -5.042851
-12.605680 244.629900 235.711590 -5.048659
-13.325190 245.805400 236.868964 -5.086611
-13.876090 247.212100 238.329198 -5.064786
-14.262280 248.903900 240.076440 -5.072057
-14.456720 250.843200 242.091111 -5.055243
-14.534350 252.994100 244.335490 -5.040069
-14.597030 255.350200 246.737664 -5.012429
-14.667090 257.910700 249.336905 -4.998759
-14.735990 260.649600 252.101802 -4.986806
-14.849520 263.575900 255.075769 -4.952814
-14.957480 266.729800 258.233755 -4.933989
-15.059630 270.015600 261.563420 -4.890898
-15.182710 273.477200 265.031493 -4.863754
-15.303150 277.021400 268.549348 -4.841081
-15.440230 280.658500 272.173439 -4.800988
-15.590580 284.351600 275.811933 -4.749559
-15.764490 288.068200 279.491689 -4.673948
-15.946800 291.811700 283.187361 -4.644012
-16.099940 295.543400 286.900162 -4.585638
-16.260060 299.308400 290.639412 -4.527095
-16.425310 303.105800 294.397448 -4.496946
-16.590140 306.893300 298.147536 -4.460843
-16.756680 310.705900 301.951202 -4.411439
-16.910250 314.536100 305.770939 -4.377425
-17.062160 318.371600 309.580430 -4.348620
-17.211700 322.183300 313.372082 -4.313860
-17.359600 325.995800 317.143385 -4.280745
-17.503240 329.777900 320.914489 -4.259171
-17.652950 333.537700 324.643461 -4.232716
-17.803470 337.274400 328.352859 -4.204979
-17.965510 340.928300 331.946302 -4.176138
-18.139020 344.467400 335.406870 -4.150214
-18.309560 347.827300 338.702626 -4.135554
-18.498430 351.069300 341.886582 -4.122075
-18.657830 354.177800 344.931003 -4.100249
-18.779270 357.113600 347.795637 -4.081527
-18.870160 359.864000 350.464587 -4.065864
-18.946200 362.402300 352.902394 -4.048148
-18.990920 364.711200 355.119350 -4.039813
-19.050610 366.784400 357.093599 -4.019918
-19.150770 368.599600 358.832052 -4.005291
-19.288630 370.232600 360.444018 -4.001104
-19.600770 371.746300 361.945274 -4.006730
-20.181060 373.134000 363.274974 -4.009749
-21.046240 374.352900 364.368760 -4.046259
-22.127780 375.353800 365.219991 -4.100251
-23.457040 376.098400 365.801434 -4.205843
-24.934490 376.556700 365.959186 -4.236555
-26.555040 376.670400 365.805739 -4.275441
-28.276760 376.521700 365.471571 -4.290465
-30.056280 376.231600 364.999542 -4.378866
-31.975970 375.881500 364.462648 -4.451592
-34.041570 375.538800 363.889403 -4.521775
-36.312400 375.174700 363.252041 -4.568812
-38.740670 374.815500 362.615467 -4.644592
-41.349510 374.513500 362.032295 -4.727063
-44.097790 374.260800 361.511604 -4.827699
-47.011360 374.040700 360.992335 -4.951648
-50.040150 373.823900 360.445245 -5.080345
-53.185680 373.618900 359.905278 -5.182773
-56.406270 373.421900 359.366147 -5.304833
-59.653410 373.251300 358.841093 -5.406914
-62.943060 373.083600 358.295287 -5.535800
-66.219570 372.909300 357.757849 -5.652840
-69.486870 372.732000 357.216093 -5.770024
-72.726120 372.532900 356.639149 -5.887330
-75.949990 372.348800 356.095182 -6.012496
-79.132360 372.198800 355.577994 -6.125626
-82.276670 372.085900 355.104001 -6.250233
-85.318380 372.021300 354.703284 -6.361810
-88.202870 371.999200 354.351751 -6.462135
-90.927450 371.989600 354.040005 -6.540735
-93.555550 371.974900 353.717775 -6.625465
-96.169310 371.894100 353.306736 -6.710352
-98.735200 371.699400 352.791548 -6.778109
-101.335900 371.405700 352.207707 -6.837926
-104.006100 371.090100 351.596280 -6.914678
-106.771100 370.792200 350.963420 -7.019961
-109.682200 370.477800 350.339630 -7.165989
-112.739100 370.228500 349.741208 -7.326343
-115.931600 370.036400 349.151288 -7.449905
-119.286600 369.828600 348.589125 -7.583481
-122.729500 369.724600 348.087166 -7.688873
-126.288700 369.671200 347.628002 -7.804066
-129.839700 369.662300 347.212770 -7.918962
-133.385600 369.650900 346.803547 -8.060262
-136.894400 369.634000 346.373860 -8.151787
-140.398100 369.514400 345.828148 -8.256647
-143.862100 369.340500 345.264277 -8.374729
-147.327600 369.166400 344.693012 -8.495485
-150.737000 368.971100 344.121666 -8.626555
-154.158600 368.781900 343.541950 -8.762192
-157.533900 368.539100 342.917024 -8.905778
-160.863100 368.281900 342.287169 -9.045123
-164.185700 368.025000 341.654644 -9.187484
-167.432800 367.748600 341.016817 -9.335799
-170.642400 367.488400 340.409378 -9.468670
-173.841400 367.227100 339.778828 -9.595185
-177.023700 366.951400 339.142985 -9.709919
-180.244500 366.730400 338.564706 -9.841186
-183.473900 366.580900 338.056726 -9.934497
-186.744800 366.472000 337.568257 -10.076021
-190.033500 366.367300 337.073173 -10.200970
-193.355400 366.250500 336.586145 -10.347360
-196.716900 366.188600 336.145336 -10.509360
-200.121200 366.182600 335.751481 -10.667473
-203.540500 366.199800 335.377911 -10.830874
-206.952700 366.227500 335.024130 -10.999292
-210.347900 366.285500 334.683076 -11.150656
-213.706200 366.365900 334.370651 -11.296667
-217.009500 366.481900 334.108688 -11.443363
-220.179700 366.654500 333.942995 -11.590989
-223.191200 366.879000 333.826744 -11.706907
-226.097000 367.114900 333.732062 -11.845515
-228.814800 367.345400 333.636454 -11.949776
-231.386300 367.584000 333.591795 -12.071055
-233.712600 367.887700 333.648972 -12.167981
-235.782000 368.275800 333.849536 -12.249670
-237.675400 368.737900 334.128974 -12.313994
-239.369400 369.206200 334.402158 -12.375168
-240.923900 369.617600 334.628432 -12.437402
-242.343700 369.946600 334.781855 -12.492850
-243.617800 370.200700 334.870746 -12.548517
-244.859400 370.340600 334.853288 -12.590407
-246.077300 370.391700 334.759235 -12.631445
-247.267700 370.379800 334.587436 -12.676329
-248.493500 370.333700 334.401469 -12.737988
-249.783700 370.306600 334.224945 -12.787482
-251.078800 370.299200 334.074789 -12.835290
-252.358200 370.349900 333.992868 -12.888738
-253.632100 370.436500 333.944472 -12.954351
-254.850600 370.581800 333.968304 -12.990432
-255.940600 370.729900 333.999514 -13.040648
-256.915700 370.895600 334.072151 -13.067810
-257.880300 371.026600 334.111069 -13.091568
-258.825300 371.074700 334.049169 -13.128109
-259.790200 371.036700 333.862035 -13.163597
-260.853800 370.865000 333.529668 -13.218903
-261.981300 370.525600 332.984953 -13.264942
-263.149900 369.955400 332.210704 -13.340262
-264.334300 369.128800 331.168227 -13.373481
-265.453200 367.983800 329.802853 -13.430941
-266.451000 366.525200 328.175301 -13.481487
-267.251800 364.723800 326.302741 -13.535927
-267.949500 362.709300 324.165942 -13.618235
-268.506500 360.485200 321.846906 -13.656746
-268.941500 358.026800 319.284678 -13.699671
-269.220400 355.348600 316.565597 -13.734922
-269.448800 352.477300 313.624284 -13.784463
-269.718000 349.407100 310.532702 -13.830104
-269.985700 346.177700 307.268796 -13.876110
-270.257600 342.841000 303.905642 -13.930544
-270.518100 339.408900 300.424093 -13.979404
-270.754500 335.850800 296.853745 -14.059072
-270.955500 332.279200 293.325895 -14.096533
-271.100700 328.699800 289.728941 -14.140378
-271.205200 325.126400 286.208502 -14.185269
-271.267700 321.587300 282.699090 -14.242935
-271.275200 318.070500 279.222802 -14.307494
-271.222900 314.582000 275.781542 -14.363714
-271.120000 311.120600 272.389001 -14.412128
-270.978000 307.683800 268.999414 -14.468493
-270.782700 304.265600 265.660247 -14.518620
-270.528600 300.853100 262.329080 -14.569800
-270.242000 297.429400 258.968782 -14.608334
-269.919600 293.989900 255.615311 -14.640993
-269.545200 290.528500 252.232908 -14.674367
-269.141700 287.042100 248.830481 -14.704168
-268.688300 283.528200 245.418231 -14.748286
-268.188900 279.998100 242.006702 -14.786899
-267.644900 276.438400 238.556862 -14.820806
-267.060700 272.864800 235.095633 -14.859244
-266.415600 269.267600 231.660544 -14.907330
-265.703700 265.659900 228.184356 -14.954936
-264.933700 262.028500 224.689222 -14.997800
-264.083600 258.356100 221.171607 -15.047606
-263.198600 254.694500 217.676164 -15.092209
-262.249500 251.044300 214.238426 -15.134641
-261.237300 247.429800 210.790123 -15.181074
-260.189300 243.839800 207.388067 -15.213244
-259.094000 240.246100 203.960159 -15.236161
-257.955600 236.666200 200.576226 -15.273459
-256.772700 233.104800 197.220843 -15.293643
-255.531300 229.548500 193.864764 -15.311722
-254.248400 226.028100 190.566991 -15.337129
-252.919100 222.544000 187.279299 -15.353305
-251.574800 219.079600 184.047039 -15.370176
-250.208800 215.633800 180.823220 -15.390535
-248.823500 212.212300 177.602549 -15.406513
-247.396200 208.816100 174.434629 -15.422294
-245.924600 205.438400 171.308589 -15.442186
-244.407500 202.096000 168.217889 -15.467542
-242.864900 198.761700 165.130232 -15.494906
-241.279000 195.474400 162.104781 -15.521807
-239.649300 192.235800 159.127830 -15.550742
-237.983200 189.035400 156.198549 -15.587515
-236.298900 185.858800 153.274864 -15.615343
-234.588400 182.702700 150.413476 -15.658138
-232.835600 179.589900 147.566287 -15.704839
-231.009300 176.491000 144.717535 -15.726408
-229.111700 173.245900 141.869878 -15.759107
-227.176300 170.021800 138.993441 -15.764608
-225.177100 166.838100 136.136005 -15.774576
-223.121100 163.678300 133.314588 -15.779665
-221.021800 160.583500 130.556103 -15.792821
-218.906700 157.528200 127.828783 -15.804134
-216.758300 154.516100 125.140033 -15.822285
-214.598900 151.542200 122.495607 -15.830328
-212.419400 148.613400 119.878249 -15.831579
-210.228200 145.723000 117.328706 -15.841055
-207.984500 142.875200 114.799109 -15.852080
-205.709300 140.044600 112.305710 -15.870824
-203.367700 137.252600 109.850152 -15.907788
-200.986900 134.476000 107.414917 -15.933759
-198.545200 131.709700 104.976825 -15.949545
-196.059300 128.939500 102.571249 -15.960002
-193.510200 126.196800 100.199447 -15.967075
-190.897300 123.468900 97.839370 -15.961299
-188.227400 120.762000 95.498432 -15.961654
-185.497000 118.076800 93.198023 -15.962163
-182.724000 115.414700 90.887409 -15.968023
-179.874900 112.756200 88.617345 -15.956765
-176.963500 110.129700 86.390656 -15.962779
-174.022700 107.478800 84.142839 -15.951323
-171.062700 104.830200 81.918442 -15.954538
-168.072200 102.205400 79.717148 -15.954056
-165.063500 99.572080 77.495750 -15.977456
-162.094200 96.925240 75.251239 -15.999873
-159.158100 94.245620 72.982945 -16.009127
-156.222000 91.591220 70.758938 -16.030531
-153.302600 88.949020 68.530138 -16.052051
-150.415700 86.290970 66.275359 -16.043293
-147.525700 83.616700 64.007563 -16.036759
-144.616800 80.967880 61.772367 -16.036774
-141.680000 78.334030 59.557356 -16.062375
-138.744900 75.701910 57.339756 -16.067313
-135.803000 73.066790 55.107586 -16.082930
-132.863800 70.434610 52.872792 -16.084776
-129.933000 67.796650 50.628422 -16.075557
-127.009300 65.165490 48.407034 -16.091066
-124.094300 62.565200 46.219530 -16.116431
-121.185800 59.961850 44.020568 -16.136361
-118.275800 57.358150 41.828376 -16.154605
-115.383500 54.746480 39.621455 -16.173739
-112.487100 52.132910 37.419941 -16.187940
-109.563100 49.507800 35.223118 -16.215050
-106.649400 46.882310 33.010025 -16.258859
-103.717200 44.240620 30.784869 -16.291063
-100.776700 41.607720 28.586294 -16.318631
-97.815960 38.955960 26.364841 -16.341571
-94.863170 36.299440 24.133193 -16.352892
-91.884440 33.643060 21.904378 -16.380732
-88.909720 30.989760 19.689775 -16.422729
-85.917480 28.322680 17.446386 -16.447620
-82.929050 25.668410 15.238435 -16.479490
-79.941980 23.038030 13.040118 -16.518089
-76.962720 20.421650 10.848404 -16.563394
-74.007520 17.823510 8.677545 -16.622180
-71.092400 15.226900 6.492606 -16.675949
-68.209240 12.634500 4.331371 -16.717606
-65.354250 10.051970 2.165487 -16.782570
-62.542350 7.481356 0.002233 -16.822103
-59.754040 4.927046 -2.126057 -16.861143
-57.009180 2.422195 -4.210571 -16.906271
-54.340090 0.009828 -6.217275 -16.948991
-51.766990 -2.296378 -8.140484 -16.998499
-49.260900 -4.526641 -10.002434 -17.035285
-46.853800 -6.677798 -11.787919 -17.060874
-44.569730 -8.685225 -13.436982 -17.082747
-42.404320 -10.528340 -14.944450 -17.099161
-40.364200 -12.198710 -16.293644 -17.116429
-38.389800 -13.695430 -17.452796 -17.137803
-36.423220 -15.003710 -18.417571 -17.145092
-34.423200 -16.097900 -19.148695 -17.136386
-32.364650 -16.913830 -19.616091 -17.136407
-30.265120 -17.411740 -19.759181 -17.128405
-28.163420 -17.604910 -19.605947 -17.110544
-26.110560 -17.459960 -19.141295 -17.076849
-24.143360 -16.987220 -18.355271 -17.041754
-22.296980 -16.217800 -17.327548 -16.999810
-20.604650 -15.231400 -16.150602 -16.951607
-19.008910 -14.153640 -14.906601 -16.906733
-17.427180 -13.090130 -13.672555 -16.844846
-15.874640 -12.069320 -12.468295 -16.784579
-14.363580 -11.106930 -11.324791 -16.733545
-12.922670 -10.242620 -10.300728 -16.676423
-11.574780 -9.466819 -9.378692 -16.633368
-10.317910 -8.788752 -8.543075 -16.578259
-9.188230 -8.193104 -7.830022 -16.546132
-8.211014 -7.716742 -7.237704 -16.510707
-7.426664 -7.335419 -6.763726 -16.487475
-6.732949 -7.004384 -6.316110 -16.452413
-6.081177 -6.624412 -5.854243 -16.421005
-5.489078 -6.233971 -5.370329 -16.384584
-4.934984 -5.802268 -4.848124 -16.359449
-4.339961 -5.285216 -4.195717 -16.300587
-3.697865 -4.592905 -3.383054 -16.262213
-3.037676 -3.769289 -2.423175 -16.194965
-2.408137 -2.790908 -1.318828 -16.167288
-1.801721 -1.625169 0.002094 -16.092495
-1.269630 -0.215074 1.543188 -16.068905
-0.812186 1.417145 3.290854 -15.996723
-0.577413 3.304554 5.195073 -15.950842
-0.470925 5.426109 7.280407 -15.872868
-0.476637 7.694492 9.506707 -15.788560
-0.570738 10.119870 11.873307 -15.722490
-0.648451 12.686750 14.449369 -15.632371
-0.748385 15.378500 17.146525 -15.532147
-0.860824 18.191740 19.986060 -15.433677
-0.998219 21.084400 22.893700 -15.323926
-1.176238 24.100490 25.926307 -15.223213
-1.395968 27.224660 28.995709 -15.137360
-1.640741 30.420880 32.170975 -15.036257
-1.879320 33.664680 35.353373 -14.929103
-2.150183 36.923590 38.565282 -14.822226
-2.397389 40.249040 41.830807 -14.728403
-2.638864 43.594280 45.097815 -14.646266
-2.848280 46.962570 48.411230 -14.556608
-3.041372 50.356970 51.768326 -14.459795
-3.212653 53.820380 55.169038 -14.345994
-3.380992 57.307360 58.621471 -14.253411
-3.567609 60.834770 62.103485 -14.164884
-3.786600 64.385720 65.608984 -14.048446
-3.981904 67.973540 69.128674 -13.936882
-4.173959 71.565920 72.638186 -13.848108
-4.396788 75.106490 76.109514 -13.742400
-4.593996 78.623730 79.573221 -13.600611
-4.800834 82.136440 83.028999 -13.482620
-5.016400 85.597270 86.424828 -13.381765
-5.214554 89.008160 89.787218 -13.297284
-5.369648 92.435540 93.136491 -13.222022
-5.524006 95.827610 96.469235 -13.134486
