0.000000 -0.000000 0.000000 0.000000
0.287920 2.986691 2.893490 0.046055
0.971569 5.887651 5.794308 0.081847
2.050498 8.646240 8.525202 0.176170
3.483068 11.215600 11.090317 0.239151
5.252124 13.530580 13.436539 0.297584
7.315983 15.554830 15.478255 0.349866
9.617499 17.248350 17.215734 0.411306
12.138440 18.605410 18.667811 0.462994
14.845670 19.655580 19.840260 0.492089
17.710960 20.442900 20.764786 0.527337
20.708720 20.958900 21.398472 0.548258
23.853650 21.214680 21.791034 0.508098
27.127230 21.215640 21.964801 0.486324
30.502910 21.029600 21.975094 0.466483
33.942320 20.718590 21.855088 0.418705
37.526800 20.278900 21.623651 0.365535
41.305500 19.746480 21.310259 0.318955
45.281370 19.137530 20.931356 0.262938
49.442010 18.473180 20.516564 0.197176
53.784140 17.768220 20.079509 0.134142
58.319700 17.046980 19.647542 0.073224
63.045640 16.314830 19.215731 0.014769
67.933580 15.564290 18.764715 -0.051823
72.949570 14.807080 18.344171 -0.111808
78.112070 14.037650 17.887588 -0.183439
83.403150 13.249300 17.449294 -0.238750
88.827470 12.428430 16.988639 -0.306583
94.384170 11.569350 16.476422 -0.378099
100.052700 10.639880 15.919270 -0.441749
105.791000 9.611618 15.260424 -0.491461
111.620600 8.486629 14.508350 -0.545086
117.518200 7.246929 13.652692 -0.608243
123.481700 5.883248 12.677912 -0.664693
129.500400 4.402279 11.589018 -0.739484
135.583700 2.806947 10.419221 -0.817423
141.730400 1.132152 9.188105 -0.902028
147.930500 -0.644931 7.835006 -0.980723
154.181200 -2.533182 6.382341 -1.068293
160.473700 -4.525316 4.853710 -1.148428
166.825700 -6.614701 3.244072 -1.222848
173.224500 -8.806086 1.521279 -1.314928
179.671400 -11.085600 -0.270010 -1.410109
186.169900 -13.447970 -2.145561 -1.490018
192.708700 -15.908790 -4.113892 -1.562828
199.295800 -18.474840 -6.176825 -1.649871
205.877000 -21.127230 -8.312040 -1.722475
212.474400 -23.878960 -10.532454 -1.807281
219.085400 -26.695130 -12.805138 -1.886673
225.674300 -29.566300 -15.112255 -1.953031
232.258400 -32.511370 -17.487935 -2.029099
238.826600 -35.515520 -19.943180 -2.121820
245.357100 -38.591140 -22.467144 -2.218315
251.842400 -41.746310 -25.073320 -2.316423
258.295100 -44.977770 -27.763695 -2.438958
264.734000 -48.300070 -30.553162 -2.548641
271.174400 -51.720410 -33.436342 -2.663937
277.658000 -55.253110 -36.421269 -2.786618
284.188500 -58.892510 -39.498877 -2.902364
290.770400 -62.649290 -42.680068 -3.024052
297.421200 -66.505210 -45.964922 -3.180537
304.114100 -70.451700 -49.326469 -3.313947
310.871400 -74.512450 -52.796280 -3.473852
317.638300 -78.729880 -56.441527 -3.656803
324.412000 -83.100090 -60.195016 -3.833389
331.147700 -87.570510 -64.029259 -4.032783
337.838900 -92.151540 -67.971238 -4.262528
344.489200 -96.836160 -72.006042 -4.516888
351.109400 -101.590900 -76.119800 -4.770249
357.680900 -106.441100 -80.321791 -5.043859
364.205100 -111.363100 -84.619393 -5.354719
370.654300 -116.349400 -88.959607 -5.655607
377.044400 -121.373300 -93.327117 -5.936576
383.353100 -126.497900 -97.809225 -6.198853
389.648900 -131.627300 -102.309117 -6.606162
395.838500 -136.824400 -106.903469 -6.939438
401.977500 -142.068800 -111.520340 -7.298329
408.063900 -147.386100 -116.224522 -7.679181
414.119900 -152.725600 -120.913190 -8.071289
420.140100 -158.070100 -125.606145 -8.468504
426.135700 -163.442300 -130.328108 -8.843880
432.096100 -168.831000 -135.093942 -9.281026
438.042000 -174.202900 -139.808193 -9.712122
444.039200 -179.520000 -144.467438 -10.192406
450.064000 -184.791600 -149.025634 -10.594743
456.158000 -189.992400 -153.529167 -11.038364
462.246200 -195.183000 -158.042576 -11.472499
468.350900 -200.337600 -162.505256 -11.930653
474.468300 -205.478700 -166.976868 -12.367716
480.606000 -210.588600 -171.405989 -12.827806
486.757700 -215.677000 -175.794393 -13.298083
492.916600 -220.757600 -180.170515 -13.773049
499.072200 -225.827000 -184.534125 -14.260609
505.239000 -230.914300 -188.916229 -14.771192
511.393900 -235.996900 -193.296544 -15.287712
517.549300 -241.076200 -197.661893 -15.797626
523.710600 -246.155700 -202.022352 -16.336516
529.865100 -251.222800 -206.372386 -16.878023
536.037700 -256.292500 -210.721166 -17.431478
542.213600 -261.366100 -215.060764 -18.002948
548.376000 -266.436600 -219.412489 -18.572031
554.549300 -271.525400 -223.760978 -19.148345
560.720400 -276.614600 -228.138007 -19.741225
566.895900 -281.702100 -232.493813 -20.342986
573.077300 -286.787100 -236.824293 -20.965142
579.254000 -291.852900 -241.165988 -21.597972
585.438300 -296.913900 -245.476830 -22.226246
591.610800 -301.938300 -249.756585 -22.867186
597.802700 -306.948800 -254.015474 -23.516795
604.002400 -311.952300 -258.282316 -24.178143
610.204100 -316.963500 -262.535420 -24.852486
616.401400 -321.978100 -266.786715 -25.503344
622.606700 -326.989100 -271.059501 -26.174156
628.813800 -331.994200 -275.316368 -26.850794
635.032400 -336.999800 -279.570007 -27.537860
641.237400 -341.988600 -283.794067 -28.223185
647.445400 -346.968600 -288.019617 -28.916462
653.662300 -351.935500 -292.235745 -29.612521
659.877900 -356.880600 -296.433868 -30.330103
666.112000 -361.828900 -300.616888 -31.045645
672.350500 -366.769500 -304.806930 -31.760611
678.587600 -371.720300 -308.993912 -32.486184
684.819800 -376.684200 -313.191384 -33.220722
691.040800 -381.648800 -317.407928 -33.965464
697.271000 -386.614300 -321.607402 -34.693010
703.506500 -391.568600 -325.794713 -35.438545
709.744100 -396.517700 -329.975140 -36.198422
715.983900 -401.433800 -334.117960 -36.954840
722.229600 -406.329600 -338.242678 -37.698788
728.498300 -411.207700 -342.325061 -38.457528
734.766400 -416.073400 -346.385296 -39.196977
741.047900 -420.934000 -350.436712 -39.952134
747.328900 -425.791700 -354.509896 -40.727202
753.611600 -430.654100 -358.553424 -41.500340
759.909100 -435.497600 -362.592667 -42.248019
766.234600 -440.329500 -366.597098 -43.012618
772.573000 -445.140400 -370.559782 -43.779062
778.917600 -449.932200 -374.516981 -44.532876
785.270600 -454.711000 -378.406330 -45.302042
791.604400 -459.487600 -382.357856 -46.077244
797.914000 -464.271400 -386.298051 -46.836533
804.202800 -469.044800 -390.210960 -47.603124
810.490200 -473.819600 -394.142817 -48.363971
816.791500 -478.590500 -398.078607 -49.141433
823.116400 -483.340400 -401.956016 -49.925429
829.464500 -488.061400 -405.818591 -50.734658
835.854100 -492.776100 -409.641135 -51.561439
842.262300 -497.485400 -413.456520 -52.392600
848.682700 -502.196400 -417.282279 -53.255089
855.114700 -506.913500 -421.112738 -54.118318
861.557000 -511.637000 -424.933820 -54.982874
868.011600 -516.355400 -428.765295 -55.881657
874.441900 -521.049300 -432.541664 -56.775063
880.882200 -525.706500 -436.277562 -57.680391
887.323800 -530.307900 -439.957242 -58.603180
893.755000 -534.861900 -443.612520 -59.533049
900.174200 -539.374300 -447.207082 -60.471651
906.591000 -543.848100 -450.760442 -61.425060
912.989900 -548.291900 -454.263673 -62.372182
919.400600 -552.731200 -457.778501 -63.334848
925.806600 -557.125700 -461.275014 -64.269127
932.226300 -561.535200 -464.759178 -65.253827
938.632500 -565.932700 -468.231575 -66.248616
945.057500 -570.322000 -471.715855 -67.276657
951.507700 -574.710200 -475.166915 -68.303274
957.980400 -579.074900 -478.600721 -69.328200
964.464000 -583.424600 -481.962716 -70.398391
970.963300 -587.758200 -485.337682 -71.496195
977.455300 -592.093300 -488.714672 -72.570271
983.961700 -596.421100 -492.116698 -73.691844
990.461700 -600.766400 -495.516278 -74.781522
996.966300 -605.096100 -498.897989 -75.871956
1003.471000 -609.407800 -502.258937 -76.970881
1009.973000 -613.695400 -505.592238 -78.075372
1016.458000 -617.959200 -508.920510 -79.200819
1022.925000 -622.217200 -512.225145 -80.304916
1029.367000 -626.452700 -515.543029 -81.402251
1035.804000 -630.641600 -518.789113 -82.505416
1042.231000 -634.798800 -522.025194 -83.624594
1048.656000 -638.946200 -525.241116 -84.727871
1055.084000 -643.051500 -528.428535 -85.840461
1061.525000 -647.144100 -531.583024 -86.969626
1067.966000 -651.185500 -534.721240 -88.134682
1074.401000 -655.235300 -537.864055 -89.265944
1080.840000 -659.293400 -540.983076 -90.411137
1087.270000 -663.328400 -544.083970 -91.537536
1093.718000 -667.347400 -547.178642 -92.658072
1100.195000 -671.340900 -550.228968 -93.854895
1106.668000 -675.317100 -553.252751 -95.011852
1113.157000 -679.272000 -556.260329 -96.183776
1119.659000 -683.201000 -559.227039 -97.367799
1126.198000 -687.131900 -562.178787 -98.564137
1132.753000 -691.046400 -565.108399 -99.741108
1139.341000 -694.955400 -568.039884 -100.912119
1145.954000 -698.852200 -570.924481 -102.092774
1152.585000 -702.740800 -573.820004 -103.295324
1159.229000 -706.637800 -576.718355 -104.496800
1165.886000 -710.538400 -579.645793 -105.720979
1172.562000 -714.459000 -582.579717 -106.948533
1179.271000 -718.394000 -585.510284 -108.182908
1186.021000 -722.344800 -588.430298 -109.463842
1192.784000 -726.294800 -591.369732 -110.747645
1199.585000 -730.258400 -594.300569 -112.018089
1206.417000 -734.212600 -597.204415 -113.290191
1213.283000 -738.159200 -600.094517 -114.589161
1220.173000 -742.105200 -602.953188 -115.876165
1227.101000 -746.027900 -605.787206 -117.150067
1234.074000 -749.929400 -608.581849 -118.423584
1241.082000 -753.823500 -611.372273 -119.691094
1248.123000 -757.717500 -614.161003 -120.959647
1255.209000 -761.611600 -616.945652 -122.274150
1262.318000 -765.501500 -619.708529 -123.579621
1269.473000 -769.393200 -622.468370 -124.827874
1276.670000 -773.287000 -625.211753 -126.088159
1283.885000 -777.170800 -627.942811 -127.372257
1291.103000 -781.040700 -630.668395 -128.647777
1298.329000 -784.899000 -633.378977 -129.907245
1305.561000 -788.742100 -636.073995 -131.171628
1312.794000 -792.571300 -638.743158 -132.408028
1320.032000 -796.384600 -641.405363 -133.660291
1327.287000 -800.172300 -644.040075 -134.907299
1334.542000 -803.950000 -646.662064 -136.130335
1341.797000 -807.723100 -649.280747 -137.351737
1349.058000 -811.481900 -651.888587 -138.568920
1356.319000 -815.232700 -654.479809 -139.770915
1363.568000 -818.960500 -657.033641 -140.968896
1370.797000 -822.663500 -659.581199 -142.171482
1378.014000 -826.342400 -662.096181 -143.363120
1385.241000 -830.002800 -664.577944 -144.526903
1392.473000 -833.639800 -667.031920 -145.684377
1399.712000 -837.258600 -669.461949 -146.845808
1406.940000 -840.856000 -671.863384 -147.997531
1414.145000 -844.419900 -674.220922 -149.129807
1421.338000 -847.958700 -676.536969 -150.242812
1428.540000 -851.473700 -678.832354 -151.362951
1435.735000 -854.974700 -681.116550 -152.461258
1442.936000 -858.462100 -683.369899 -153.551166
1450.116000 -861.922600 -685.602558 -154.637114
1457.288000 -865.353900 -687.807064 -155.722848
1464.432000 -868.758100 -689.977906 -156.803559
1471.550000 -872.135000 -692.106140 -157.884187
1478.642000 -875.485100 -694.204916 -158.948249
1485.696000 -878.796500 -696.288612 -160.019986
1492.712000 -882.085000 -698.342716 -161.101051
1499.686000 -885.346400 -700.387234 -162.193408
1506.608000 -888.579300 -702.393775 -163.270241
1513.510000 -891.787400 -704.403968 -164.354233
1520.388000 -894.966500 -706.361744 -165.433433
1527.242000 -898.117000 -708.281741 -166.528266
1534.067000 -901.240100 -710.166681 -167.599877
1540.873000 -904.334900 -712.031122 -168.694016
1547.641000 -907.393900 -713.855776 -169.790310
1554.374000 -910.425200 -715.649139 -170.856834
1561.071000 -913.426300 -717.430444 -171.954649
1567.716000 -916.424100 -719.214361 -173.050149
1574.331000 -919.426300 -720.985524 -174.153269
1580.910000 -922.431500 -722.773663 -175.256960
1587.477000 -925.449400 -724.562328 -176.350514
1593.998000 -928.484000 -726.364639 -177.465892
1600.456000 -931.552300 -728.214243 -178.573678
1606.851000 -934.653500 -730.116279 -179.694339
1613.177000 -937.795300 -732.062471 -180.817320
1619.446000 -940.960600 -734.032897 -181.960304
1625.639000 -944.138700 -736.025402 -183.077941
1631.780000 -947.302000 -738.003731 -184.187099
1637.876000 -950.461600 -739.979254 -185.278126
1643.920000 -953.598100 -741.937820 -186.374372
1649.931000 -956.702500 -743.873350 -187.498330
1655.907000 -959.742900 -745.731463 -188.623274
1661.857000 -962.732200 -747.548671 -189.714225
1667.828000 -965.652000 -749.272309 -190.836537
1673.786000 -968.517000 -750.949947 -191.941783
1679.740000 -971.331200 -752.597224 -193.078622
1685.682000 -974.128800 -754.221769 -194.205248
1691.585000 -976.910500 -755.837194 -195.326276
1697.460000 -979.678900 -757.443104 -196.455001
1703.321000 -982.431100 -759.035369 -197.590166
1709.144000 -985.145100 -760.605194 -198.743475
1714.950000 -987.831400 -762.138308 -199.878014
1720.748000 -990.466700 -763.615992 -201.027079
1726.528000 -993.063100 -765.051161 -202.176076
1732.261000 -995.615600 -766.452355 -203.323168
1737.915000 -998.126400 -767.841023 -204.442102
1743.475000 -1000.590000 -769.183416 -205.533348
1748.971000 -1002.990000 -770.516810 -206.650449
1754.388000 -1005.375000 -771.840609 -207.752898
1759.751000 -1007.751000 -773.180360 -208.885552
1764.998000 -1010.123000 -774.532280 -210.003908
1770.113000 -1012.467000 -775.865794 -211.090826
1775.097000 -1014.785000 -777.195638 -212.146866
1779.954000 -1017.080000 -778.529110 -213.187881
1784.649000 -1019.347000 -779.846638 -214.177326
1789.178000 -1021.604000 -781.187770 -215.165562
1793.508000 -1023.881000 -782.625304 -216.136522
1797.645000 -1026.269000 -784.201835 -217.097710
1801.573000 -1028.814000 -785.967504 -218.054554
1805.302000 -1031.525000 -787.947531 -219.024525
1808.823000 -1034.439000 -790.142456 -219.998892
1812.120000 -1037.563000 -792.596836 -220.982141
1815.169000 -1040.921000 -795.312727 -221.986826
1817.931000 -1044.484000 -798.287666 -222.991232
1820.326000 -1048.207000 -801.518672 -223.979137
1822.465000 -1052.152000 -804.973107 -224.962466
1824.255000 -1056.260000 -808.665934 -225.910161
1825.688000 -1060.491000 -812.520001 -226.852016
1826.758000 -1064.825000 -816.543574 -227.752814
1827.464000 -1069.230000 -820.715004 -228.637638
1827.812000 -1073.687000 -824.974363 -229.468002
1827.812000 -1078.165000 -829.320672 -230.273117
1827.468000 -1082.643000 -833.731665 -231.018148
1826.704000 -1087.072000 -838.194605 -231.708628
1825.633000 -1091.489000 -842.663712 -232.347163
1824.183000 -1095.811000 -847.107437 -232.923579
1822.357000 -1099.995000 -851.511006 -233.434798
1820.139000 -1103.994000 -855.803990 -233.879813
1817.589000 -1107.799000 -859.951157 -234.228066
1814.723000 -1111.351000 -863.912239 -234.509256
1811.551000 -1114.626000 -867.667569 -234.708244
1808.088000 -1117.606000 -871.195446 -234.814995
1804.284000 -1120.246000 -874.478777 -234.839972
1800.315000 -1122.623000 -877.556332 -234.803043
1796.124000 -1124.692000 -880.344642 -234.675872
1791.742000 -1126.471000 -882.909993 -234.507473
1787.194000 -1127.955000 -885.222054 -234.264811
1782.506000 -1129.180000 -887.325892 -233.966699
1777.702000 -1130.193000 -889.276457 -233.622447
1772.797000 -1131.038000 -891.088212 -233.236898
1767.796000 -1131.740000 -892.794086 -232.838840
1762.736000 -1132.348000 -894.434848 -232.422566
1757.655000 -1132.885000 -896.004508 -232.000549
1752.565000 -1133.366000 -897.549345 -231.564572
1747.458000 -1133.818000 -899.059289 -231.131154
1742.342000 -1134.251000 -900.555039 -230.691946
1737.220000 -1134.667000 -902.034138 -230.268267
1732.115000 -1135.064000 -903.499115 -229.839949
1727.075000 -1135.441000 -904.912303 -229.401791
1722.082000 -1135.788000 -906.299195 -228.953613
1717.161000 -1136.086000 -907.599628 -228.497875
1712.341000 -1136.271000 -908.754357 -228.034989
1707.613000 -1136.285000 -909.717764 -227.564885
1703.031000 -1136.085000 -910.402112 -227.060642
1698.586000 -1135.613000 -910.808661 -226.515810
1694.241000 -1134.791000 -910.890139 -225.956351
1689.991000 -1133.671000 -910.583188 -225.327843
1685.870000 -1132.171000 -909.890990 -224.659644
1681.961000 -1130.284000 -908.805062 -223.966818
1678.306000 -1127.996000 -907.272072 -223.226340
1674.826000 -1125.267000 -905.328961 -222.474286
1671.787000 -1122.274000 -903.026005 -221.701692
1669.099000 -1118.972000 -900.354583 -220.905140
1666.783000 -1115.408000 -897.353624 -220.094907
1664.817000 -1111.609000 -894.068905 -219.284612
1663.209000 -1107.637000 -890.568042 -218.472217
1661.958000 -1103.507000 -886.853332 -217.715084
1661.115000 -1099.284000 -882.957876 -216.954600
1660.724000 -1094.939000 -878.854434 -216.226862
1660.665000 -1090.516000 -874.654077 -215.521804
1661.140000 -1086.159000 -870.368631 -214.863416
1662.049000 -1081.841000 -866.007815 -214.257772
1663.374000 -1077.556000 -861.528236 -213.716334
1665.055000 -1073.325000 -857.039158 -213.227550
1667.040000 -1069.131000 -852.528028 -212.777925
1669.233000 -1064.989000 -847.979679 -212.376554
1671.640000 -1060.840000 -843.381756 -211.984152
1674.135000 -1056.683000 -838.710765 -211.619609
1676.716000 -1052.451000 -834.024563 -211.274872
1679.381000 -1048.145000 -829.240314 -210.921575
