0.000000 -0.000000 0.000000 0.000000
0.003267 4.566315 4.479764 0.055305
-0.031716 9.099118 9.020930 0.099232
-0.081952 13.587370 13.484510 0.145330
-0.172757 18.042800 17.927492 0.183663
-0.267875 22.451640 22.322846 0.216605
-0.358400 26.802010 26.648365 0.242970
-0.442803 31.082040 30.942686 0.261873
-0.523018 35.271990 35.081779 0.292492
-0.611006 39.330190 39.103673 0.326448
-0.673187 43.239550 42.964894 0.355959
-0.695957 46.977480 46.664363 0.378689
-0.690361 50.605530 50.261693 0.411839
-0.609462 54.132960 53.737555 0.439416
-0.411112 57.531050 57.074959 0.447221
-0.030280 60.807340 60.292377 0.442634
0.568852 63.940690 63.358154 0.438632
1.400581 66.903860 66.240232 0.451815
2.445156 69.702430 68.971204 0.435970
3.697183 72.300100 71.516964 0.456012
5.171922 74.740420 73.891012 0.442182
6.852965 76.941870 76.055329 0.425953
8.750799 78.905900 77.967987 0.434454
10.823450 80.634320 79.659437 0.443281
13.066210 82.178440 81.137888 0.485866
15.504950 83.526400 82.368845 0.564001
18.101340 84.588810 83.350041 0.608634
20.853170 85.339470 84.004432 0.637981
23.704110 85.757740 84.355823 0.699805
26.596700 85.903500 84.437766 0.793715
29.539120 85.860020 84.382481 0.876708
32.495530 85.669740 84.179423 0.989277
35.473920 85.419290 83.938931 1.134476
38.479390 85.150930 83.663822 1.305721
41.523140 84.840110 83.395728 1.496845
44.591610 84.512730 83.100295 1.695256
47.698590 84.159740 82.783653 1.916386
50.851300 83.780360 82.443596 2.131715
54.021280 83.370120 82.065593 2.369463
57.236480 82.963200 81.713848 2.608251
60.484150 82.564450 81.339936 2.842703
63.801630 82.126570 80.935609 3.018134
67.115350 81.671290 80.518631 3.259262
70.485000 81.248710 80.149247 3.461868
73.889090 80.831410 79.764971 3.671561
77.339480 80.402860 79.377811 3.893205
80.814430 79.981940 78.999602 4.117238
84.311560 79.560560 78.599366 4.330540
87.843140 79.132970 78.207356 4.547002
91.452740 78.712050 77.829208 4.757102
95.109110 78.302620 77.467289 4.974543
98.802080 77.939830 77.117281 5.199379
102.537600 77.577720 76.758470 5.409875
106.283100 77.182590 76.385607 5.618400
110.001900 76.763780 75.978013 5.820736
113.690700 76.253080 75.470497 6.041799
117.341000 75.581300 74.827306 6.231910
120.903700 74.751300 74.020400 6.458372
124.437500 73.785660 73.065484 6.656280
127.882800 72.651860 71.935018 6.863045
131.253600 71.361680 70.657854 7.076224
134.528800 69.931300 69.230854 7.286858
137.742000 68.328450 67.619288 7.551752
140.926800 66.546730 65.828357 7.789892
144.031200 64.574810 63.835914 8.049511
147.051200 62.406270 61.648625 8.305897
149.969500 60.049300 59.295166 8.561610
152.781800 57.504160 56.737162 8.824422
155.436800 54.746640 53.958824 9.066136
157.947400 51.752940 50.959871 9.344077
160.279800 48.634580 47.807730 9.630130
162.349000 45.353340 44.504154 9.928754
164.179800 41.946720 41.117858 10.251673
165.830900 38.447790 37.614784 10.575078
167.335400 34.861970 34.014814 10.857736
168.691200 31.242820 30.398253 11.184571
169.969500 27.582240 26.770218 11.470301
171.127300 23.900190 23.117403 11.751784
172.263200 20.221330 19.456402 12.075721
173.377000 16.599090 15.818696 12.414841
174.627000 13.004350 12.230676 12.725614
175.942500 9.442182 8.723527 13.019786
177.356800 5.917093 5.262359 13.305023
178.928800 2.434985 1.833540 13.601906
180.675800 -0.971876 -1.467245 13.880042
182.554400 -4.252484 -4.668024 14.144709
184.560700 -7.384682 -7.700580 14.373291
186.750900 -10.368790 -10.580770 14.586101
189.116500 -13.135630 -13.263638 14.802899
191.665700 -15.656880 -15.701722 15.008927
194.385900 -17.931220 -17.905889 15.203193
197.226100 -19.980800 -19.838615 15.390906
200.271800 -21.743030 -21.520380 15.569961
203.448300 -23.203180 -22.881442 15.732396
206.758900 -24.325190 -23.896780 15.892844
210.184300 -25.068170 -24.547636 16.047945
213.630700 -25.424490 -24.842409 16.195389
217.117000 -25.407460 -24.750954 16.340827
220.571900 -25.039820 -24.345575 16.481670
224.021200 -24.363710 -23.619998 16.623745
227.429900 -23.372920 -22.571335 16.771812
230.747500 -22.058700 -21.192811 16.938438
233.928400 -20.443850 -19.504256 17.102156
237.019600 -18.526770 -17.536034 17.297709
239.961000 -16.355940 -15.309371 17.482736
242.779800 -13.984550 -12.892298 17.682076
245.458500 -11.414060 -10.261509 17.860722
247.997000 -8.674394 -7.483105 18.047105
250.390600 -5.759310 -4.519847 18.235784
252.655600 -2.686673 -1.412004 18.435275
254.806500 0.534019 1.814417 18.638860
256.864000 3.862410 5.155007 18.836044
258.884400 7.263272 8.547106 19.022744
260.877600 10.718320 12.006836 19.215569
262.828700 14.222610 15.502144 19.409560
264.741600 17.745920 19.016118 19.599492
266.637600 21.266150 22.514514 19.799381
268.527700 24.786100 26.020526 19.995586
270.375000 28.334210 29.532044 20.184390
272.219500 31.917810 33.089191 20.374109
274.124700 35.502240 36.671059 20.557557
276.050500 39.060050 40.267981 20.740194
277.989700 42.665330 43.899273 20.903421
279.912600 46.301830 47.518318 21.051800
281.775800 49.949900 51.121760 21.199144
283.563100 53.532720 54.703409 21.322760
285.356500 57.056770 58.235757 21.444377
287.075600 60.536460 61.684332 21.549751
288.712000 63.954910 65.059723 21.667513
290.293900 67.289100 68.409282 21.807857
291.871100 70.559820 71.653505 21.934937
293.538100 73.753600 74.823016 22.061573
295.351100 76.864560 77.909261 22.166581
297.261700 79.892800 80.875323 22.276346
299.367900 82.771990 83.686345 22.375837
301.654700 85.444430 86.294115 22.472273
304.129900 87.873730 88.645885 22.561028
306.795800 90.009740 90.722384 22.645995
309.610300 91.815310 92.458126 22.720560
312.540600 93.287990 93.879583 22.790676
315.589700 94.424870 94.949880 22.871724
318.731100 95.231100 95.705505 22.933171
321.947000 95.719040 96.111053 23.022608
325.202000 95.875140 96.171620 23.106053
328.404100 95.672520 95.881898 23.190994
331.635400 95.086030 95.255916 23.283431
334.756200 94.171900 94.280740 23.358971
337.636900 92.963350 92.993799 23.434414
340.363200 91.461070 91.378285 23.514932
342.964100 89.692180 89.451193 23.617719
345.403300 87.579170 87.175770 23.737568
347.592200 85.092570 84.610585 23.892551
349.463400 82.321490 81.814274 24.065430
351.002500 79.397790 78.905860 24.237824
352.204000 76.402830 75.869413 24.419094
353.107800 73.306490 72.732213 24.626061
353.811200 70.096650 69.562238 24.831045
354.464700 66.889050 66.378831 25.035897
355.047400 63.664610 63.141251 25.246885
355.500500 60.449100 59.956934 25.457560
355.866900 57.296080 56.793297 25.671733
356.198500 54.208160 53.720782 25.865099
356.525800 51.221050 50.723023 26.073002
356.961300 48.369400 47.907888 26.265511
357.538900 45.752540 45.333225 26.433736
358.275300 43.388830 42.996461 26.579813
359.266800 41.238890 40.916559 26.701059
360.571800 39.373830 39.113495 26.781376
362.156300 37.835540 37.701910 26.801885
363.974400 36.638300 36.616317 26.770173
366.080400 35.761110 35.860919 26.674764
368.547300 35.234490 35.455442 26.541228
371.148400 35.045060 35.365620 26.387997
373.899500 35.175270 35.623202 26.278365
376.698100 35.611110 36.164758 26.189531
379.470900 36.322790 37.025766 26.114245
382.212100 37.294470 38.132813 26.040065
384.867700 38.517990 39.506906 25.978166
387.364100 39.991850 41.160409 25.926226
389.701500 41.780710 43.080518 25.898072
391.802700 43.839190 45.267740 25.882921
393.689400 46.099010 47.611951 25.893472
395.383900 48.474340 50.076286 25.916487
396.942200 50.928340 52.584458 25.963207
398.325500 53.450140 55.198050 26.008791
399.544900 56.052550 57.882562 26.052865
400.579700 58.728940 60.666140 26.109803
401.390700 61.486590 63.490953 26.166016
401.978000 64.333130 66.417859 26.234393
402.335300 67.250270 69.392309 26.313438
402.474600 70.259740 72.460726 26.406438
402.447300 73.356030 75.619062 26.535769
402.341800 76.540880 78.870246 26.648115
402.228800 79.805450 82.192237 26.789844
402.075400 83.156280 85.596894 26.931033
401.927800 86.597120 89.050504 27.074216
401.721900 90.113350 92.601428 27.235242
401.455800 93.737450 96.255818 27.387767
401.169200 97.438860 99.969680 27.559942
400.835400 101.196700 103.743353 27.731704
400.479100 104.981000 107.539574 27.910238
400.086700 108.745200 111.289285 28.121696
399.638200 112.493800 115.053857 28.342228
399.138700 116.226700 118.738129 28.528957
398.603300 119.924700 122.424148 28.729834
398.025400 123.612000 126.099602 28.925899
397.409200 127.314800 129.796720 29.158725
396.829000 131.013100 133.456180 29.407619
396.222300 134.687900 137.107311 29.655513
395.601900 138.281700 140.760955 29.893737
395.033400 141.881600 144.417477 30.140658
394.483600 145.487500 148.051262 30.377531
393.961300 149.091800 151.687700 30.628334
393.456700 152.724500 155.337267 30.864929
392.964400 156.362200 158.982117 31.103775
392.473900 160.012200 162.640742 31.367802
391.988000 163.681600 166.317191 31.618227
391.511200 167.360500 169.997575 31.862476
391.037700 171.040400 173.683593 32.128249
390.574400 174.743200 177.391563 32.391752
390.110100 178.440800 181.085694 32.646371
389.662900 182.147700 184.812064 32.910906
389.244100 185.891700 188.560887 33.163636
388.894800 189.677500 192.336835 33.404047
388.606000 193.461200 196.108335 33.637087
388.392800 197.250000 199.904754 33.898668
388.242200 201.058600 203.708515 34.105501
388.167200 204.843700 207.523778 34.355292
388.164900 208.656700 211.346026 34.599107
388.225800 212.467100 215.181854 34.840562
388.337900 216.277100 219.005650 35.073560
388.518500 220.100100 222.837881 35.283644
388.781300 223.924000 226.695183 35.494008
389.110400 227.762200 230.554080 35.680711
389.519500 231.600300 234.414787 35.872057
390.000700 235.455300 238.323021 36.034982
390.533100 239.323100 242.247089 36.196575
391.126500 243.191800 246.151684 36.337130
391.817200 247.082900 250.067376 36.482223
392.446500 250.991000 254.013361 36.619139
393.192700 254.933200 257.955152 36.731406
394.129800 258.841200 261.893367 36.810454
395.212400 262.725700 265.863992 36.879033
396.381300 266.559900 269.740111 36.919523
397.591700 270.309200 273.524042 36.955462
398.915600 273.988100 277.241813 36.961956
400.261600 277.620100 280.938764 36.966805
401.674900 281.230100 284.630184 36.978790
403.099300 284.836200 288.283947 36.961487
404.552600 288.368900 291.907828 36.949630
405.981400 291.858600 295.463276 36.925986
407.396700 295.286300 298.955073 36.899230
408.787500 298.654400 302.368243 36.871335
410.160300 301.970700 305.745181 36.846228
411.532700 305.248600 309.098523 36.800196
412.910200 308.514300 312.451770 36.756756
414.286500 311.815200 315.845927 36.699263
415.632400 315.158100 319.259765 36.634538
416.955300 318.554600 322.726331 36.554344
418.356500 321.950200 326.245565 36.461779
419.919100 325.360500 329.704974 36.344660
421.619500 328.772700 333.222311 36.256911
423.465300 332.205100 336.729540 36.129314
425.389400 335.648500 340.273478 35.981892
427.393700 339.062100 343.772041 35.823762
429.441400 342.427400 347.221642 35.649055
431.502800 345.736000 350.596033 35.481477
433.555500 349.037600 353.972538 35.290255
435.647400 352.345100 357.342439 35.087803
437.737700 355.673900 360.744366 34.872166
439.858900 359.019800 364.190813 34.628322
441.938400 362.354800 367.607840 34.413721
444.011500 365.707600 371.046467 34.170452
446.074200 369.043000 374.468082 33.909570
448.108100 372.393000 377.885614 33.651644
450.106200 375.748500 381.287500 33.379626
452.077600 379.076100 384.676047 33.096597
454.072700 382.382200 388.079484 32.806866
456.149900 385.671800 391.419094 32.525628
458.224600 388.968400 394.764127 32.245072
460.351800 392.205600 398.052865 31.975106
462.503100 395.388100 401.282257 31.683043
464.568500 398.419600 404.357244 31.428183
466.632000 401.347200 407.343300 31.183669
468.654400 404.221700 410.271387 30.915928
470.657600 407.038900 413.148031 30.666554
472.677800 409.783700 415.973742 30.433017
474.657200 412.487100 418.722576 30.192891
476.592600 415.139500 421.403918 29.969403
478.496300 417.710700 424.003244 29.754455
480.372100 420.213300 426.520246 29.542984
482.195400 422.602900 428.914632 29.343233
483.955500 424.843700 431.169814 29.151736
485.628500 426.923600 433.273830 28.977996
487.190800 428.865800 435.238317 28.804580
488.699400 430.731200 437.105537 28.645583
490.108000 432.491800 438.840429 28.502049
491.375400 434.138900 440.478249 28.374090
492.521700 435.661300 442.002575 28.272384
493.585300 437.088500 443.440792 28.163793
494.601900 438.498800 444.908127 28.073775
495.493900 439.942600 446.428613 27.979395
496.198400 441.455900 448.004360 27.905797
496.643000 443.038900 449.611082 27.824851
496.894900 444.688300 451.298599 27.741361
496.838300 446.434300 453.081804 27.645554
496.587000 448.236400 454.857059 27.555734
496.020500 450.035800 456.678020 27.455828
495.316800 451.880800 458.432122 27.421630
494.382600 453.714700 460.163546 27.347721
493.357500 455.591800 461.992761 27.284040
492.259600 457.525200 463.912316 27.202458
491.138900 459.531700 465.921417 27.107057
489.968800 461.583000 467.986908 27.005502
488.778600 463.722100 470.141724 26.905927
487.527700 465.987400 472.379022 26.785388
486.241900 468.332900 474.685519 26.657000
484.929200 470.750300 477.063578 26.524949
483.595100 473.196800 479.480105 26.384051
482.240900 475.680400 481.922898 26.231061
480.881200 478.179700 484.406715 26.091927
479.506700 480.715200 486.883649 25.934632
478.139700 483.249600 489.352704 25.781335
476.741800 485.776600 491.863667 25.649633
475.327000 488.358200 494.372047 25.506796
473.905700 490.923000 496.884717 25.359886
472.463600 493.499100 499.392762 25.218889
471.030900 496.048700 501.861877 25.072208
469.654400 498.493900 504.221862 24.932484
468.311000 500.883700 506.551366 24.797117
467.003300 503.201000 508.791632 24.669337
465.767600 505.385700 510.888920 24.546460
464.618000 507.421200 512.831419 24.429213
463.563200 509.303500 514.619046 24.323773
462.581700 511.077100 516.323720 24.223939
461.620900 512.827500 518.014006 24.118804
460.698800 514.516100 519.651352 24.024887
459.825600 516.111800 521.189559 23.920365
459.035800 517.582500 522.589121 23.838564
458.312900 518.912300 523.866725 23.748591
457.589200 520.176600 525.080815 23.685090
456.756600 521.359000 526.220324 23.625621
455.798000 522.446500 527.250357 23.590215
454.695200 523.354600 528.109250 23.576897
453.456700 523.963300 528.772835 23.566974
452.010000 524.448000 529.250490 23.572816
450.370300 524.664900 529.433818 23.602348
448.645800 524.629300 529.300170 23.669845
446.853700 524.242200 528.857647 23.766517
445.001300 523.578900 528.138928 23.886182
443.053700 522.715000 527.180549 24.046716
441.070200 521.621600 526.024472 24.205035
439.068600 520.385000 524.724118 24.355073
437.067600 519.079900 523.314122 24.518886
435.131900 517.711100 521.864241 24.681294
433.248700 516.276400 520.325622 24.842537
431.409100 514.772600 518.738243 25.002536
429.653800 513.188400 517.077239 25.166122
427.979000 511.552500 515.364618 25.341935
426.376200 509.872800 513.619001 25.511911
424.896200 508.159600 511.839159 25.669928
423.477300 506.386900 510.029027 25.815117
422.151700 504.603800 508.180354 25.949733
420.895300 502.757100 506.272941 26.074729
419.698800 500.847600 504.316636 26.194574
418.553100 498.879100 502.281933 26.327715
417.436100 496.852200 500.199610 26.455000
416.341100 494.769800 498.060322 26.588539
415.299400 492.613200 495.853971 26.711518
414.283100 490.400400 493.613815 26.842001
413.291100 488.174100 491.339843 26.958466
412.307400 485.928500 489.040658 27.081999
411.321100 483.659600 486.727696 27.226215
410.385800 481.369500 484.385133 27.343142
409.484300 479.070200 482.049131 27.440086
408.605900 476.771200 479.718088 27.537236
407.747600 474.482200 477.406840 27.630339
406.916200 472.194500 475.069580 27.717574
406.106200 469.923800 472.799300 27.801729
405.321800 467.714100 470.565559 27.881767
404.581200 465.613200 468.458795 27.947179
403.881000 463.647100 466.493815 28.012361
403.196100 461.842900 464.701505 28.060985
402.563700 460.074300 462.913059 28.108814
401.946900 458.305600 461.143178 28.148050
401.296600 456.548600 459.354088 28.199005
400.651300 454.770400 457.551074 28.236857
399.996700 452.984700 455.736226 28.286852
399.329600 451.125900 453.819459 28.306319
398.618400 449.218000 451.885220 28.367525
397.822000 447.249700 449.834939 28.390395
396.969800 445.208000 447.768760 28.442910
396.116100 443.116600 445.612538 28.467527
395.211200 440.967800 443.425308 28.509541
394.287700 438.749400 441.177260 28.549961
393.341900 436.497700 438.907839 28.577568
392.358600 434.221800 436.616036 28.594225
391.343800 431.907700 434.255734 28.625685
390.285600 429.531900 431.820850 28.643939
389.177900 427.104300 429.353016 28.644352
388.002000 424.633000 426.863416 28.629908
386.786000 422.153600 424.361146 28.626389
385.529200 419.645500 421.830111 28.626438
384.252800 417.122900 419.284762 28.627648
382.927300 414.575600 416.721852 28.619767
381.591500 412.030100 414.125982 28.613220
380.224100 409.463100 411.539400 28.615696
378.830100 406.889400 408.941792 28.611496
377.404400 404.303400 406.323636 28.605951
375.940700 401.722300 403.717661 28.608200
374.431300 399.137000 401.078597 28.611165
372.878200 396.550200 398.456196 28.601596
371.286300 393.960100 395.829130 28.589221
369.662600 391.367800 393.208118 28.563400
368.012000 388.798400 390.563795 28.583572
366.357200 386.258300 387.912655 28.596873
364.686300 383.683500 385.264639 28.575972
362.990500 381.103100 382.620624 28.544222
361.274100 378.545400 379.990689 28.502355
359.479500 376.079600 377.494783 28.487712
357.743100 373.713700 375.101798 28.479388
356.046500 371.424400 372.763827 28.470106
354.349500 369.168400 370.444989 28.463243
352.662900 366.944000 368.173147 28.454226
351.018900 364.780500 365.966528 28.456638
349.445300 362.679200 363.836316 28.440932
347.970100 360.669800 361.815915 28.433980
346.587900 358.760700 359.930090 28.413913
345.269200 357.004900 358.198988 28.399261
343.987600 355.420000 356.617709 28.385890
342.722300 353.942300 355.162409 28.370545
341.428400 352.599100 353.864251 28.336960
340.132200 351.423100 352.736183 28.293178
338.769300 350.441200 351.767289 28.251512
337.341700 349.681300 351.009785 28.202143
335.777200 349.128400 350.501829 28.132444
334.132400 348.908200 350.273273 28.040296
332.452400 349.031300 350.352880 28.029140
330.797800 349.428100 350.729690 27.944058
329.211100 350.167300 351.443245 27.927367
327.641800 351.098300 352.331311 27.918490
326.094800 352.236000 353.411631 27.932516
324.512700 353.489700 354.625335 27.961571
322.875800 354.863500 355.942311 28.018977
321.135500 356.302000 357.317471 28.058405
319.250000 357.710100 358.613906 28.099087
317.242300 359.002400 359.821385 28.147287
315.093800 360.160000 360.890522 28.213300
312.852600 361.167400 361.786410 28.281948
310.509200 362.008200 362.501797 28.348628
308.069100 362.662200 363.048083 28.410184
305.560600 363.146700 363.423267 28.472451
302.953900 363.438100 363.620996 28.536062
300.313300 363.558500 363.668794 28.620992
297.631800 363.522600 363.568811 28.707866
294.885100 363.381000 363.353761 28.817584
292.104200 363.172300 363.061934 28.919426
289.300900 362.939000 362.770445 29.034237
286.491000 362.678500 362.406947 29.176194
283.693500 362.370200 362.040226 29.296958
280.920600 362.098000 361.681336 29.440739
278.169000 361.857400 361.353663 29.591058
275.446800 361.657400 361.072866 29.748243
272.737000 361.519800 360.850732 29.911286
270.035600 361.455000 360.717432 30.078354
267.327700 361.497700 360.703924 30.234039
264.630400 361.676000 360.821769 30.381546
261.940300 361.979900 361.066198 30.532142
259.250900 362.413000 361.444341 30.705032
256.573600 362.959900 361.938874 30.855866
253.917300 363.655300 362.581049 31.007116
251.288400 364.497000 363.353013 31.187863
248.680300 365.504900 364.321700 31.336215
246.094700 366.666900 365.445553 31.483230
243.562600 367.994000 366.757101 31.634541
241.083300 369.508300 368.241396 31.763696
238.697300 371.174900 369.867006 31.888635
236.432200 372.983900 371.646867 32.001703
234.282400 374.915600 373.519136 32.110485
232.221400 376.965100 375.528083 32.198639
230.283900 379.136000 377.650973 32.281020
228.445400 381.408600 379.875712 32.350339
226.762700 383.789500 382.235709 32.389364
225.240300 386.284200 384.705913 32.420383
223.870500 388.875300 387.285158 32.431396
222.651800 391.576800 389.967130 32.431356
221.610300 394.407600 392.795069 32.414433
220.731600 397.346700 395.725563 32.378425
220.036100 400.374900 398.760196 32.341648
219.492700 403.546000 401.940924 32.288500
219.131100 406.829700 405.230731 32.204294
218.954900 410.176200 408.578371 32.125524
218.961000 413.566100 411.972907 32.033707
219.145900 416.967900 415.370893 31.933472
219.451900 420.389700 418.793050 31.820222
219.829800 423.806600 422.206953 31.694966
220.310500 427.237200 425.691379 31.562770
220.868900 430.684800 429.188722 31.426882
221.441400 434.161900 432.691451 31.276618
222.038500 437.663400 436.241543 31.122724
222.674200 441.192400 439.809427 30.968127
223.324700 444.766400 443.428390 30.807165
223.976800 448.390400 447.092018 30.644106
224.645100 452.052600 450.773235 30.482027
225.326300 455.738000 454.453325 30.308261
226.013500 459.438200 458.186668 30.119750
226.742700 463.131400 461.921766 29.952353
227.489100 466.830800 465.651216 29.778859
228.247700 470.527000 469.371055 29.595966
229.012100 474.215100 473.081668 29.396296
229.762000 477.897100 476.797966 29.200534
230.499300 481.567900 480.487172 29.029658
231.252900 485.238400 484.160215 28.859452
232.010300 488.886300 487.824549 28.679848
232.763300 492.531800 491.484509 28.485542
233.545900 496.169700 495.125530 28.318782
234.328200 499.811600 498.781603 28.128252
235.108100 503.420000 502.399623 27.948272
235.907500 507.019800 506.033449 27.767095
236.703700 510.603300 509.628094 27.587712
237.481000 514.162500 513.225555 27.405394
238.249000 517.704200 516.771757 27.213393
239.014400 521.230500 520.299197 27.026794
239.746800 524.741600 523.808508 26.836360
240.436600 528.231300 527.296669 26.645155
241.102000 531.689500 530.748785 26.475084
241.740900 535.133300 534.218420 26.308173
242.359400 538.550300 537.631660 26.129409
242.993900 541.935900 540.999390 25.955811
243.655500 545.295800 544.360725 25.784979
244.307800 548.630700 547.691556 25.615302
244.986700 551.924500 550.987935 25.439574
245.686600 555.189800 554.266261 25.249527
246.402300 558.403000 557.486253 25.082776
247.160300 561.604000 560.668612 24.910920
247.954300 564.747800 563.827361 24.733376
248.799800 567.843200 566.938141 24.546101
249.719700 570.881500 570.009885 24.380877
250.691800 573.875500 573.000925 24.192048
251.722500 576.816900 575.970930 23.997839
252.792400 579.719200 578.908837 23.807303
253.899200 582.619100 581.856733 23.617973
254.999400 585.538800 584.814092 23.402603
256.084000 588.464600 587.750789 23.217473
257.132200 591.413100 590.750705 23.012407
258.142200 594.337700 593.708219 22.831327
259.143500 597.295100 596.708560 22.644865
260.132300 600.227900 599.657751 22.446229
261.124300 603.146400 602.588048 22.249966
262.175000 606.016800 605.459416 22.044851
263.321800 608.844200 608.310793 21.822537
264.592700 611.600700 611.092383 21.595266
266.012800 614.279900 613.791406 21.371064
267.588100 616.881700 616.449826 21.148349
269.323800 619.428300 619.041527 20.901470
271.210100 621.881800 621.553138 20.644626
273.238300 624.254900 623.969657 20.393504
275.373300 626.509900 626.283559 20.131219
277.623300 628.637000 628.459486 19.855136
279.976600 630.608900 630.504445 19.600187
282.453700 632.438800 632.387546 19.340755
285.065600 634.108700 634.142423 19.070422
287.781800 635.684200 635.822323 18.797875
290.614800 637.170400 637.400718 18.490555
293.572000 638.551300 638.920344 18.214615
296.640000 639.897800 640.394658 17.914808
299.815900 641.203200 641.850240 17.608897
303.076400 642.494500 643.299906 17.275168
306.357100 643.765800 644.706712 16.962165
309.674900 645.021300 646.106031 16.649154
312.999700 646.243800 647.480546 16.338198
316.341000 647.457400 648.856989 16.024832
319.656500 648.689200 650.233461 15.708486
322.948500 649.961000 651.661614 15.386760
326.166800 651.311700 653.172934 15.067524
329.336100 652.739100 654.721799 14.763058
332.444200 654.205600 656.314404 14.457184
335.400500 655.659200 657.856940 14.157170
338.177900 657.091100 659.376526 13.885563
340.853600 658.520100 660.879205 13.620619
343.392000 659.901300 662.339754 13.368852
345.797500 661.222900 663.716833 13.129118
348.061700 662.470200 665.030147 12.901555
350.227800 663.663600 666.286168 12.704680
352.269800 664.764500 667.438896 12.530710
354.171500 665.743600 668.476904 12.398982
355.867200 666.596600 669.378237 12.285328
357.385800 667.323400 670.174117 12.223897
358.688300 667.945100 670.821266 12.170405
359.785500 668.454700 671.360685 12.121995
360.684700 668.879300 671.814642 12.086042
361.448900 669.240500 672.241324 12.054320
362.202200 669.609800 672.701924 12.004591
362.884200 670.041700 673.215915 11.941252
363.544500 670.582800 673.903626 11.864550
364.209800 671.330500 674.832300 11.751294
364.845000 672.309500 675.982640 11.642657
365.349200 673.552400 677.360114 11.482251
365.693100 675.079000 678.918025 11.331776
365.765200 676.782400 680.552524 11.127895
365.523700 678.539500 682.266026 10.907304
365.089100 680.489300 684.067288 10.652275
364.466100 682.514600 686.016525 10.410641
363.616300 684.610800 688.063022 10.164125
362.501500 686.760700 690.079590 9.920034
361.240200 688.988000 692.205745 9.648904
359.916600 691.336700 694.444843 9.375700
358.517400 693.800300 696.873236 9.083343
357.035700 696.407500 699.389950 8.763580
355.508800 699.115600 701.994985 8.444741
353.904300 701.929300 704.757848 8.092255
352.257400 704.823800 707.547514 7.718628
350.567500 707.796400 710.405699 7.353844
348.841400 710.853200 713.365100 6.985810
347.061700 713.947900 716.367055 6.626349
345.240600 717.126500 719.495033 6.238640
343.396200 720.384700 722.632382 5.836486
341.517100 723.688800 725.800876 5.423233
339.619000 727.060600 728.986017 4.989679
337.697800 730.488300 732.244536 4.521268
335.746300 733.965100 735.564106 4.032154
333.767200 737.500800 738.972752 3.511944
331.787300 741.093200 742.356606 3.002592
329.802100 744.697600 745.791929 2.482627
327.822700 748.252900 749.194188 1.962925
325.882900 751.750500 752.523299 1.467660
323.953700 755.221900 755.803784 0.973959
322.019400 758.698600 759.087305 0.504468
320.037700 762.177600 762.391535 -0.019539
318.097700 765.622300 765.689880 -0.523219
316.183200 769.057500 768.985777 -1.022880
314.250000 772.494900 772.212207 -1.515287
312.275800 775.931500 775.445365 -2.030712
310.254000 779.359500 778.665950 -2.549108
308.122800 782.782800 781.911911 -3.053717
305.862800 786.166800 785.091581 -3.579165
303.500700 789.503100 788.216741 -4.086008
300.970800 792.776600 791.237582 -4.605168
298.346100 795.948700 794.211818 -5.138573
295.632400 799.046800 797.149383 -5.658519
292.854400 802.131000 800.042866 -6.162241
290.021900 805.167500 802.868655 -6.649190
287.126600 808.146600 805.612003 -7.111823
284.119000 811.063300 808.269680 -7.592457
281.041800 813.860300 810.797616 -8.042646
277.869300 816.545900 813.250077 -8.494308
274.646800 819.105600 815.592530 -8.938243
271.386100 821.531200 817.795798 -9.373515
268.116800 823.813700 819.843944 -9.787512
264.867100 825.970500 821.801789 -10.206418
261.611600 828.060300 823.700026 -10.631158
258.412200 830.064600 825.505427 -11.054048
255.270800 831.964500 827.190726 -11.455161
252.165400 833.785500 828.820263 -11.855951
249.035500 835.465400 830.330700 -12.241883
245.676600 836.941500 831.753105 -12.594460
242.526400 838.395100 833.088205 -12.941473
239.649200 839.782300 834.332993 -13.271809
236.954200 841.095200 835.531122 -13.575791
234.477400 842.339200 836.644599 -13.873372
232.193600 843.528700 837.709514 -14.126001
230.093400 844.639300 838.708516 -14.381958
228.164600 845.633300 839.557517 -14.592279
226.339700 846.487500 840.236629 -14.778689
224.559800 847.148600 840.720497 -14.914203
222.862900 847.611100 840.967128 -15.027937
221.160000 847.853200 840.999126 -15.151511
219.343600 847.650900 840.732847 -15.207852
217.613700 847.228800 840.169280 -15.228858
215.983200 846.459000 839.300141 -15.196148
214.496600 845.376700 838.117483 -15.155219
213.166300 844.015600 836.724995 -15.011397
211.989600 842.443000 835.074174 -14.824929
210.942500 840.673500 833.224455 -14.598251
210.015200 838.668700 831.206989 -14.321146
209.177100 836.492300 828.984834 -14.048335
208.420100 834.203400 826.637958 -13.696825
207.685300 831.756600 824.106206 -13.282033
206.966400 829.169500 821.496982 -12.866482
206.234900 826.499600 818.800704 -12.428826
205.491300 823.727800 815.985789 -11.969110
204.726900 820.872900 813.079833 -11.506340
203.960100 817.947300 810.132577 -11.037921
203.188700 814.944500 807.083644 -10.552941
202.387700 811.853000 803.971429 -10.072842
201.557100 808.685000 800.780460 -9.567899
200.707000 805.446700 797.517284 -9.059835
199.837600 802.169300 794.216253 -8.561495
198.959100 798.853000 790.873250 -8.068169
198.078300 795.512000 787.505801 -7.585687
197.208100 792.134200 784.102323 -7.095165
196.331500 788.727300 780.686022 -6.625830
195.393800 785.296400 777.207943 -6.138148
194.407000 781.832200 773.716694 -5.662448
193.372100 778.361600 770.213453 -5.188590
192.268500 774.862700 766.651049 -4.735042
191.104500 771.351900 763.070096 -4.281342
189.900200 767.803200 759.436011 -3.834550
188.697400 764.215300 755.781241 -3.381432
187.525500 760.573100 752.077831 -2.941511
186.417200 756.874800 748.340148 -2.514394
185.391100 753.140200 744.557361 -2.103011
184.425300 749.376100 740.752483 -1.693971
183.505800 745.586000 736.915964 -1.290841
182.630800 741.760500 733.046976 -0.897522
181.799600 737.920600 729.149869 -0.484209
180.995700 734.046000 725.230407 -0.067331
180.235100 730.165100 721.334016 0.364670
179.509000 726.267300 717.418317 0.784505
178.782600 722.358000 713.478129 1.220736
178.060700 718.433400 709.528890 1.637729
177.362100 714.485400 705.542889 2.064041
176.683600 710.485300 701.520130 2.475601
176.012100 706.523900 697.548747 2.915903
175.366700 702.573200 693.587643 3.356901
174.771600 698.664000 689.645420 3.765886
174.208700 694.786000 685.766127 4.163780
173.664500 690.971400 681.937918 4.546843
173.120400 687.194400 678.171677 4.939249
172.609800 683.452500 674.435751 5.308519
172.111300 679.757200 670.759937 5.679695
171.620100 676.075400 667.085534 6.018128
171.116500 672.425100 663.419854 6.351027
170.597300 668.791300 659.756986 6.684948
170.061700 665.158300 656.093450 7.010047
169.508500 661.515700 652.419299 7.340103
168.924400 657.855800 648.718980 7.699156
168.353600 654.164700 644.979793 8.021387
167.787000 650.469600 641.258824 8.355810
167.241700 646.760000 637.514742 8.673273
166.711700 643.033600 633.754331 8.993222
166.161900 639.298500 629.996835 9.294333
165.603300 635.547200 626.205763 9.597184
165.019900 631.781100 622.392221 9.910643
164.407900 627.989800 618.571995 10.216794
163.795100 624.165700 614.700629 10.503889
163.188600 620.333500 610.865660 10.794391
162.585900 616.485800 607.026829 11.086173
162.003800 612.637200 603.129097 11.386464
161.404000 608.796100 599.275857 11.679275
160.758000 604.972100 595.381478 11.964302
160.133600 601.135300 591.470379 12.263023
159.495800 597.273400 587.552649 12.559422
158.840300 593.366000 583.641814 12.854069
158.208600 589.447000 579.696082 13.143842
157.580800 585.515400 575.710443 13.446246
156.942900 581.558400 571.731200 13.754055
156.315100 577.584700 567.716541 14.052801
155.693100 573.602200 563.738403 14.347708
155.097900 569.612100 559.694041 14.637977
154.494600 565.631700 555.669029 14.936591
153.882900 561.635800 551.665094 15.220253
153.275400 557.661700 547.677577 15.498560
152.657100 553.699500 543.697988 15.791724
152.007000 549.736100 539.731855 16.079659
151.335500 545.780700 535.723301 16.374011
150.702300 541.830000 531.709208 16.669858
150.111100 537.863200 527.701809 16.955473
149.565800 533.878000 523.702292 17.244711
149.070700 529.886400 519.700074 17.542504
148.583300 525.892200 515.671145 17.838656
148.098100 521.899600 511.647377 18.131466
147.615200 517.906000 507.645551 18.409214
147.078600 513.924800 503.645421 18.701217
146.557400 509.928000 499.659849 18.984129
145.990800 505.947400 495.637835 19.257778
145.414200 501.983900 491.671139 19.539137
144.839400 498.023200 487.686321 19.832016
144.237000 494.066600 483.695838 20.140566
143.642200 490.086700 479.708510 20.460270
143.093600 486.100600 475.732592 20.778508
142.520000 482.109500 471.753045 21.114948
141.953600 478.120000 467.761851 21.451141
141.409200 474.120700 463.752685 21.793452
140.866200 470.116800 459.741556 22.143441
140.329900 466.129000 455.760860 22.495756
139.802900 462.170200 451.833809 22.863159
139.285200 458.259400 447.943081 23.222809
138.767400 454.380800 444.056315 23.586382
138.265200 450.537100 440.208569 23.956457
137.781900 446.703500 436.374059 24.320803
137.326700 442.890000 432.533105 24.686996
136.905100 439.064700 428.698465 25.036484
136.518100 435.237300 424.845646 25.382418
136.143200 431.414200 421.014028 25.747816
135.825400 427.592200 417.159371 26.125873
135.543200 423.737300 413.283468 26.471920
135.270100 419.908100 409.428564 26.850990
135.035900 416.031200 405.543158 27.218729
134.860400 412.167200 401.662652 27.584617
134.729600 408.319200 397.819646 27.954031
134.657500 404.515600 394.048335 28.314369
134.622800 400.768700 390.359209 28.678794
134.596400 397.079600 386.688912 29.068291
134.623000 393.460300 383.096119 29.430568
134.664700 389.903700 379.560395 29.786298
134.742900 386.395400 376.092254 30.142152
134.849100 382.945500 372.670493 30.475070
134.972000 379.565400 369.343999 30.816509
135.131800 376.244700 366.060463 31.137900
135.333900 373.018200 362.887105 31.459073
135.556500 369.861200 359.783921 31.775190
135.838900 366.777100 356.755094 32.061574
136.225700 363.791900 353.835673 32.341953
136.738700 360.891300 350.993756 32.614600
137.359000 358.081000 348.202905 32.879739
138.112400 355.303200 345.437397 33.140141
138.966200 352.534800 342.689909 33.396665
139.893600 349.805900 340.007518 33.648834
140.896000 347.157200 337.400295 33.877580
141.971400 344.579000 334.866423 34.089728
143.130500 342.084500 332.440438 34.274560
144.392300 339.674500 330.102100 34.452164
145.777400 337.332100 327.848058 34.620205
147.331500 335.073900 325.658002 34.766631
149.057400 332.893100 323.549227 34.896060
150.967000 330.772000 321.530319 35.004244
153.050000 328.762800 319.666705 35.109951
155.286900 326.913400 317.927790 35.195954
157.696000 325.210700 316.374474 35.259657
160.258100 323.696400 315.013482 35.276491
162.973100 322.395300 313.872802 35.271303
165.832800 321.314600 312.963139 35.227656
168.823000 320.455500 312.257038 35.152986
171.915000 319.751800 311.702550 35.054414
175.093600 319.154400 311.249216 34.945403
178.356600 318.621500 310.863646 34.811903
181.670600 318.107800 310.523967 34.676418
184.954100 317.552100 310.193173 34.495533
188.360600 317.014600 309.867180 34.286613
191.810500 316.498600 309.515517 34.060088
195.303300 315.956300 309.128336 33.811076
198.810200 315.370500 308.682643 33.521584
202.319700 314.727700 308.186387 33.212142
205.854900 314.018600 307.600507 32.856568
209.382100 313.210000 306.908928 32.487402
212.873900 312.313500 306.135401 32.118864
216.282400 311.315800 305.248659 31.789488
219.602300 310.211800 304.254889 31.481433
222.828600 308.969500 303.126148 31.183779
225.892800 307.618500 301.887785 30.898906
228.857400 306.132600 300.496591 30.622617
231.705300 304.510000 298.971308 30.374541
234.404500 302.795000 297.353106 30.156476
236.964200 301.022400 295.697019 29.963330
239.357400 299.191600 293.947901 29.815654
241.573300 297.348000 292.223541 29.679509
243.583200 295.531300 290.486198 29.565662
245.364000 293.745300 288.817051 29.470060
246.928300 292.003400 287.164653 29.387111
248.255900 290.313300 285.552765 29.312657
249.318200 288.712300 284.029450 29.264291
250.170400 287.137600 282.512700 29.239010
250.789300 285.600000 281.025746 29.214356
251.165900 284.019700 279.452191 29.225695
251.314100 282.347000 277.874063 29.223260
251.208600 280.685900 276.225747 29.234594
250.772400 279.031200 274.547341 29.241326
249.999900 277.363100 272.807719 29.196607
248.862600 275.742500 271.067654 29.157402
247.391400 274.199800 269.390369 29.058513
245.604100 272.717600 267.713233 28.977913
243.606700 271.249000 266.029529 28.897453
241.483200 269.657000 264.286915 28.808317
239.255900 267.931300 262.420103 28.704627
236.942400 266.062700 260.389440 28.588695
234.573400 264.060900 258.225749 28.473632
232.194200 261.911300 255.896359 28.364106
229.828600 259.643500 253.488843 28.238891
227.459400 257.285700 250.979579 28.134096
225.117700 254.818300 248.366896 28.015267
222.794900 252.268100 245.680113 27.911233
220.539900 249.684100 242.988343 27.800442
218.379000 247.150200 240.344020 27.683398
216.331900 244.688600 237.793515 27.575044
214.447100 242.296600 235.317779 27.463324
212.738900 239.986300 232.954643 27.358208
211.155100 237.800000 230.742175 27.262895
209.645500 235.806000 228.740198 27.168868
208.153800 234.063200 227.007622 27.090603
206.642600 232.599300 225.520098 27.012579
205.050700 231.388700 224.309396 26.983160
203.386000 230.453900 223.332976 26.926672
201.568800 229.804200 222.617762 26.873065
199.652600 229.469400 222.250988 26.798885
197.649300 229.448700 222.218596 26.741954
195.695200 229.808500 222.542780 26.673497
193.757500 230.545900 223.250828 26.632547
191.873400 231.575500 224.179976 26.617629
190.008500 232.786900 225.265013 26.616913
188.027800 234.075600 226.422645 26.650247
185.893500 235.390300 227.629877 26.701781
183.609800 236.705800 228.820029 26.773675
181.165200 238.005100 229.961339 26.846385
178.517300 239.254000 231.061004 26.918876
175.726900 240.407000 232.032100 27.019645
172.707400 241.421200 232.883320 27.101472
169.603600 242.357600 233.690352 27.181095
166.445500 243.209000 234.367872 27.287997
163.269700 243.975200 234.967905 27.369541
160.018600 244.710100 235.549431 27.458919
156.736700 245.397400 236.086895 27.550365
153.408400 246.036100 236.570968 27.643853
150.090200 246.634600 237.003604 27.706358
146.806300 247.228400 237.421344 27.777760
143.505000 247.801600 237.804240 27.847345
140.209300 248.367500 238.196908 27.925160
136.935100 248.926700 238.577137 27.995217
133.701200 249.482000 238.972540 28.060757
130.512300 250.041400 239.389492 28.111282
127.368600 250.623000 239.868768 28.136152
124.279500 251.271600 240.400621 28.169185
121.226800 251.988400 241.026129 28.184586
118.235900 252.796200 241.724357 28.201903
115.296000 253.710500 242.534002 28.202226
112.410900 254.793600 243.481919 28.210812
109.550100 256.073600 244.626563 28.182657
106.765300 257.559400 245.967467 28.140354
104.058300 259.195200 247.468655 28.076578
101.451300 260.983800 249.125867 27.984918
98.958900 262.930000 250.969548 27.888532
96.560750 265.038400 252.960183 27.782633
94.233290 267.302400 255.115818 27.654612
91.992660 269.682500 257.426669 27.511056
89.872160 272.215300 259.894730 27.363377
87.867480 274.902800 262.519150 27.202138
85.990600 277.735000 265.283065 27.045099
84.244040 280.710100 268.168544 26.887199
82.619100 283.777000 271.195945 26.742220
81.079690 286.968600 274.308249 26.514266
79.784310 290.233300 277.570852 26.416273
78.568560 293.653400 280.897898 26.232420
77.471470 297.091000 284.259379 26.042323
76.507590 300.590600 287.669762 25.810676
75.684350 304.118500 291.157155 25.581416
74.993740 307.691900 294.669457 25.338350
74.448540 311.297700 298.256909 25.099963
74.042020 314.935900 301.894792 24.852293
73.771590 318.594800 305.558716 24.613449
73.715910 322.261900 309.198364 24.377281
73.769420 325.907700 312.858119 24.144874
73.817040 329.552100 316.505740 23.907088
74.000290 333.173500 320.127905 23.678415
74.172500 336.809200 323.740794 23.450390
74.344680 340.442200 327.385497 23.221243
74.514430 344.091300 331.025066 22.996820
74.662940 347.746700 334.651174 22.785806
74.736070 351.400000 338.236401 22.565723
74.769320 355.000700 341.834369 22.347567
74.814470 358.586500 345.415902 22.136766
74.746920 362.178000 348.989599 21.923276
74.686830 365.745600 352.576124 21.715959
74.555740 369.317000 356.164260 21.509563
74.360040 372.935200 359.754099 21.297761
74.109450 376.533900 363.308717 21.072580
73.828330 380.133100 366.860987 20.862256
73.476450 383.716600 370.361933 20.651886
73.062260 387.295400 373.884017 20.391694
72.635640 390.839200 377.378574 20.193320
72.123690 394.365700 380.869796 19.971292
71.585570 397.910500 384.361707 19.746913
70.976400 401.435000 387.863771 19.511203
70.311850 404.959700 391.330887 19.277988
69.602670 408.449900 394.792652 19.045459
68.879140 411.948200 398.252915 18.844892
68.139490 415.452800 401.721012 18.625618
67.432580 418.981100 405.180880 18.389691
66.735590 422.501800 408.624551 18.163654
66.031790 425.991100 412.084849 17.926734
65.337700 429.457600 415.532299 17.707493
64.678150 432.971500 419.093685 17.470412
64.092350 436.564700 422.627815 17.239319
63.538820 440.165700 426.206160 16.998400
63.089490 443.780200 429.757732 16.757317
62.687700 447.405600 433.335502 16.504806
62.395430 451.016900 436.919513 16.263882
62.179910 454.600300 440.486231 16.028896
62.016060 458.184800 444.055789 15.777202
61.878910 461.762700 447.615313 15.535031
61.782260 465.339800 451.188938 15.307910
61.711200 468.924000 454.731251 15.084925
61.669710 472.506000 458.296759 14.849413
61.695530 476.094800 461.883038 14.632054
61.729390 479.666900 465.454552 14.444935
61.822870 483.270300 469.060169 14.243980
61.924810 486.878100 472.689410 14.030579
62.056550 490.478600 476.314858 13.857414
62.176020 494.117900 479.948369 13.693216
62.266690 497.773900 483.618684 13.498525
62.330910 501.484400 487.260771 13.307162
62.383600 505.245100 490.956105 13.106448
62.456820 509.016300 494.684532 12.910168
62.639660 512.800600 498.472172 12.733976
62.868350 516.638100 502.288100 12.505005
63.106400 520.456700 506.117234 12.278490
63.367240 524.259400 509.916413 12.094456
63.593570 528.081800 513.720313 11.887697
63.801530 531.888200 517.488676 11.639422
64.024540 535.667900 521.258059 11.434579
64.206830 539.467500 525.068306 11.187657
64.344710 543.234900 528.812775 10.975930
64.496310 546.996900 532.615795 10.770279
64.631930 550.743000 536.332068 10.543428
64.749170 554.462700 540.031997 10.368597
64.914610 558.167300 543.750021 10.145220
65.103700 561.867200 547.431903 9.908185
65.335960 565.517200 551.055086 9.733715
65.569200 569.190200 554.681450 9.504989
65.794250 572.863800 558.355848 9.249021
65.979210 576.521900 562.010156 9.003257
66.180050 580.172300 565.691262 8.829510
66.362280 583.853000 569.369717 8.613633
66.538350 587.515200 573.030396 8.399017
66.682270 591.168900 576.665171 8.174061
66.777600 594.811400 580.283360 7.948007
66.890400 598.420300 583.866295 7.737975
67.026690 602.042900 587.473900 7.513151
67.177460 605.622900 591.019202 7.299160
67.323020 609.198300 594.621898 7.112603
67.450500 612.758000 598.167986 6.859740
67.653570 616.289300 601.696304 6.671935
67.878290 619.813700 605.200088 6.451617
68.154010 623.308500 608.712479 6.265451
68.437020 626.799600 612.183773 6.007880
68.771410 630.257700 615.642446 5.777553
69.202550 633.695200 619.050388 5.556406
69.600670 637.103300 622.476177 5.346583
70.036830 640.488700 625.836841 5.110407
70.506270 643.807100 629.161438 4.912390
70.892770 647.161500 632.478046 4.659722
71.232770 650.443300 635.752693 4.442051
71.580170 653.720500 639.018831 4.222114
71.988160 656.939000 642.295926 4.010030
72.305150 660.204100 645.545698 3.800154
72.604120 663.408400 648.788099 3.591997
72.917010 666.635000 652.049586 3.378338
73.242550 669.852400 655.279753 3.140614
73.637330 673.050100 658.558320 2.932429
74.027710 676.284300 661.798912 2.677488
74.459600 679.526800 665.102273 2.436427
74.950660 682.820100 668.396101 2.212537
75.485380 686.101000 671.728341 1.956604
75.997000 689.438300 675.088918 1.695005
76.620780 692.817900 678.498638 1.457751
77.255750 696.266300 681.959255 1.184515
77.860920 699.720200 685.457361 0.935872
78.456960 703.252300 689.036149 0.647359
79.046650 706.838300 692.620599 0.325686
79.748960 710.431700 696.256831 0.057687
80.377820 714.087800 699.949222 -0.196799
80.984990 717.795000 703.648627 -0.455349
81.568530 721.524100 707.363444 -0.760780
82.226950 725.230100 711.102317 -1.046169
82.971570 728.932500 714.850737 -1.336409
83.716810 732.637800 718.578855 -1.627618
84.461420 736.340000 722.291882 -1.942066
85.205890 740.041500 726.017249 -2.272292
85.988280 743.734800 729.686841 -2.609606
86.881120 747.371500 733.369737 -2.946549
87.770200 751.019300 737.051699 -3.315013
88.659140 754.657900 740.684312 -3.698316
89.568830 758.256300 744.314979 -4.034438
90.529500 761.919200 747.989072 -4.370416
91.504420 765.495400 751.614977 -4.712206
92.518360 769.126400 755.253580 -5.049676
93.541990 772.703400 758.887123 -5.352323
94.615270 776.302000 762.497971 -5.680086
95.687250 779.833200 766.098566 -5.996958
96.764590 783.369100 769.673181 -6.312137
97.857970 786.887700 773.237046 -6.656816
98.977700 790.363900 776.761280 -6.942823
100.102700 793.842400 780.269905 -7.252312
101.281700 797.278800 783.751025 -7.580402
102.480100 800.701200 787.221049 -7.903613
103.706800 804.080200 790.657409 -8.192535
104.948300 807.449200 794.087224 -8.504620
106.192400 810.798000 797.470339 -8.809101
107.467000 814.117100 800.814440 -9.121975
108.775000 817.411500 804.157652 -9.421373
110.077600 820.689800 807.472360 -9.752295
111.337000 823.916800 810.733115 -10.083969
112.595900 827.082700 813.919362 -10.460874
113.862500 830.153000 817.029980 -10.864014
115.118400 833.166500 820.066255 -11.273595
116.423500 836.128900 823.073070 -11.699608
117.895400 839.037200 826.004672 -12.171912
119.447600 841.885100 828.882289 -12.691405
121.088600 844.701900 831.748147 -13.267083
122.872100 847.290700 834.535317 -13.841829
124.724400 849.810800 837.262055 -14.419675
126.575500 852.329600 839.899300 -14.985179
128.426600 854.848600 842.462024 -15.549233
130.276800 857.367000 844.878327 -16.069719
132.127400 859.883600 847.191646 -16.574577
133.992200 862.014800 849.365314 -17.064282
135.814600 864.035300 851.456208 -17.535173
137.604800 865.988300 853.448658 -18.000991
139.298200 867.835900 855.347532 -18.429020
140.919200 869.609300 857.155496 -18.768568
142.486000 871.338400 858.929896 -19.074364
143.940800 872.954000 860.563801 -19.351442
145.300100 874.412900 862.029845 -19.588566
146.559000 875.661600 863.259174 -19.789881
147.650800 876.418400 864.242709 -19.943153
148.685500 877.020600 864.987958 -20.056736
149.713200 877.623900 865.667003 -20.154715
150.732500 878.227900 866.196152 -20.219922
151.742600 878.831700 866.639104 -20.260409
152.808100 879.342000 866.976629 -20.293967
154.068700 879.516900 867.203025 -20.257231
155.413300 879.479400 867.279901 -20.241942
156.888700 879.272300 867.168959 -20.145503
158.478100 878.881900 866.864324 -20.021036
160.134900 878.287500 866.370037 -19.888685
161.860100 877.489100 865.693368 -19.699415
163.672500 876.562600 864.901734 -19.521803
165.594100 875.530000 863.994218 -19.316556
167.624000 874.437100 863.024202 -19.108490
169.770000 873.289900 861.968652 -18.879468
172.035600 872.094100 860.899461 -18.652999
174.385300 870.862300 859.779488 -18.409752
176.854600 869.589200 858.619702 -18.142434
179.401000 868.288100 857.449375 -17.871348
181.975500 866.969700 856.279297 -17.593221
184.536700 865.639500 855.088787 -17.326705
187.062400 864.284700 853.877726 -17.043235
189.538900 862.924800 852.680246 -16.760322
191.918900 861.611300 851.523251 -16.478828
194.206900 860.315700 850.380877 -16.179107
196.343300 858.956400 849.315163 -15.908904
198.368400 857.888200 848.369782 -15.648274
200.275000 856.919100 847.556668 -15.394889
202.193600 856.085800 846.927634 -15.156031
204.073500 855.496400 846.579781 -14.943214
205.960400 855.183900 846.517210 -14.794987
207.864300 855.202100 846.743427 -14.630802
209.713700 855.529100 847.244445 -14.539967
211.499200 856.220700 848.123381 -14.499369
213.188100 857.107700 849.318051 -14.476963
214.784400 858.522000 850.810316 -14.516670
216.227100 860.190500 852.569756 -14.592383
217.589200 862.100400 854.569400 -14.704368
218.870200 864.194100 856.773069 -14.816520
220.036500 866.491500 859.136173 -14.898534
221.092500 868.955100 861.667140 -14.962033
222.159200 871.551200 864.375442 -15.064098
223.261300 874.233400 867.163646 -15.164965
224.402100 877.003500 870.041839 -15.282091
225.538100 879.835200 872.980007 -15.397925
226.647400 882.714200 875.973136 -15.539122
227.713000 885.605500 878.932705 -15.696841
228.729800 888.498800 881.853178 -15.859995
229.740400 891.364700 884.764934 -16.006510
230.756400 894.190300 887.634837 -16.160829
231.798000 896.975600 890.456393 -16.318460
232.862200 899.689300 893.198971 -16.503386
234.006400 902.314400 895.857240 -16.671650
235.284000 904.779800 898.389534 -16.839225
236.717300 907.106500 900.762620 -16.967087
238.297800 909.282700 902.998580 -17.108969
240.026200 911.279800 905.031617 -17.224772
241.899800 913.107900 906.939905 -17.322240
243.969200 914.753500 908.643093 -17.400382
246.167200 916.200700 910.173477 -17.469107
248.519300 917.425900 911.467016 -17.528417
250.970500 918.372900 912.563843 -17.570072
253.540200 919.159700 913.449580 -17.609056
256.240400 919.688000 914.061554 -17.613889
259.064500 919.965800 914.476457 -17.564895
262.004800 920.092700 914.769767 -17.559197
265.032800 920.081200 914.897927 -17.518584
268.210100 920.078400 914.919609 -17.456761
271.495300 919.927300 914.842904 -17.395843
274.820000 919.698100 914.723605 -17.334176
278.229300 919.336300 914.507603 -17.279929
281.674700 918.885400 914.230063 -17.220057
285.133600 918.345800 913.874435 -17.142079
288.622600 917.728600 913.470728 -17.051537
292.132800 917.013700 912.962948 -16.942591
295.617300 916.238200 912.393506 -16.838967
299.090900 915.358200 911.748651 -16.761040
302.533100 914.353500 911.015228 -16.649162
305.943200 913.309900 910.216219 -16.552381
309.311700 912.191400 909.342502 -16.420512
312.679900 911.045400 908.421443 -16.243704
316.061700 909.902400 907.499405 -16.088916
319.450400 908.753400 906.556889 -15.950395
322.840000 907.560400 905.601405 -15.794786
326.249400 906.356000 904.628317 -15.648473
329.691100 905.139800 903.625962 -15.484783
333.195400 903.900600 902.597213 -15.319167
336.754600 902.625300 901.537294 -15.119221
340.384100 901.328400 900.452818 -14.938690
344.064600 899.969000 899.310861 -14.747207
347.769700 898.590900 898.151666 -14.584307
351.401700 897.220500 896.990157 -14.411939
354.975200 895.841100 895.837302 -14.275131
358.485000 894.463600 894.680916 -14.133243
361.949500 893.084300 893.515663 -14.020276
365.336200 891.732700 892.370945 -13.946631
368.619200 890.389400 891.242923 -13.846396
371.749500 889.112100 890.177736 -13.754628
374.681800 887.918900 889.191832 -13.671076
377.389200 886.824500 888.274377 -13.593218
379.874900 885.837000 887.462795 -13.529929
382.177900 884.931600 886.696180 -13.457463
384.328100 884.100300 885.984530 -13.393340
386.400700 883.311200 885.303975 -13.339176
388.376900 882.536800 884.642124 -13.285900
390.309000 881.774800 883.993019 -13.224105
392.306100 880.993700 883.311936 -13.171563
394.377700 880.162100 882.598326 -13.126751
396.550200 879.262200 881.825435 -13.050286
398.842300 878.314900 881.020367 -12.997890
401.259600 877.339000 880.189971 -12.948135
403.789800 876.325100 879.323851 -12.884975
406.435900 875.291100 878.431300 -12.816140
409.217000 874.214500 877.507990 -12.742009
412.118100 873.111300 876.557766 -12.695592
415.118700 871.959800 875.571203 -12.626753
418.218100 870.771000 874.570926 -12.557781
421.393100 869.520300 873.502328 -12.487984
424.627300 868.193200 872.353309 -12.409497
427.914800 866.771900 871.104582 -12.323115
431.247800 865.254500 869.789766 -12.258987
434.552400 863.690400 868.425880 -12.161455
437.807500 862.081600 867.027146 -12.094982
440.966600 860.444200 865.584412 -11.994009
444.049200 858.816700 864.139734 -11.901425
447.069000 857.193700 862.705744 -11.807080
450.037100 855.607100 861.318039 -11.723481
452.944600 854.081100 859.965414 -11.635155
455.777600 852.654400 858.739895 -11.563317
458.467600 851.383400 857.646757 -11.484529
460.990700 850.198200 856.632886 -11.399810
463.426800 849.070300 855.690114 -11.296133
465.787600 847.990900 854.758379 -11.175131
468.094900 846.950600 853.869518 -11.056406
470.366800 845.937300 853.009982 -10.935756
472.708100 844.897600 852.107596 -10.792986
475.121700 843.800400 851.145644 -10.615222
477.587500 842.683800 850.175490 -10.454598
480.152400 841.532300 849.157893 -10.271591
482.766300 840.339500 848.101917 -10.038222
485.445100 839.143200 847.052870 -9.783900
488.188300 837.891400 845.977337 -9.479725
490.987500 836.623000 844.901358 -9.154863
493.803100 835.351100 843.821156 -8.799236
496.624700 834.094400 842.747752 -8.467267
499.474300 832.809600 841.672340 -8.117477
502.358500 831.502600 840.565747 -7.762400
505.286800 830.236700 839.439386 -7.407440
508.248000 828.948300 838.340041 -7.044548
511.244100 827.658100 837.232570 -6.683977
514.267100 826.347100 836.108799 -6.323015
517.327800 825.031500 834.996245 -5.982506
520.388500 823.719100 833.877328 -5.636395
523.389100 822.420300 832.801004 -5.278458
526.283400 821.190400 831.776463 -4.948047
529.057000 820.023600 830.814920 -4.640367
531.704800 818.934000 829.926320 -4.349442
534.226500 817.916400 829.092615 -4.082882
536.656700 816.946600 828.290425 -3.859683
539.023500 815.952900 827.459515 -3.651345
541.317300 814.866300 826.518065 -3.445857
543.532000 813.688600 825.470006 -3.259061
545.686900 812.396800 824.291534 -3.101917
547.734700 810.971800 822.954481 -2.969588
549.629400 809.339400 821.395114 -2.793741
551.297600 807.502100 819.622143 -2.597419
552.779900 805.465100 817.605943 -2.367192
554.025400 803.122900 815.314657 -2.117961
555.053800 800.603800 812.798302 -1.840999
555.833800 797.890700 810.069340 -1.533356
556.486200 795.031700 807.224581 -1.197666
557.103100 792.043700 804.236187 -0.827033
557.706900 788.950900 801.167606 -0.436579
558.314100 785.757400 797.998560 -0.041157
558.963000 782.480200 794.762420 0.345216
559.664300 779.132300 791.446300 0.734816
560.383500 775.702500 788.060393 1.157788
561.143700 772.190100 784.589758 1.570171
561.955700 768.606200 781.061765 2.002946
562.794300 764.921400 777.446599 2.458756
563.665600 761.194600 773.772226 2.886957
564.512000 757.439400 770.100669 3.313627
565.360500 753.691900 766.449078 3.738996
566.202300 749.955700 762.815597 4.176810
567.038700 746.210000 759.159748 4.617737
567.914000 742.455400 755.483047 5.053632
568.809800 738.700200 751.803676 5.443295
569.651600 734.948800 748.142709 5.891153
570.504400 731.165000 744.442728 6.327170
571.381700 727.390900 740.751610 6.733520
572.231200 723.645800 737.080227 7.142389
573.054100 719.904800 733.373869 7.565821
573.889700 716.163100 729.686276 7.986118
574.718600 712.404800 726.022365 8.390988
575.527100 708.639600 722.327724 8.770687
576.261300 704.869800 718.639371 9.173395
576.930700 701.064300 714.900771 9.606875
577.575900 697.234700 711.128789 10.054414
578.192400 693.375300 707.333623 10.515533
578.778500 689.496000 703.532151 10.972109
579.345900 685.591800 699.667608 11.420057
579.857300 681.665400 695.774072 11.847632
580.310600 677.720500 691.896439 12.276534
580.758800 673.746400 688.001240 12.697734
581.155000 669.796200 684.143982 13.129056
581.510700 665.865700 680.261870 13.538943
581.822900 661.969700 676.441214 13.909256
582.077900 658.112900 672.637869 14.280186
582.273900 654.274900 668.830456 14.661151
582.437900 650.427100 665.034330 15.017461
582.599800 646.577200 661.199653 15.368958
582.753900 642.693800 657.346774 15.692746
582.851400 638.813400 653.508420 16.064817
582.898800 634.890000 649.606189 16.443916
582.982400 630.949500 645.683433 16.783305
583.073100 627.003400 641.764703 17.115441
583.192100 623.061600 637.861318 17.419009
583.328900 619.143000 633.950262 17.713232
583.475300 615.223700 630.030081 18.023550
583.625900 611.282200 626.090019 18.317306
583.720700 607.341100 622.160596 18.616797
583.834500 603.396300 618.225577 18.909706
583.934300 599.462000 614.323212 19.204786
584.036500 595.562800 610.458229 19.481066
584.162200 591.689200 606.606484 19.749796
584.227300 587.867900 602.730408 20.029753
584.317600 584.024500 598.855857 20.310686
584.499000 580.192700 595.022238 20.580633
584.808000 576.397200 591.239463 20.833244
585.238500 572.636300 587.487547 21.093136
585.796800 568.901300 583.777362 21.319516
586.480500 565.193700 580.118077 21.512857
587.248500 561.507600 576.493428 21.692674
588.029900 557.836500 572.859712 21.875983
588.838600 554.171600 569.273076 22.070702
589.673700 550.509400 565.702152 22.280081
590.516100 546.866500 562.113256 22.476327
591.343500 543.261900 558.581097 22.663872
592.132200 539.698600 555.127627 22.857961
592.828000 536.162600 551.645085 23.065152
593.460000 532.659000 548.222014 23.258841
594.031700 529.277200 544.929880 23.434233
594.554500 526.081000 541.837199 23.583056
595.075800 523.072600 538.927721 23.721127
595.617300 520.255100 536.236517 23.837888
596.166400 517.626800 533.702849 23.953501
596.704800 515.143200 531.329068 24.059921
597.194900 512.833500 529.133576 24.161082
597.576200 510.694300 527.095456 24.260311
597.786600 508.667900 525.120975 24.345438
597.747500 506.649500 523.140320 24.438232
597.514600 504.697700 521.183502 24.537988
597.070500 502.800000 519.300810 24.611298
596.402400 500.998300 517.442012 24.684717
595.438900 499.228700 515.599556 24.785792
594.162500 497.526700 513.827209 24.858987
592.513700 495.900800 512.178313 24.912998
590.635600 494.532500 510.678702 24.946133
588.500500 493.343000 509.332777 24.987816
586.178900 492.278900 508.056991 25.020638
583.738500 491.279000 506.833102 25.070943
581.166800 490.215600 505.539594 25.113956
578.490800 489.083700 504.168300 25.147211
575.723500 487.861500 502.697079 25.193703
572.904600 486.554700 501.148539 25.236725
570.042200 485.190900 499.559369 25.277443
567.169200 483.760200 497.884701 25.307842
564.280500 482.280300 496.175189 25.352972
561.350400 480.769600 494.439303 25.389404
558.405800 479.261600 492.716296 25.445401
555.376800 477.743300 490.956320 25.512619
552.348800 476.229900 489.198573 25.576156
549.309400 474.657200 487.378029 25.625760
546.268100 473.067100 485.535207 25.672954
543.205700 471.460400 483.686288 25.721599
540.123400 469.844900 481.832098 25.767396
537.055800 468.227900 479.976109 25.818456
534.039300 466.620500 478.135722 25.856992
531.070100 465.041900 476.321592 25.910165
528.189800 463.496400 474.581961 25.970448
525.392500 461.985300 472.857463 26.025716
522.696400 460.482700 471.166843 26.066772
520.138600 459.018200 469.523817 26.096262
517.756100 457.609300 467.938759 26.137358
515.544600 456.272300 466.461214 26.185309
513.468500 454.993400 465.033832 26.236922
511.515000 453.792000 463.725255 26.292852
509.647000 452.752700 462.571184 26.339235
507.816400 451.952700 461.677490 26.398617
506.024700 451.375100 461.002926 26.470123
504.164400 451.057300 460.564349 26.535020
502.213400 450.955500 460.363376 26.605322
500.360000 451.174600 460.477537 26.624552
498.532400 451.717400 460.910971 26.667986
496.762400 452.594900 461.676748 26.715187
495.085200 453.803100 462.767310 26.739095
493.512800 455.370800 464.293323 26.709335
492.140200 457.192000 466.191380 26.628868
490.899800 459.329000 468.336657 26.539134
489.697100 461.689000 470.644874 26.429876
488.436200 464.216900 473.120790 26.315449
487.065300 466.910000 475.705883 26.166526
485.589500 469.753000 478.487453 26.010262
484.009700 472.740300 481.370395 25.850445
482.314200 475.837000 484.349143 25.664974
480.567300 479.018100 487.428133 25.486789
478.766800 482.282500 490.519527 25.286971
476.977200 485.484200 493.627083 25.123804
475.149800 488.770200 496.804075 24.944626
473.326600 492.020400 499.917598 24.764206
471.475600 495.302800 503.056524 24.579115
469.568200 498.617300 506.226935 24.384554
467.651300 501.958900 509.421766 24.203195
465.708000 505.334400 512.635092 24.017594
463.769100 508.731500 515.870949 23.825538
461.845200 512.161900 519.136053 23.621481
459.919600 515.621400 522.437601 23.415385
457.939000 519.112900 525.737570 23.207125
455.953400 522.620500 529.069839 23.023880
453.935100 526.117100 532.387820 22.842213
451.928900 529.614300 535.719792 22.646094
449.964500 533.134600 539.049599 22.441111
448.010500 536.687300 542.435353 22.221253
446.054100 540.236000 545.819376 22.000288
444.056100 543.807900 549.183727 21.776480
442.049300 547.417800 552.594463 21.542005
440.037800 551.028500 556.009381 21.306613
438.025200 554.634600 559.401778 21.088376
435.977800 558.237500 562.803629 20.874336
433.919500 561.855000 566.220155 20.623523
431.843000 565.470100 569.638865 20.396447
429.767800 569.108300 573.043738 20.168639
427.667800 572.747600 576.477604 19.959805
425.537800 576.435200 579.908489 19.721918
423.436400 580.100900 583.344622 19.496364
421.318500 583.767700 586.788403 19.261533
419.219900 587.449100 590.259767 19.021139
417.120400 591.134600 593.722292 18.772528
415.005200 594.832500 597.185147 18.537367
412.888500 598.541400 600.686506 18.301580
410.755500 602.261600 604.216874 18.030220
408.648800 605.999000 607.721929 17.752726
406.499300 609.720300 611.211490 17.501024
404.349900 613.457900 614.725455 17.241324
402.219500 617.158900 618.223625 16.987131
400.144400 620.804100 621.665114 16.726179
398.088300 624.376000 625.024581 16.459765
396.094000 627.872100 628.306585 16.211228
394.096100 631.363900 631.602600 15.949855
392.096200 634.841100 634.857710 15.671433
390.122200 638.266000 638.103033 15.364671
388.138200 641.719200 641.350660 15.083957
386.190000 645.182000 644.572307 14.779970
384.289400 648.626900 647.795275 14.476449
382.388400 652.005600 650.961191 14.166561
380.473700 655.356700 654.103440 13.873339
378.503900 658.701400 657.284019 13.570468
376.494800 662.062000 660.473273 13.270192
374.499000 665.373200 663.653891 12.975969
372.495100 668.759000 666.874026 12.628591
370.503500 672.182700 670.114745 12.259141
368.470500 675.625200 673.367117 11.896282
366.423200 679.124800 676.665568 11.509779
364.370700 682.649600 679.971863 11.091558
362.295100 686.175900 683.301655 10.689149
360.227100 689.735900 686.658891 10.259662
358.182300 693.297500 690.018058 9.867339
356.109700 696.850900 693.372319 9.438739
354.085800 700.357400 696.657072 9.032782
352.038300 703.859700 699.966071 8.595459
350.008800 707.353700 703.254576 8.166732
347.982700 710.855500 706.556763 7.755224
345.942000 714.320900 709.784410 7.366344
343.906200 717.779200 713.025257 6.962815
341.889600 721.226700 716.208573 6.556882
339.882000 724.654800 719.427706 6.126821
337.868700 728.103400 722.622006 5.685331
335.866200 731.571800 725.892777 5.207879
333.967500 735.105200 729.184482 4.716305
332.130600 738.707000 732.501794 4.213641
330.109000 742.325700 735.897756 3.696390
328.052600 745.993300 739.345914 3.171630
325.960300 749.694700 742.826601 2.654245
323.882400 753.400900 746.275811 2.118257
321.810400 757.046400 749.725191 1.625522
319.688500 760.664000 753.131095 1.099600
317.595700 764.288500 756.500895 0.575772
315.554700 767.892700 759.794415 0.075680
313.514600 771.526200 763.108824 -0.435486
311.450700 775.119600 766.366252 -0.939884
309.357300 778.629400 769.574837 -1.462008
307.194900 782.050500 772.704733 -1.962257
304.937400 785.448200 775.781221 -2.456104
302.592400 788.799400 778.829449 -2.955649
300.153800 792.111000 781.826257 -3.460876
297.624000 795.374800 784.755488 -3.965705
294.927000 798.539300 787.678428 -4.484179
292.185800 801.678500 790.520607 -4.967348
289.192200 804.695700 793.279855 -5.438911
286.151300 807.624000 795.948499 -5.875263
283.065000 810.476300 798.576221 -6.331386
280.007100 813.213700 801.038306 -6.764568
276.942200 815.904300 803.371768 -7.177664
273.811500 818.493600 805.623618 -7.593457
270.605600 820.960500 807.741870 -7.986756
267.321200 823.303700 809.766756 -8.378101
264.005200 825.567800 811.727776 -8.783547
260.657900 827.735000 813.558625 -9.171631
257.273000 829.813900 815.295731 -9.573053
253.861800 831.809200 816.948329 -9.958756
250.446800 833.761300 818.571814 -10.349102
247.052800 835.652800 820.135772 -10.731071
243.677200 837.476800 821.669919 -11.109067
240.295500 839.294300 823.176909 -11.486147
236.906500 841.089700 824.679156 -11.867714
233.510200 842.896300 826.203964 -12.248345
230.131200 844.723000 827.736936 -12.619304
226.769300 846.514500 829.222572 -12.962168
223.408300 848.268000 830.682925 -13.280383
220.026300 849.991200 832.127650 -13.576812
216.652600 851.728000 833.576703 -13.844785
213.269900 853.442300 835.000523 -14.139362
209.880600 855.139200 836.440993 -14.526602
206.468800 856.885000 837.887688 -14.929765
203.010300 858.620500 839.304883 -15.352102
199.502700 860.363300 840.725439 -15.767317
196.002500 862.107300 842.176904 -16.166707
192.526600 863.893400 843.671633 -16.552702
189.070200 865.686900 845.167988 -16.904518
185.622800 867.526100 846.716672 -17.239497
182.188500 869.362900 848.240225 -17.560041
178.750800 871.210600 849.767734 -17.875661
175.314500 873.051400 851.302102 -18.202470
171.878500 874.938000 852.913908 -18.524336
168.464000 876.882000 854.573695 -18.847681
165.093500 878.898700 856.327156 -19.187416
161.793700 881.039600 858.219830 -19.546237
158.553600 883.315600 860.249163 -19.903135
155.369300 885.727000 862.422639 -20.233905
152.279000 888.277000 864.732028 -20.607969
149.259200 890.897300 867.120962 -20.980194
146.298100 893.633000 869.590341 -21.393248
143.341500 896.377900 872.100541 -21.840120
140.419600 899.149000 874.613849 -22.291787
137.428800 901.883400 877.080044 -22.732747
134.430600 904.585400 879.558221 -23.167219
131.430500 907.268900 882.038519 -23.592644
128.400000 909.942700 884.476040 -24.015123
125.387100 912.605700 886.937452 -24.453521
122.446000 915.311700 889.440654 -24.889861
