0.000000 -0.000000 -0.000000 -0.000000
-0.140643 2.574964 -0.025429 2.083649
-0.281220 5.148987 -0.087780 4.310494
-0.421837 7.724036 -0.185144 6.658116
-0.562431 10.298960 -0.319536 9.098519
-0.701879 12.869650 -0.445787 11.611186
-0.854664 15.479570 -0.609764 14.213346
-1.011589 18.173180 -0.783751 16.888723
-1.171840 20.913680 -0.967571 19.610786
-1.334841 23.709530 -1.154688 22.386639
-1.487044 26.544710 -1.325961 25.213684
-1.633363 29.422930 -1.490306 28.056517
-1.768976 32.357140 -1.655445 30.971312
-1.929780 35.330970 -1.837623 33.906597
-2.126953 38.471510 -2.037252 36.883469
-2.329940 41.561110 -2.258372 39.874172
-2.535885 44.597900 -2.472904 42.855087
-2.728914 47.592750 -2.684558 45.823761
-2.937935 50.537730 -2.907157 48.732590
-3.130185 53.464980 -3.114137 51.632225
-3.310922 56.350390 -3.326995 54.486046
-3.511313 59.225400 -3.546813 57.336010
-3.703384 62.006320 -3.782281 60.106049
-3.912602 64.697860 -4.024126 62.789875
-4.114442 67.264550 -4.264369 65.348915
-4.313021 69.714240 -4.493131 67.774155
-4.514875 72.037350 -4.741711 70.084953
-4.709494 74.175390 -4.957311 72.207230
-4.891889 76.138280 -5.172939 74.168808
-5.039038 77.925340 -5.333117 75.964127
-5.159772 79.592300 -5.486841 77.636002
-5.235209 81.135380 -5.570414 79.179665
-5.207469 82.555940 -5.548227 80.605667
-5.029560 83.885300 -5.370498 81.952209
-4.680938 85.118200 -5.035413 83.175026
-4.130089 86.200010 -4.511812 84.264503
-3.393066 87.095580 -3.801202 85.154327
-2.508137 87.820100 -2.927722 85.881218
-1.511055 88.343490 -1.917199 86.414001
-0.450022 88.747950 -0.880892 86.817169
0.676345 89.023150 0.230025 87.111717
1.832910 89.277150 1.368589 87.362183
3.089762 89.418990 2.612556 87.522499
4.475771 89.556060 3.975246 87.670036
5.974572 89.621010 5.468711 87.761887
7.614093 89.671530 7.102912 87.837128
9.420230 89.707860 8.908132 87.899460
11.388370 89.721450 10.877563 87.951912
13.505010 89.738680 12.994908 88.026649
15.773680 89.805260 15.259938 88.131493
18.156510 89.929480 17.629797 88.300751
20.581930 90.082780 20.052174 88.481529
23.034320 90.227690 22.517118 88.676407
25.478370 90.365000 24.952690 88.860184
27.909920 90.499220 27.391254 89.035980
30.340320 90.588890 29.817722 89.169571
32.740690 90.598330 32.218849 89.221664
35.110390 90.529620 34.577950 89.202698
37.430830 90.386730 36.895733 89.100716
39.683630 90.176290 39.166672 88.937828
41.863240 89.910310 41.369247 88.711815
43.959460 89.634420 43.467224 88.477226
45.922800 89.378560 45.406796 88.268639
47.726310 89.193250 47.208279 88.121536
49.366470 89.121130 48.837360 88.081711
50.939410 89.191540 50.383438 88.175056
52.464070 89.450930 51.873497 88.450333
53.889450 89.945260 53.285313 88.954735
55.133190 90.660970 54.518009 89.707352
56.158450 91.620300 55.520050 90.676224
56.967930 92.764920 56.313469 91.839073
57.539920 94.061200 56.877331 93.114624
57.927200 95.446880 57.218372 94.421722
58.277310 96.884370 57.541988 95.841499
58.589460 98.403450 57.821026 97.349899
58.940360 100.002400 58.143188 98.907845
59.343230 101.692600 58.501667 100.597061
59.798800 103.499800 58.926327 102.402824
60.309140 105.392300 59.392624 104.304146
60.819120 107.363700 59.872219 106.294022
61.355080 109.477800 60.368401 108.394035
61.874140 111.669200 60.841347 110.583138
62.417580 113.964900 61.333088 112.893272
62.973720 116.373200 61.839172 115.284966
63.512460 118.836400 62.326519 117.728142
64.057360 121.342700 62.820110 120.204575
64.655860 123.876700 63.371357 122.713394
65.262090 126.422600 63.936775 125.224167
65.864770 128.941000 64.485466 127.722260
66.510510 131.382800 65.063362 130.173264
67.135460 133.867500 65.610504 132.653564
67.748220 136.262500 66.125534 135.040085
68.311480 138.668800 66.631851 137.469757
68.830800 141.066900 67.083328 139.882034
69.359830 143.451000 67.538513 142.256119
69.844620 145.829800 67.979912 144.622223
70.257380 148.240700 68.350792 147.038193
70.634070 150.615300 68.687943 149.386505
70.952630 153.048800 68.958572 151.809525
71.236680 155.482600 69.195259 154.258652
71.430750 157.958600 69.349518 156.721954
71.592060 160.420500 69.473175 159.183929
71.705560 162.889100 69.551094 161.650558
71.811250 165.386800 69.638786 164.118286
71.901490 167.846500 69.688316 166.569397
71.944200 170.358200 69.689423 169.085419
71.944230 172.867000 69.659431 171.558456
71.880770 175.411200 69.556091 174.082199
71.759300 177.947700 69.396400 176.602127
71.629380 180.489300 69.231438 179.128952
71.495820 183.069400 69.061363 181.701614
71.389860 185.611000 68.911102 184.252518
71.229200 188.181800 68.715897 186.795731
71.075770 190.694700 68.510315 189.307999
70.908190 193.208300 68.298485 191.802322
70.732240 195.676300 68.086571 194.241592
70.587330 197.902600 67.887230 196.624847
70.462020 200.022200 67.713509 198.860397
70.336670 202.141700 67.549919 200.944168
70.211280 204.261000 67.400719 202.958633
70.085900 206.379000 67.290733 204.935028
69.986060 208.445300 67.238937 206.859940
70.007780 210.375700 67.241699 208.803299
70.026080 212.295900 67.228584 210.712891
70.017620 214.252400 67.198952 212.665909
70.013230 216.217200 67.185654 214.622452
69.972110 218.270700 67.131950 216.648056
69.934360 220.317400 67.079567 218.711502
69.972850 222.305500 67.011047 220.779327
69.981630 224.353700 66.972260 222.876923
69.981870 226.399100 66.900703 224.965973
69.949190 228.454500 66.806206 227.046143
69.907170 230.454300 66.720757 229.060532
69.859830 232.418200 66.633896 231.041901
69.810200 234.247600 66.541260 232.879242
69.754960 235.896800 66.431206 234.540573
69.602960 237.437200 66.242119 236.073593
69.315000 238.920100 65.930748 237.490662
68.846420 240.276600 65.423813 238.790253
68.166090 241.479400 64.763832 239.924545
67.318270 242.492800 63.932983 240.890961
66.332240 243.344200 62.942127 241.739059
65.260110 243.991900 61.850510 242.349457
64.140300 244.474300 60.704910 242.785507
62.867510 244.772700 59.459061 243.045059
61.458940 244.926000 58.035278 243.168564
59.947420 244.952000 56.539314 243.150391
58.335370 244.902100 54.943935 243.037872
56.595980 244.824000 53.225883 242.925720
54.694040 244.743800 51.315613 242.787552
52.650420 244.604800 49.226559 242.651382
50.451970 244.390700 46.936485 242.487946
48.058070 244.235000 44.471203 242.345673
45.515050 244.100900 41.875942 242.206177
42.921790 243.969200 39.236012 242.060883
40.316590 243.840300 36.561165 241.904968
37.706940 243.722400 33.927921 241.742401
35.094890 243.629800 31.313744 241.535675
32.472950 243.489000 28.715147 241.309570
29.851950 243.348200 26.143229 241.097321
27.264200 243.258500 23.596605 240.911789
24.724050 243.174900 21.091133 240.750397
22.210390 243.091000 18.595982 240.602844
19.736330 242.979500 16.137575 240.418228
17.311070 242.850400 13.729099 240.217651
14.901790 242.682800 11.338994 239.982391
12.542000 242.455300 8.988922 239.713654
10.258080 242.218100 6.698755 239.435226
8.077281 241.997300 4.522726 239.168793
6.032146 241.805400 2.464559 238.934601
4.114420 241.647100 0.542252 238.739639
2.325909 241.523700 -1.253544 238.583099
0.684853 241.422100 -2.906211 238.458954
-0.804697 241.361800 -4.391782 238.365219
-2.147061 241.322400 -5.735366 238.301620
-3.335045 241.321100 -6.933888 238.273712
-4.362696 241.347700 -7.957548 238.274841
-5.195608 241.375100 -8.783704 238.284531
-5.787975 241.411000 -9.375686 238.302124
-6.148943 241.435700 -9.729810 238.312637
-6.347609 241.453500 -9.921301 238.317184
-6.441034 241.457400 -10.013476 238.316101
-6.441440 241.456100 -10.012926 238.317429
-6.439927 241.462600 -10.010745 238.316818
-6.440440 241.482800 -10.018012 238.314255
-6.480607 241.498100 -10.055189 238.318588
-6.560264 241.507700 -10.137077 238.319321
-6.742488 241.516100 -10.312560 238.319214
-7.099251 241.541700 -10.672219 238.340012
-7.627305 241.597900 -11.185401 238.397232
-8.293171 241.705000 -11.860309 238.505569
-9.050632 241.890800 -12.617863 238.688232
-9.863606 242.207700 -13.387434 238.974960
-10.727660 242.661600 -14.248644 239.405960
-11.566170 243.294100 -15.072779 240.016281
-12.317670 244.121800 -15.839284 240.850906
-12.969870 245.164100 -16.508629 241.891190
-13.469580 246.441200 -17.060661 243.198898
-13.828110 247.877300 -17.430632 244.680435
-14.057520 249.558000 -17.676098 246.355118
-14.176210 251.405900 -17.828022 248.191528
-14.264690 253.405000 -17.944437 250.175552
-14.328890 255.544200 -18.037323 252.298035
-14.399650 257.837600 -18.144560 254.553726
-14.471380 260.263200 -18.254387 256.942505
-14.561590 262.807800 -18.385660 259.469635
-14.652820 265.491700 -18.507816 262.126740
-14.739760 268.254400 -18.634542 264.834747
-14.858340 271.134800 -18.790918 267.676636
-14.973530 274.134700 -18.955217 270.645172
-15.069550 277.175700 -19.117634 273.668488
-15.175210 280.293600 -19.287201 276.769318
-15.297230 283.446400 -19.456051 279.898499
-15.436590 286.619600 -19.672815 283.063324
-15.585790 289.810900 -19.916599 286.220673
-15.736240 292.959600 -20.149252 289.350067
-15.885310 296.071900 -20.374353 292.446869
-16.046970 299.165600 -20.605076 295.524933
-16.219660 302.246300 -20.834457 298.592529
-16.389710 305.314100 -21.067848 301.625977
-16.559690 308.378300 -21.294518 304.631744
-16.709350 311.458900 -21.504843 307.676697
-16.839300 314.563300 -21.728111 310.737549
-16.972270 317.709200 -21.929110 313.830505
-17.118400 320.893100 -22.133228 316.985321
-17.281700 324.127200 -22.347626 320.194763
-17.454380 327.375400 -22.565212 323.417175
-17.614190 330.593900 -22.768303 326.616608
-17.775860 333.802500 -22.965637 329.797211
-17.959610 336.995200 -23.154284 332.940155
-18.128440 340.134300 -23.350628 336.039032
-18.295640 343.191900 -23.560251 339.083801
-18.453080 346.169000 -23.769377 342.045807
-18.632610 349.056200 -23.982298 344.900696
-18.817710 351.841100 -24.205929 347.685944
-18.986450 354.488400 -24.413925 350.331390
-19.124870 356.982400 -24.588032 352.814484
-19.220930 359.289500 -24.730024 355.136932
-19.310450 361.377700 -24.863590 357.226135
-19.390050 363.254000 -24.973719 359.117432
-19.458340 364.945900 -25.072727 360.803955
-19.552440 366.417400 -25.198488 362.304321
-19.716910 367.755600 -25.376787 363.632050
-19.992010 369.044200 -25.679117 364.908081
-20.413100 370.267200 -26.109819 366.073669
-20.994480 371.390500 -26.705627 367.131317
-21.767920 372.412000 -27.396326 368.065247
-22.740410 373.381300 -28.356543 368.971802
-23.931400 374.199500 -29.524906 369.743561
-25.311900 374.775400 -30.939699 370.276764
-26.849130 375.102700 -32.515793 370.580383
-28.541320 375.088500 -34.202354 370.522980
-30.331610 374.930400 -35.975582 370.324341
-32.178580 374.714400 -37.814636 370.069275
-34.124600 374.519300 -39.748425 369.831879
-36.192510 374.312000 -41.802181 369.592438
-38.360350 374.089000 -43.946777 369.339478
-40.674090 373.890900 -46.243954 369.103394
-43.125350 373.717400 -48.698547 368.885559
-45.733890 373.570600 -51.298836 368.687622
-48.422050 373.450300 -53.977089 368.497864
-51.153580 373.336900 -56.708164 368.325470
-53.919190 373.217300 -59.483845 368.142853
-56.668140 373.082400 -62.228752 367.942780
-59.399580 372.949600 -64.951775 367.737213
-62.128270 372.797100 -67.685738 367.511230
-64.827270 372.599800 -70.400269 367.243042
-67.509200 372.402100 -73.084412 366.981110
-70.186170 372.208700 -75.744072 366.705383
-72.845340 372.028400 -78.409698 366.463501
-75.495320 371.886100 -81.069183 366.253265
-78.116050 371.787300 -83.713089 366.104156
-80.717850 371.718500 -86.343094 365.978516
-83.311780 371.694800 -88.956688 365.902435
-85.842710 371.709900 -91.524033 365.866547
-88.215690 371.734100 -93.870407 365.828949
-90.402660 371.755300 -96.063316 365.803467
-92.376860 371.747200 -98.042366 365.747589
-94.181170 371.700000 -99.855858 365.659912
-95.954170 371.610100 -101.631187 365.527283
-97.692900 371.484000 -103.382172 365.345978
-99.428840 371.332400 -105.111824 365.150085
-101.212400 371.150100 -106.888145 364.923676
-103.049100 370.929900 -108.729248 364.654327
-104.963700 370.712900 -110.644501 364.388275
-106.999900 370.469800 -112.690475 364.097565
-109.147400 370.218500 -114.823135 363.807190
-111.413900 369.990500 -117.096550 363.536652
-113.850400 369.787500 -119.516083 363.278107
-116.381500 369.587900 -122.050644 363.027161
-119.079000 369.402000 -124.740166 362.794800
-121.870500 369.312400 -127.533791 362.654816
-124.798000 369.251000 -130.463943 362.556580
-127.749200 369.222000 -133.414627 362.488770
-130.738100 369.191300 -136.404495 362.405334
-133.724900 369.151000 -139.385651 362.309052
-136.693200 369.116700 -142.353912 362.197632
-139.640200 369.026200 -145.293045 362.036865
-142.545400 368.909400 -148.215210 361.847473
-145.452900 368.800400 -151.135651 361.677246
-148.326000 368.653700 -154.011459 361.445038
-151.184500 368.483700 -156.880020 361.202240
-154.029500 368.306700 -159.718430 360.951416
-156.834000 368.110800 -162.523560 360.695099
-159.601600 367.929800 -165.281464 360.464630
-162.352900 367.769700 -168.021988 360.243744
-165.025300 367.622800 -170.695770 360.048309
-167.587100 367.473600 -173.254471 359.837006
-169.989700 367.347100 -175.650558 359.679199
-172.229800 367.237400 -177.870651 359.529083
-174.255000 367.118500 -179.913956 359.367676
-176.113500 366.976300 -181.762894 359.187225
-177.851600 366.825100 -183.496826 358.995667
-179.482200 366.619100 -185.119080 358.729950
-181.041000 366.257200 -186.663284 358.320312
-182.506900 365.700900 -188.055832 357.756653
-183.830900 364.922700 -189.280502 356.995239
-184.967900 363.901900 -190.387985 355.991821
-185.900600 362.645300 -191.298584 354.701721
-186.575700 361.163300 -191.913300 353.225555
-186.999600 359.497900 -192.304764 351.565796
-187.152300 357.675600 -192.431854 349.772125
-187.206000 355.773500 -192.443344 347.888367
-187.197400 353.800900 -192.393875 345.927521
-187.078300 351.712900 -192.234619 343.826263
-186.904300 349.515700 -192.016296 341.611450
-186.700200 347.199500 -191.771057 339.284332
-186.441500 344.761700 -191.472137 336.853577
-186.138100 342.245600 -191.130508 334.310852
-185.836200 339.600700 -190.784882 331.656860
-185.558800 336.870000 -190.444839 328.925659
-185.300200 334.088400 -190.126755 326.156525
-185.053400 331.295700 -189.822479 323.330261
-184.825700 328.513100 -189.531677 320.543213
-184.626700 325.706700 -189.281342 317.761658
-184.418100 322.895600 -189.013504 314.972351
-184.219300 320.049800 -188.759857 312.143494
-184.077900 317.187100 -188.569443 309.291992
-183.933200 314.300800 -188.356171 306.422485
-183.761600 311.460200 -188.140076 303.607361
-183.601800 308.616200 -187.913513 300.774841
-183.458100 305.794900 -187.701477 297.981598
-183.343100 303.000200 -187.520462 295.208557
-183.261300 300.211900 -187.341049 292.421814
-183.178800 297.450000 -187.190140 289.628357
-183.090500 294.684900 -187.010635 286.876740
-182.927300 291.908300 -186.766144 284.085510
-182.766600 289.099200 -186.527008 281.273834
-182.613800 286.267300 -186.294327 278.443329
-182.441900 283.385600 -186.044708 275.560944
-182.300400 280.490600 -185.827087 272.687805
-182.149900 277.557000 -185.623611 269.765961
-182.001400 274.627800 -185.413635 266.819519
-181.823500 271.689000 -185.168915 263.855194
-181.638500 268.767800 -184.916534 260.905609
-181.424600 265.787800 -184.642380 257.925232
-181.219800 262.838200 -184.354538 254.955444
-181.009300 259.844900 -184.067093 251.939804
-180.770400 256.828000 -183.756638 248.916092
-180.561000 253.860400 -183.474518 245.961548
-180.372700 250.908200 -183.203003 243.002151
-180.191000 247.979500 -182.953964 240.095062
-180.025600 245.104800 -182.717209 237.224274
-179.890000 242.301100 -182.513748 234.420364
-179.765100 239.629200 -182.329330 231.719559
-179.603400 237.077700 -182.101959 229.161819
-179.486600 234.610600 -181.923141 226.661697
-179.426200 232.293500 -181.807709 224.336655
-179.384800 230.153000 -181.704407 222.181259
-179.372900 228.203000 -181.638107 220.210159
-179.353200 226.445600 -181.573425 218.442749
-179.284500 224.889700 -181.454697 216.881729
-179.159500 223.520400 -181.304901 215.505524
-178.892900 222.222300 -180.987778 214.232529
-178.440800 221.019500 -180.492874 213.075851
-177.799300 219.912400 -179.848572 212.037842
-176.993100 218.868700 -179.006729 211.016357
-175.953700 217.908600 -177.927765 210.041260
-174.646400 217.098800 -176.612137 209.211044
-173.037500 216.423500 -175.052094 208.574280
-171.242400 215.987700 -173.283188 208.166504
-169.251700 215.748100 -171.372604 207.999802
-167.160900 215.651300 -169.383240 207.967865
-164.983800 215.579200 -167.239838 207.996292
-162.753200 215.542200 -165.038330 208.027145
-160.419600 215.517400 -162.739349 208.090271
-157.986900 215.494400 -160.334457 208.176865
-155.493900 215.476600 -157.873077 208.277756
-152.924600 215.528800 -155.341461 208.408600
-150.250300 215.556200 -152.671509 208.533218
-147.567100 215.656900 -149.978821 208.683624
-144.855900 215.751900 -147.287247 208.895172
-142.145800 215.896800 -144.567825 209.130600
-139.455100 216.087400 -141.875107 209.438858
-136.768400 216.330800 -139.197571 209.757004
-134.103700 216.562300 -136.531281 210.094894
-131.505400 216.803000 -133.920166 210.405121
-128.992800 217.018200 -131.402771 210.679230
-126.584900 217.191000 -129.007217 210.932220
-124.357100 217.330100 -126.773369 211.134125
-122.326100 217.418900 -124.723663 211.269501
-120.463500 217.466200 -122.835373 211.363922
-118.653600 217.497200 -121.008774 211.427155
-116.849600 217.495900 -119.191078 211.462494
-115.067800 217.514000 -117.403008 211.505981
-113.324000 217.535300 -115.643913 211.551376
-111.616000 217.623100 -113.931694 211.673126
-109.927700 217.875300 -112.244072 211.917679
-108.290900 218.301300 -110.623405 212.320938
-106.749500 218.945400 -109.117661 212.962616
-105.349200 219.793800 -107.716232 213.804245
-104.115500 220.834900 -106.517754 214.828384
-103.036000 222.051200 -105.502518 216.018173
-102.179100 223.400100 -104.685738 217.380325
-101.543200 224.848700 -104.112633 218.808380
-101.115700 226.383800 -103.713493 220.272385
-100.830600 227.968600 -103.444054 221.813202
-100.531100 229.501100 -103.167526 223.317734
-100.252100 231.017900 -102.884773 224.832626
-99.883990 232.463500 -102.510956 226.249954
-99.425550 233.824100 -102.039284 227.577454
-98.775880 234.872900 -101.388702 228.624863
-98.086100 235.806300 -100.706215 229.541626
-97.174270 236.468700 -99.781624 230.261276
-96.254150 236.931100 -98.819099 230.776306
-95.283150 237.358800 -97.795464 231.207840
-94.185080 237.674800 -96.624596 231.515808
-92.955310 237.898800 -95.348587 231.747742
-91.596850 238.102700 -93.945114 231.960983
-90.074690 238.248300 -92.382904 232.121887
-88.387450 238.391700 -90.657394 232.286789
-86.486290 238.540100 -88.802925 232.477570
-84.443490 238.650800 -86.778099 232.670380
-82.253860 238.746800 -84.628426 232.861862
-79.940140 238.872300 -82.338379 233.041595
-77.539590 239.011100 -79.978317 233.207443
-75.087440 239.150700 -77.548820 233.358368
-72.574930 239.313900 -75.067764 233.504761
-69.991910 239.446400 -72.466827 233.658691
-67.351620 239.548800 -69.836548 233.804413
-64.666360 239.657700 -67.186493 233.991760
-61.998030 239.808800 -64.574509 234.188919
-59.311750 239.952600 -61.960594 234.421600
-56.701950 240.109100 -59.403149 234.643753
-54.151130 240.267600 -56.844494 234.857880
-51.625940 240.427100 -54.318260 235.083221
-49.127390 240.564300 -51.836239 235.299423
-46.665870 240.712700 -49.406895 235.530273
-44.240570 240.886300 -46.993599 235.768311
-41.878960 241.088900 -44.649158 236.005600
-39.649020 241.312800 -42.401829 236.256454
-37.552430 241.539400 -40.298626 236.500259
-35.488740 241.743100 -38.230759 236.729950
-33.456700 241.939000 -36.200108 236.941528
-31.533090 242.124800 -34.260529 237.130615
-29.764560 242.287900 -32.479809 237.292099
-28.172420 242.408100 -30.882925 237.410065
-26.747170 242.468900 -29.449070 237.485382
-25.460260 242.473300 -28.161982 237.500900
-24.318710 242.437400 -27.021736 237.473419
-23.324200 242.322300 -26.038252 237.401245
-22.483780 242.186900 -25.216425 237.300613
-21.843230 242.069500 -24.579037 237.203049
-21.357270 241.937100 -24.099104 237.085022
-20.874950 241.791000 -23.634039 236.946350
-20.410090 241.641000 -23.164629 236.795242
-19.938580 241.453200 -22.669827 236.617783
-19.330890 241.150500 -22.090195 236.340439
-18.603550 240.674100 -21.386364 235.903091
-17.817550 240.000300 -20.588923 235.280884
-17.047940 239.130000 -19.784641 234.417191
-16.371440 238.041100 -19.079386 233.307159
-15.819140 236.731500 -18.505163 231.975357
-15.431720 235.164300 -18.122900 230.391724
-15.160930 233.366900 -17.832224 228.600601
-14.985430 231.359800 -17.644371 226.604431
-14.879450 229.166100 -17.510237 224.406479
-14.834570 226.783800 -17.432201 222.009842
-14.805910 224.227300 -17.355192 219.464462
-14.776150 221.503700 -17.252470 216.752792
-14.726190 218.625200 -17.144348 213.884979
-14.646810 215.602400 -17.004017 210.879807
-14.509690 212.459600 -16.818512 207.759827
-14.353480 209.201300 -16.595430 204.536896
-14.179740 205.869600 -16.337698 201.231812
-13.962380 202.478800 -16.067575 197.886261
-13.739120 199.045100 -15.782337 194.487732
-13.514930 195.572200 -15.491990 191.042252
-13.275440 192.054900 -15.192486 187.556046
-13.052000 188.499600 -14.920826 184.019913
-12.854570 184.884700 -14.652692 180.408997
-12.675140 181.220200 -14.407841 176.763077
-12.508030 177.502000 -14.181904 173.046066
-12.341190 173.718700 -13.934964 169.263153
-12.175010 169.898000 -13.713168 165.440765
-12.018250 166.028100 -13.489923 161.571457
-11.841350 162.134100 -13.253986 157.718491
-11.655180 158.220500 -13.004973 153.786240
-11.466580 154.287300 -12.749207 149.878098
-11.281310 150.320000 -12.486039 145.976685
-11.057620 146.379100 -12.213549 142.101410
-10.815240 142.443600 -11.933892 138.256607
-10.570550 138.517900 -11.645557 134.403061
-10.333980 134.639100 -11.350758 130.598679
-10.123240 130.785800 -11.062998 126.815102
-9.914350 127.027500 -10.759140 123.118492
-9.696148 123.395700 -10.470211 119.536201
-9.493383 119.914400 -10.197803 116.093193
-9.310280 116.607700 -9.974023 112.829979
-9.151332 113.442300 -9.753198 109.732971
-9.017561 110.482000 -9.574296 106.793404
-8.888960 107.744800 -9.407144 104.109863
-8.774269 105.222900 -9.266193 101.646347
-8.679794 102.918000 -9.132133 99.386795
-8.504861 100.812800 -8.914851 97.356728
-8.163715 98.919720 -8.556787 95.530907
-7.618518 97.243660 -7.994268 93.911598
-6.858427 95.725240 -7.237464 92.475456
-5.899838 94.392380 -6.293220 91.194496
-4.759829 93.253900 -5.189100 90.113106
-3.450087 92.348760 -3.870546 89.323616
-1.973871 91.691730 -2.415731 88.730728
-0.436803 91.261860 -0.969945 88.365036
1.138073 91.026340 0.530071 88.229156
2.751248 90.881970 2.104979 88.157974
4.431705 90.766140 3.743263 88.112732
6.211745 90.683570 5.533067 88.107925
8.081090 90.578530 7.348003 88.089218
10.076580 90.469280 9.351565 88.068085
12.205890 90.365360 11.478923 88.042091
14.489810 90.290310 13.756112 88.040543
16.910510 90.321490 16.167099 88.133530
19.453620 90.459650 18.702887 88.339371
22.045730 90.671110 21.299204 88.608154
24.644280 90.895340 23.902615 88.881821
27.207850 91.064010 26.481647 89.087349
29.764780 91.130150 29.049751 89.200790
32.287690 91.085550 31.586458 89.204330
34.803420 90.937800 34.108997 89.128281
37.325120 90.728940 36.628185 88.979332
39.896170 90.508470 39.217663 88.837158
42.547960 90.289960 41.895081 88.695816
45.244630 90.097810 44.602097 88.579636
47.943020 89.903610 47.284016 88.457230
50.617990 89.629730 49.951527 88.256226
53.252150 89.185630 52.600216 87.897041
55.814150 88.557720 55.146046 87.355598
58.313300 87.791630 57.646145 86.656425
60.805470 86.920740 60.134750 85.848946
63.322020 85.994100 62.661533 84.991783
65.833720 85.055040 65.180389 84.110924
68.406220 84.080780 67.753159 83.204758
70.998610 83.045350 70.344948 82.243942
73.578520 81.879280 72.939529 81.142120
76.170160 80.586970 75.546555 79.914856
78.819830 79.219290 78.197273 78.601074
81.480420 77.842690 80.856377 77.295021
84.108690 76.469870 83.490250 75.995476
86.695220 75.055290 86.072472 74.662407
89.188920 73.556030 88.554306 73.229897
91.573040 71.968490 90.938599 71.707085
93.850380 70.285940 93.251839 70.091827
96.020560 68.521450 95.441475 68.395393
98.103890 66.740880 97.551468 66.678520
100.107700 65.034010 99.585999 65.024261
101.996900 63.459780 101.494324 63.521793
103.764900 62.070330 103.283867 62.177673
105.408600 60.801050 104.943909 60.958199
107.003200 59.530310 106.555801 59.738300
108.589500 58.247390 108.149765 58.500618
110.134700 56.970520 109.708809 57.263477
111.717500 55.637520 111.301163 55.987740
113.353400 54.247110 112.954880 54.641476
115.077800 52.831180 114.704346 53.273125
116.904200 51.439420 116.548775 51.924438
118.836800 50.054850 118.479103 50.588657
120.853600 48.602090 120.509773 49.187199
122.938000 47.083700 122.612633 47.710999
125.092700 45.485300 124.801506 46.158314
127.330000 43.820780 127.066544 44.544430
129.637600 42.087830 129.410034 42.853260
131.967100 40.344760 131.778580 41.146877
134.297900 38.609850 134.142838 39.464649
136.621900 36.849050 136.512161 37.744919
138.949900 35.131110 138.862457 36.075005
141.293500 33.464730 141.231613 34.444645
143.603900 31.795640 143.585236 32.819229
145.871800 30.121580 145.876862 31.185310
148.133300 28.418200 148.143967 29.537521
150.347600 26.750990 150.370346 27.930311
152.506100 25.137140 152.558945 26.383953
154.521200 23.603510 154.579620 24.907700
156.409800 22.104300 156.489609 23.466070
158.102600 20.729550 158.215958 22.126192
159.605700 19.470090 159.733414 20.933641
161.034400 18.328640 161.163406 19.844616
162.527500 17.369930 162.643921 18.963455
164.102000 16.690040 164.183640 18.303280
165.725700 16.231240 165.833237 17.870100
167.465400 15.980230 167.563309 17.667927
169.275300 15.912810 169.355057 17.603235
171.157200 15.957740 171.221634 17.641338
173.098700 15.972680 173.152374 17.654900
175.120500 15.945180 175.155869 17.643070
177.167200 15.872150 177.196320 17.580893
179.305300 15.756280 179.323807 17.495333
181.477000 15.604010 181.492020 17.360905
183.703700 15.412020 183.712082 17.194508
185.980700 15.238130 185.968323 17.036613
188.280500 15.072990 188.264664 16.908031
190.577500 14.896800 190.568542 16.759277
192.894300 14.714610 192.913635 16.628597
195.244200 14.510220 195.265610 16.473452
197.633500 14.283820 197.655426 16.299639
200.090000 14.030130 200.111755 16.094622
202.592100 13.785300 202.603424 15.885738
205.104900 13.534110 205.124146 15.672079
207.640700 13.310070 207.647629 15.500319
210.148900 13.111090 210.150635 15.354125
212.697300 12.915740 212.721191 15.201488
215.224700 12.737830 215.239594 15.057100
217.808000 12.513180 217.818939 14.870386
220.389500 12.282700 220.396835 14.679483
223.037500 12.068550 223.036942 14.496337
225.699900 11.872960 225.704651 14.335475
228.380800 11.657570 228.395264 14.155378
231.063800 11.400770 231.077835 13.943956
233.768800 11.157120 233.774017 13.748440
236.452700 10.908570 236.457123 13.548131
239.115400 10.628320 239.107132 13.324803
241.756200 10.390980 241.751801 13.116800
244.376200 10.177670 244.386642 12.927652
246.942400 9.977031 246.959549 12.744033
249.503100 9.796410 249.557083 12.607487
251.962400 9.616742 252.019714 12.463222
254.329800 9.452561 254.382858 12.338630
256.557200 9.297183 256.591705 12.225666
258.681500 9.140396 258.717590 12.101140
260.487900 8.870715 260.740540 11.951758
262.171000 8.558198 262.646301 11.738733
263.852900 8.246051 264.443237 11.452415
265.533700 7.934305 266.067169 11.134728
267.212200 7.623220 267.512238 10.807935
268.719700 7.309828 268.770416 10.511581
269.768600 7.040605 269.813263 10.259283
270.654800 6.869143 270.702942 10.119848
271.433400 6.780906 271.499817 10.065370
272.188300 6.798910 272.275421 10.095325
272.939800 6.915555 272.987427 10.224253
273.674100 7.139266 273.683472 10.468243
274.435500 7.486302 274.449585 10.848154
275.206100 8.021776 275.179413 11.351946
275.841400 9.123003 275.856445 12.146859
276.399700 10.403880 276.482056 13.115862
276.938800 11.672800 276.974823 14.267705
277.461700 12.927990 277.381195 15.644469
277.969300 14.165350 277.783051 17.238146
278.402000 15.600760 278.101501 19.057617
278.675500 17.540870 278.319641 21.038733
278.887100 19.689590 278.477600 23.224365
279.050300 22.004090 278.577606 25.580103
279.153100 24.513040 278.652740 28.098368
279.310000 27.147550 278.758484 30.771746
279.492000 29.910160 278.901184 33.577484
279.682000 32.722430 279.068268 36.400585
279.891600 35.618700 279.264679 39.291065
280.117300 38.587970 279.463867 42.264183
280.340800 41.563150 279.658844 45.234776
280.553900 44.602790 279.825104 48.288223
280.757500 47.669170 279.998657 51.334633
280.966700 50.717990 280.166412 54.358902
281.189800 53.763250 280.346527 57.377602
281.387500 56.840290 280.533203 60.409351
281.609200 59.915920 280.714966 63.436127
281.892800 62.993940 280.961060 66.461311
282.168100 66.061440 281.194916 69.508484
282.386200 69.137860 281.375885 72.558975
282.581400 72.205720 281.545013 75.569283
282.741100 75.260420 281.696869 78.618675
282.945600 78.300480 281.870483 81.637032
283.185400 81.322840 282.058563 84.632706
283.441700 84.363870 282.263519 87.652817
283.683800 87.353300 282.465271 90.634972
283.940100 90.352150 282.685577 93.648720
284.231300 93.355260 282.950867 96.664345
284.541900 96.345100 283.235718 99.663719
284.938000 99.320580 283.601562 102.666473
285.395000 102.259500 284.018036 105.589279
285.844100 105.163200 284.434326 108.505051
286.321900 108.053700 284.863953 111.377975
286.793800 110.912200 285.301575 114.229126
287.216900 113.736500 285.690979 117.045815
287.630900 116.518500 286.064728 119.825638
288.058700 119.219300 286.450806 122.519966
288.448800 121.780900 286.788849 125.121468
288.846400 124.280600 287.132660 127.636856
289.285300 126.630100 287.524841 130.008179
289.743500 128.835400 287.927948 132.230850
290.213000 130.821100 288.377869 134.224014
290.683600 132.626000 288.813690 136.048782
291.166200 134.262000 289.264282 137.696381
291.580800 135.832500 289.644897 139.274658
291.961700 137.426400 289.999908 140.879318
292.194000 139.020100 290.199982 142.474503
292.237900 140.604400 290.218933 144.050766
291.762300 142.158200 289.991516 145.631134
290.662500 143.578100 289.504730 147.144989
289.562400 144.964600 288.718964 148.621704
288.468100 146.318100 287.638153 149.975464
287.386000 147.641500 286.266479 151.174118
286.399400 148.976200 284.657837 152.187378
284.571900 149.919400 282.827148 153.099045
282.598600 150.835500 280.854858 154.011169
280.553400 151.805400 278.803528 154.967438
278.418500 152.847000 276.657593 155.985443
276.187000 153.972900 274.416962 157.072906
273.848800 155.201700 272.070801 158.263672
271.423500 156.516000 269.649902 159.518250
268.909500 157.880900 267.110260 160.824173
266.393100 159.278800 264.565735 162.172150
263.831700 160.712200 262.000793 163.590118
261.343100 162.229400 259.506500 165.069260
258.927700 163.839100 257.053406 166.631332
256.567900 165.515700 254.701202 168.244385
254.220600 167.219800 252.327591 169.911057
251.812400 168.915300 249.893066 171.545593
249.342900 170.564800 247.392456 173.135086
246.829700 172.171100 244.833588 174.692154
244.268800 173.728400 242.245071 176.199356
241.687800 175.211100 239.651825 177.621674
239.066600 176.646400 237.018600 178.993652
236.435100 178.027700 234.346695 180.311203
233.828600 179.391700 231.728226 181.612503
231.251200 180.752600 229.132553 182.914124
228.707700 182.113100 226.560852 184.229401
226.214900 183.484500 224.057236 185.550491
223.769900 184.811700 221.584030 186.820526
221.367300 186.107100 219.170074 188.058380
219.059200 187.344000 216.837799 189.246063
216.843700 188.521200 214.605072 190.374069
214.730300 189.612200 212.482758 191.421234
212.761600 190.600600 210.506058 192.368591
210.934100 191.518800 208.656235 193.244766
209.293500 192.364900 206.998718 194.048340
207.831400 193.113300 205.519485 194.763519
206.576700 193.798300 204.235519 195.420746
205.539900 194.395600 203.178879 195.999329
204.729700 194.901600 202.351578 196.485382
204.122300 195.321500 201.729340 196.902344
203.546300 195.745200 201.148071 197.305374
203.042900 196.282400 200.580429 197.718582
202.515700 196.788100 200.007477 198.140411
201.945400 197.325500 199.414825 198.630630
201.195300 198.000000 198.637756 199.263351
200.227400 198.808500 197.637619 200.035812
199.076800 199.760000 196.474442 200.965988
197.730700 200.791700 195.105042 201.959351
196.253000 201.872000 193.619720 202.996765
194.623700 202.967100 191.975296 204.052582
192.619800 204.117900 190.200851 205.127533
190.615300 205.269000 188.256485 206.220703
188.611600 206.419500 186.243271 207.317368
186.608000 207.569800 184.150360 208.438950
184.604500 208.720100 181.970978 209.577026
182.452000 209.923800 179.709183 210.764664
180.162600 211.202300 177.398880 212.000610
177.855000 212.473600 175.053146 213.242905
175.554100 213.761200 172.735153 214.497177
173.260900 215.031900 170.424301 215.720657
171.006800 216.296100 168.148132 216.949341
168.770100 217.549300 165.897324 218.141434
166.635700 218.725900 163.733627 219.275192
164.640400 219.823800 161.712601 220.330826
162.800000 220.792300 159.855133 221.252686
161.109900 221.618400 158.147720 222.026154
159.510500 222.334400 156.547546 222.701065
157.845500 222.860900 154.872467 223.211258
156.181300 223.202900 153.266357 223.501312
154.511100 223.364000 151.614456 223.605576
152.786900 223.350100 149.913864 223.543060
150.969000 223.245000 148.079407 223.399719
149.048400 223.060600 146.155609 223.180908
146.999200 222.886700 144.093597 222.991440
144.811400 222.709100 141.892532 222.779175
142.452400 222.507300 139.539612 222.535828
139.985700 222.307100 137.057205 222.302841
137.342300 222.162600 134.383591 222.125778
134.568800 222.029900 131.614685 221.944412
131.695500 221.932100 128.738647 221.795090
128.711000 221.803000 125.720833 221.624191
125.647300 221.650100 122.638969 221.423401
122.615400 221.500000 119.594162 221.231003
119.543800 221.309500 116.516960 220.997131
116.511500 221.102100 113.470909 220.746445
113.516800 220.903600 110.452301 220.501526
110.545200 220.708000 107.471977 220.265167
107.636200 220.532300 104.557648 220.045532
104.717200 220.373700 101.633369 219.848419
101.840600 220.218600 98.754211 219.649643
98.994700 220.067300 95.895332 219.458969
96.181550 219.895100 93.088348 219.248520
93.438620 219.686500 90.349220 219.013702
90.855460 219.500600 87.706322 218.770630
88.388610 219.326300 85.242706 218.520218
86.123680 219.157800 82.957855 218.302322
84.049970 219.045300 80.860397 218.147018
82.152880 219.016300 78.943764 218.063736
80.388010 219.115100 77.181252 218.147263
78.664760 219.366200 75.431931 218.344208
77.016290 219.796000 73.724892 218.686401
75.461480 220.446100 72.232994 219.335480
74.069090 221.411200 70.768204 220.254807
72.862850 222.604000 69.544960 221.409302
71.841850 224.015300 68.506485 222.779602
71.023420 225.699900 67.656242 224.398834
70.421670 227.540000 67.000763 226.218369
70.034550 229.518400 66.566689 228.221344
69.813760 231.610700 66.340675 230.246811
69.670080 233.800300 66.178802 232.458328
69.603690 236.022800 66.075432 234.718689
69.545910 238.342600 65.967491 237.077850
69.499400 240.719700 65.856773 239.485535
69.469400 243.192800 65.771385 241.943146
69.384530 245.776400 65.622070 244.491867
69.232580 248.432800 65.422897 247.138168
69.094640 251.146000 65.242912 249.805573
68.950990 253.982700 65.041992 252.621841
68.811860 256.917100 64.841835 255.541840
68.650580 259.920100 64.663948 258.521912
68.462200 263.082100 64.456360 261.634338
68.288560 266.252800 64.247368 264.759033
68.096650 269.464100 64.012497 267.930328
67.903830 272.683000 63.780880 271.124207
67.721470 275.872400 63.548664 274.290405
67.525460 279.043300 63.296967 277.451843
67.317450 282.219100 63.045883 280.566895
67.111650 285.343500 62.798588 283.671753
66.901350 288.508400 62.554470 286.800751
66.688140 291.652400 62.315155 289.899384
66.478800 294.782200 62.073433 292.980072
66.289190 297.878200 61.843105 296.068237
66.078070 300.944500 61.607189 299.109833
65.826270 304.008500 61.324356 302.146790
65.573590 307.018200 61.044418 305.107727
65.274710 310.032300 60.720173 308.062134
64.924470 313.030600 60.354156 310.994873
64.540610 315.995300 59.921223 313.955322
64.089990 318.947600 59.437035 316.843262
63.671720 321.903700 58.991554 319.755646
63.304260 324.895900 58.594036 322.696228
62.967580 327.898100 58.228546 325.652527
62.699080 330.909200 57.930164 328.625763
62.553590 333.929000 57.698814 331.632935
62.402330 336.963400 57.454975 334.653931
62.266570 340.021300 57.237663 337.686707
62.116500 343.035800 57.027233 340.687317
61.993500 346.032900 56.852959 343.716187
61.866370 348.989100 56.674427 346.675995
61.760870 351.857800 56.509541 349.517731
61.679290 354.611700 56.358082 352.267609
61.586300 357.261400 56.203094 354.913391
61.550600 359.776900 56.119102 357.414154
61.577240 362.145700 56.095718 359.778748
61.603020 364.290800 56.082180 361.930847
61.628690 366.323100 56.071167 363.962097
61.649880 368.352400 56.040237 365.986816
61.624730 370.355800 55.973507 367.958923
61.511180 372.339500 55.811874 369.918121
61.271590 374.388200 55.516983 371.932709
60.966710 376.528400 55.148357 374.034668
60.637150 378.796200 54.770977 376.284912
60.324540 381.208000 54.411522 378.663818
60.065570 383.741300 54.115555 381.152863
59.884830 386.413700 53.872131 383.828003
59.789830 389.195600 53.725487 386.590790
59.765420 392.106700 53.629181 389.516785
59.766400 395.121300 53.533371 392.526184
59.728620 398.268800 53.403477 395.660889
59.673270 401.492900 53.278458 398.860565
59.575390 404.694600 53.104122 402.042816
59.425140 407.916600 52.887955 405.231171
59.267000 411.104300 52.651192 408.404083
59.084670 414.257800 52.410660 411.534943
58.913680 417.417100 52.173286 414.678345
58.748810 420.528100 51.944511 417.772125
58.574140 423.604200 51.725395 420.831848
58.437200 426.635400 51.539005 423.853088
58.286850 429.523300 51.336948 426.728729
58.117570 432.280500 51.114285 429.484558
57.924100 434.902000 50.855106 432.102661
57.663190 437.382700 50.569153 434.543793
57.368250 439.710400 50.231602 436.875519
57.036690 441.889000 49.853691 439.033844
56.656850 443.874800 49.440414 441.018372
56.323860 445.645400 49.075005 442.783203
56.148660 447.270100 48.882118 444.391724
56.616130 448.530800 48.941956 445.888550
57.333540 449.649800 49.254730 447.214050
58.025620 450.723300 49.847099 448.347900
58.683230 451.752100 50.668743 449.353210
59.300760 452.745900 51.675320 450.115784
60.051910 453.493100 52.782692 450.684845
61.232100 453.863600 53.966354 451.049530
62.575150 454.072200 55.279125 451.247406
64.075560 454.193600 56.776863 451.370148
65.729870 454.237800 58.419758 451.435760
67.536180 454.320400 60.217068 451.544220
69.481920 454.413600 62.149986 451.666687
71.568440 454.517900 64.214020 451.828552
73.783230 454.637300 66.417648 452.010162
76.158670 454.789800 68.768135 452.228577
78.646770 454.943100 71.242943 452.451599
81.225870 455.115600 73.803787 452.685486
83.916780 455.302300 76.463776 452.937256
86.702020 455.456700 79.225113 453.167450
89.526350 455.578300 82.048584 453.370911
92.412350 455.733700 84.904350 453.597778
95.328570 455.895400 87.796402 453.852020
98.249890 456.054300 90.708885 454.085846
101.184100 456.224200 93.622078 454.315460
104.093100 456.393100 96.530304 454.545807
106.998900 456.525600 99.410934 454.751526
109.897200 456.654500 102.293411 454.945038
112.749700 456.816600 105.133217 455.163208
115.610200 456.965500 107.985748 455.386505
118.400100 457.099300 110.761436 455.600677
121.145900 457.258900 113.501617 455.813141
123.876500 457.448100 116.231194 456.062531
126.583800 457.666500 118.933533 456.337860
129.241600 457.972700 121.582634 456.702209
131.877300 458.360200 124.201805 457.149658
134.472300 458.810900 126.776169 457.655212
137.047800 459.328100 129.315063 458.234680
139.578900 459.909300 131.838684 458.858246
142.082300 460.548100 134.320923 459.535278
144.536100 461.240400 136.749695 460.291199
146.935100 462.035700 139.143021 461.130554
149.323900 462.890800 141.494766 462.029785
151.645200 463.789700 143.793457 462.962769
153.953700 464.746000 146.082916 463.968811
156.216300 465.719100 148.311630 464.984711
158.442000 466.755000 150.507553 466.092255
160.610800 467.844100 152.632187 467.231995
162.721500 468.976400 154.699509 468.410370
164.765200 470.136200 156.701813 469.628998
166.772400 471.335900 158.654602 470.880707
168.632200 472.526000 160.474457 472.136749
170.346500 473.697400 162.154938 473.355713
171.909300 474.797000 163.684570 474.501282
173.302800 475.783300 165.063675 475.531342
174.556500 476.625400 166.325684 476.369995
175.656700 477.273900 167.442642 477.027527
176.667400 477.791400 168.459702 477.544159
177.693700 478.199200 169.510849 477.994781
178.769200 478.445200 170.567245 478.265686
179.820200 478.560500 171.635284 478.413666
180.911200 478.531600 172.756012 478.402740
182.068600 478.323700 173.895340 478.182709
183.262200 477.935100 175.117020 477.805389
184.488300 477.285200 176.369614 477.162323
185.759400 476.306800 177.713287 476.184387
187.077400 475.006900 179.065811 474.910919
188.478700 473.464500 180.478882 473.400970
189.953700 471.703500 182.005005 471.662994
191.518900 469.725200 183.608932 469.742401
193.208300 467.608400 185.333984 467.668640
195.017400 465.320900 187.181366 465.413422
196.863700 462.933100 189.063492 463.078064
198.729100 460.522700 190.975403 460.734833
200.614200 458.121400 192.899002 458.385498
202.510500 455.730200 194.840134 456.043121
204.411000 453.358300 196.790207 453.730804
206.321800 451.001000 198.747589 451.429443
208.222000 448.665100 200.696716 449.146973
210.114400 446.337900 202.614304 446.892151
211.976500 444.014500 204.519440 444.626465
213.836200 441.706600 206.407349 442.378204
215.683700 439.420500 208.298676 440.156219
217.555600 437.143300 210.224197 437.947388
219.471300 434.824100 212.203110 435.672882
221.450500 432.447100 214.267822 433.350098
223.466700 430.017100 216.338760 430.978027
225.486700 427.604100 218.430679 428.564240
227.506500 425.191500 220.513351 426.165039
229.526100 422.779100 222.601227 423.795563
231.545400 420.367100 224.661713 421.472260
233.564400 417.955300 226.697693 419.191864
235.559300 415.588300 228.715591 416.946289
237.436800 413.389000 230.631729 414.787628
238.780200 411.507400 232.408600 412.759064
239.937800 409.690800 233.997208 410.854675
241.095100 407.877000 235.344101 409.100525
242.251200 406.068000 236.403442 407.427094
243.408000 404.262500 237.142090 405.789581
244.011000 402.484000 237.542053 404.081207
244.001400 400.839200 237.580032 402.399994
243.616800 399.284000 237.236343 400.817902
242.890100 397.828700 236.519318 399.290131
241.873600 396.462000 235.545212 397.920868
240.631500 395.201500 234.365738 396.632568
239.221600 394.033800 232.948807 395.398804
237.618600 392.957600 231.358078 394.258698
235.793400 391.994800 229.536530 393.267273
233.764600 391.138800 227.503006 392.380005
231.526900 390.407500 225.266144 391.625305
229.101900 389.773400 222.830750 390.929718
226.502900 389.204300 220.225983 390.285919
223.725900 388.759000 217.428162 389.769806
220.797800 388.372500 214.482529 389.316986
217.710700 387.983400 211.395554 388.863098
214.530600 387.607200 208.184799 388.442047
211.281800 387.245500 204.956589 388.021118
207.989900 386.906600 201.672134 387.624695
204.658000 386.595500 198.309601 387.253448
201.286800 386.304300 194.943634 386.890869
197.918900 386.031200 191.573257 386.570892
194.555800 385.786300 188.208664 386.280792
191.207200 385.554600 184.877106 386.009033
187.886200 385.358400 181.551102 385.743683
184.599200 385.187900 178.274857 385.505127
181.348200 385.028900 175.024948 385.284851
178.125300 384.880300 171.788956 385.067230
174.940200 384.732200 168.621780 384.841827
171.787000 384.605200 165.484375 384.623474
168.667500 384.479200 162.395462 384.419067
165.610000 384.375800 159.365051 384.233154
162.651900 384.300900 156.424973 384.095703
159.841600 384.253100 153.637039 383.972870
157.212800 384.244100 151.019897 383.896179
154.757500 384.238100 148.595078 383.819122
152.465500 384.177300 146.304092 383.694244
150.349500 384.033300 144.225082 383.480164
148.462800 383.774700 142.404785 383.197357
146.861800 383.342900 140.825729 382.694305
145.493000 382.652100 139.557846 382.010284
144.342900 381.710300 138.445389 381.061890
143.476000 380.548800 137.620056 379.861237
142.885900 379.215000 137.083054 378.536011
142.512900 377.743300 136.738312 377.076691
142.317800 376.136600 136.587158 375.491852
142.188100 374.395800 136.494965 373.802094
142.147200 372.567400 136.481400 371.986420
142.122900 370.607400 136.495255 370.052429
142.117600 368.494900 136.532990 367.950989
142.130800 366.233800 136.590942 365.692535
142.204400 363.814600 136.701447 363.288666
142.299400 361.231000 136.851562 360.718414
142.415300 358.474700 137.026779 357.963654
142.582500 355.558100 137.275818 355.074066
142.739700 352.539000 137.518692 352.080902
142.891900 349.439100 137.736023 349.015472
143.064500 346.281300 137.990509 345.888550
143.227100 343.091000 138.201736 342.705048
143.425200 339.887400 138.484009 339.552368
143.616200 336.700500 138.741150 336.367371
143.795900 333.502200 138.970642 333.186768
144.005700 330.337500 139.233139 330.048889
144.230000 327.130600 139.471954 326.857208
144.419100 323.896200 139.698074 323.644501
144.587400 320.591100 139.915161 320.364624
144.754600 317.239000 140.145020 317.053650
144.941900 313.833000 140.383347 313.695709
145.157300 310.363000 140.637100 310.285828
145.368500 306.861100 140.882645 306.791901
145.569800 303.322100 141.113693 303.321228
145.779600 299.781500 141.356781 299.781799
145.995800 296.224300 141.615250 296.243713
146.232800 292.723700 141.901764 292.762878
146.466500 289.221500 142.180435 289.290802
146.685200 285.746000 142.468018 285.832520
146.893800 282.281200 142.748154 282.376892
147.103700 278.834100 143.017029 278.962036
147.309200 275.380000 143.292221 275.529968
147.469000 272.014900 143.506851 272.198669
147.644100 268.640500 143.733414 268.841461
147.828000 265.287400 143.987686 265.510223
148.018700 262.011300 144.234573 262.250183
148.191600 258.776500 144.444733 259.025787
148.362500 255.568000 144.655609 255.807617
148.542700 252.484800 144.881226 252.727280
148.699400 249.530100 145.075516 249.779297
148.855100 246.697000 145.273285 246.972977
149.012000 244.059600 145.487076 244.341919
149.177500 241.565300 145.702667 241.848831
149.354100 239.240800 145.925659 239.520340
149.518500 237.141100 146.135910 237.431351
149.688400 235.241100 146.337326 235.533936
149.831600 233.536700 146.501434 233.819336
149.906300 232.004900 146.621231 232.285355
149.838700 230.619900 146.586548 230.889923
149.635100 229.344100 146.419037 229.568848
149.241300 228.150200 146.047409 228.391052
148.716100 227.039600 145.544952 227.241959
148.000700 226.008200 144.850555 226.151413
147.075700 225.048900 143.948685 225.171478
145.937600 224.217300 142.830490 224.271164
144.564400 223.496400 141.518097 223.516373
143.010800 222.963900 139.990479 222.931717
141.316600 222.568700 138.313095 222.489456
139.454500 222.334500 136.478607 222.190140
137.425000 222.166300 134.499527 221.950790
135.205500 222.050100 132.307343 221.777512
132.804000 221.961500 129.944244 221.620255
130.267400 221.919300 127.390388 221.489548
127.508700 221.882500 124.572426 221.340164
124.622700 221.854300 121.711830 221.180771
121.664000 221.830100 118.763374 221.037659
118.657200 221.763300 115.737946 220.868362
115.641600 221.685500 112.733192 220.656509
112.627300 221.570300 109.729355 220.428757
109.673500 221.356100 106.763519 220.181442
106.754900 221.166500 103.848053 219.943619
103.815900 220.977200 100.912964 219.719498
100.933900 220.822800 98.043060 219.502502
98.075460 220.656000 95.181503 219.299347
95.253020 220.487500 92.361855 219.080383
92.486910 220.344500 89.589172 218.850693
89.875370 220.223200 86.990799 218.646545
87.458400 220.103100 84.589890 218.444290
85.308900 219.940400 82.416977 218.273209
83.404740 219.814900 80.502701 218.154877
81.811460 219.719400 78.887703 218.110413
80.386560 219.682400 77.444801 218.099838
79.003730 219.767200 76.055710 218.149368
77.660700 220.007600 74.715302 218.335220
76.371580 220.406400 73.446007 218.660400
75.155860 220.960300 72.235710 219.137970
74.011040 221.726500 71.067200 219.855408
72.923470 222.715600 69.945312 220.779922
71.978870 223.872400 68.955864 221.883469
71.184520 225.266700 68.164581 223.154709
70.559680 226.755300 67.526871 224.550430
70.106430 228.212400 67.064049 226.021698
69.780350 229.717400 66.724747 227.521484
69.611080 231.273600 66.544518 229.070663
69.507330 232.885000 66.424728 230.671646
69.413710 234.508900 66.302544 232.278809
69.343880 236.144900 66.206429 233.892578
69.165330 237.775100 66.009377 235.477921
68.850580 239.377200 65.694382 237.006744
68.411010 240.827300 65.186134 238.426895
67.727420 242.111200 64.456573 239.690109
66.803100 243.182900 63.498726 240.800949
65.701790 244.107800 62.370609 241.725845
64.448250 244.782200 61.118000 242.375931
63.080800 245.260000 59.725510 242.845947
61.580750 245.474700 58.197315 243.040436
60.021940 245.545100 56.648251 243.058578
58.373630 245.501300 55.030033 242.968124
56.557790 245.387700 53.248711 242.874573
54.575700 245.267600 51.289463 242.745544
52.422320 245.171900 49.137646 242.637024
50.087930 245.081900 46.802189 242.513931
47.581640 245.008900 44.315514 242.383850
44.918970 244.937600 41.670815 242.242477
42.122820 244.817200 38.858315 242.048264
39.164720 244.672400 35.891273 241.833420
36.057060 244.510700 32.792038 241.604691
32.840100 244.318200 29.573231 241.345428
29.595440 244.119000 26.318754 241.087234
26.356030 243.938500 23.077051 240.849304
23.136280 243.778100 19.836235 240.627792
19.923890 243.574600 16.630226 240.346741
16.771670 243.333700 13.465528 240.053696
13.661940 243.082500 10.363407 239.746658
10.666390 242.818300 7.384266 239.422882
7.814747 242.555200 4.536980 239.119171
5.139292 242.325200 1.876536 238.845016
2.679849 242.118700 -0.585098 238.611053
0.450309 241.930700 -2.808343 238.392059
-1.528966 241.776000 -4.793159 238.206451
-3.228819 241.670700 -6.481923 238.077820
-4.618300 241.633500 -7.864143 238.016388
-5.727634 241.635600 -8.970163 238.004761
-6.594910 241.676300 -9.825953 238.035110
-7.316062 241.736500 -10.548359 238.088608
-7.999830 241.824600 -11.221253 238.175522
-8.668434 241.971800 -11.867379 238.314194
-9.310473 242.159800 -12.498834 238.498688
-10.040280 242.489600 -13.223922 238.807144
-10.900630 242.986700 -14.086467 239.266891
-11.788840 243.696900 -14.986556 239.937744
-12.605680 244.629900 -15.819774 240.829544
-13.325190 245.805400 -16.606291 242.007309
-13.876090 247.212100 -17.180870 243.466812
-14.262280 248.903900 -17.569904 245.165329
-14.456720 250.843200 -17.771961 247.100540
-14.534350 252.994100 -17.871746 249.259476
-14.597030 255.350200 -17.959663 251.622040
-14.667090 257.910700 -18.070267 254.167038
-14.735990 260.649600 -18.185907 256.900909
-14.849520 263.575900 -18.370201 259.809662
-14.957480 266.729800 -18.540342 262.953522
-15.059630 270.015600 -18.714703 266.218414
-15.182710 273.477200 -18.934332 269.654816
-15.303150 277.021400 -19.154572 273.172760
-15.440230 280.658500 -19.391888 276.771851
-15.590580 284.351600 -19.631912 280.438293
-15.764490 288.068200 -19.897821 284.119720
-15.946800 291.811700 -20.174158 287.839355
-16.099940 295.543400 -20.421289 291.561005
-16.260060 299.308400 -20.659395 295.317108
-16.425310 303.105800 -20.910244 299.094086
-16.590140 306.893300 -21.159775 302.843109
-16.756680 310.705900 -21.403671 306.604004
-16.910250 314.536100 -21.650915 310.385162
-17.062160 318.371600 -21.898436 314.171387
-17.211700 322.183300 -22.151747 317.971954
-17.359600 325.995800 -22.426723 321.745636
-17.503240 329.777900 -22.677265 325.535797
-17.652950 333.537700 -22.913445 329.279266
-17.803470 337.274400 -23.145008 332.986023
-17.965510 340.928300 -23.390501 336.623962
-18.139020 344.467400 -23.636692 340.157867
-18.309560 347.827300 -23.882416 343.514160
-18.498430 351.069300 -24.128235 346.749481
-18.657830 354.177800 -24.341452 349.855896
-18.779270 357.113600 -24.519091 352.789795
-18.870160 359.864000 -24.653431 355.555420
-18.946200 362.402300 -24.775394 358.070496
-18.990920 364.711200 -24.882586 360.366669
-19.050610 366.784400 -24.975517 362.406494
-19.150770 368.599600 -25.111000 364.183655
-19.288630 370.232600 -25.295628 365.786804
-19.600770 371.746300 -25.634169 367.223724
-20.181060 373.134000 -26.232540 368.530334
-21.046240 374.352900 -27.041027 369.644867
-22.127780 375.353800 -28.091818 370.591278
-23.457040 376.098400 -29.387938 371.258667
-24.934490 376.556700 -30.876305 371.671478
-26.555040 376.670400 -32.491894 371.719452
-28.276760 376.521700 -34.184753 371.494476
-30.056280 376.231600 -35.956863 371.130249
-31.975970 375.881500 -37.845661 370.756317
-34.041570 375.538800 -39.887104 370.387177
-36.312400 375.174700 -42.125851 369.977081
-38.740670 374.815500 -44.524540 369.565918
-41.349510 374.513500 -47.109497 369.214996
-44.097790 374.260800 -49.853359 368.931641
-47.011360 374.040700 -52.762577 368.683777
-50.040150 373.823900 -55.803505 368.414795
-53.185680 373.618900 -58.919384 368.165222
-56.406270 373.421900 -62.122368 367.916626
-59.653410 373.251300 -65.352310 367.680634
-62.943060 373.083600 -68.626389 367.438721
-66.219570 372.909300 -71.914917 367.196075
-69.486870 372.732000 -75.154472 366.937042
-72.726120 372.532900 -78.390450 366.669617
-75.949990 372.348800 -81.615875 366.413391
-79.132360 372.198800 -84.813675 366.186096
-82.276670 372.085900 -87.968132 365.998535
-85.318380 372.021300 -91.010857 365.853973
-88.202870 371.999200 -93.897202 365.754761
-90.927450 371.989600 -96.630478 365.674957
-93.555550 371.974900 -99.264565 365.588226
-96.169310 371.894100 -101.884377 365.446106
-98.735200 371.699400 -104.441551 365.192688
-101.335900 371.405700 -107.035561 364.828491
-104.006100 371.090100 -109.692993 364.442169
-106.771100 370.792200 -112.454338 364.077087
-109.682200 370.477800 -115.348061 363.704407
-112.739100 370.228500 -118.399284 363.393524
-115.931600 370.036400 -121.586678 363.120514
-119.286600 369.828600 -124.926514 362.845581
-122.729500 369.724600 -128.367035 362.675903
-126.288700 369.671200 -131.914307 362.523315
-129.839700 369.662300 -135.450928 362.425140
-133.385600 369.650900 -138.994751 362.336823
-136.894400 369.634000 -142.499542 362.243774
-140.398100 369.514400 -145.984848 362.052063
-143.862100 369.340500 -149.439087 361.798553
-147.327600 369.166400 -152.897446 361.564301
-150.737000 368.971100 -156.314392 361.291443
-154.158600 368.781900 -159.729095 361.030396
-157.533900 368.539100 -163.095001 360.716461
-160.863100 368.281900 -166.402100 360.389343
-164.185700 368.025000 -169.719971 360.070953
-167.432800 367.748600 -172.976059 359.737823
-170.642400 367.488400 -176.188431 359.412292
-173.841400 367.227100 -179.391739 359.091400
-177.023700 366.951400 -182.567474 358.756927
-180.244500 366.730400 -185.768127 358.469910
-183.473900 366.580900 -188.981293 358.243835
-186.744800 366.472000 -192.221939 358.074554
-190.033500 366.367300 -195.485077 357.888123
-193.355400 366.250500 -198.772614 357.691284
-196.716900 366.188600 -202.129669 357.545105
-200.121200 366.182600 -205.541519 357.470978
-203.540500 366.199800 -208.937378 357.413605
-206.952700 366.227500 -212.326508 357.369171
-210.347900 366.285500 -215.702515 357.335602
-213.706200 366.365900 -219.056808 357.338043
-217.009500 366.481900 -222.357773 357.370941
-220.179700 366.654500 -225.527664 357.471344
-223.191200 366.879000 -228.548645 357.635834
-226.097000 367.114900 -231.453293 357.795929
-228.814800 367.345400 -234.198898 357.971588
-231.386300 367.584000 -236.777115 358.155853
-233.712600 367.887700 -239.120819 358.416962
-235.782000 368.275800 -241.192627 358.756775
-237.675400 368.737900 -243.089462 359.182922
-239.369400 369.206200 -244.793655 359.606476
-240.923900 369.617600 -246.372269 360.005890
-242.343700 369.946600 -247.788208 360.294403
-243.617800 370.200700 -249.063660 360.517670
-244.859400 370.340600 -250.298065 360.620300
-246.077300 370.391700 -251.498169 360.649078
-247.267700 370.379800 -252.677750 360.605438
-248.493500 370.333700 -253.892776 360.535004
-249.783700 370.306600 -255.180786 360.488678
-251.078800 370.299200 -256.471436 360.460266
-252.358200 370.349900 -257.753632 360.477325
-253.632100 370.436500 -259.031311 360.527740
-254.850600 370.581800 -260.257874 360.658569
-255.940600 370.729900 -261.341400 360.760010
-256.915700 370.895600 -262.321686 360.929321
-257.880300 371.026600 -263.283508 361.050476
-258.825300 371.074700 -264.212128 361.094299
-259.790200 371.036700 -265.170685 361.053284
-260.853800 370.865000 -266.204742 360.861298
-261.981300 370.525600 -267.334808 360.511017
-263.149900 369.955400 -268.469208 359.910553
-264.334300 369.128800 -269.664642 359.085541
-265.453200 367.983800 -270.686798 357.913940
-266.451000 366.525200 -271.670410 356.440918
-267.251800 364.723800 -272.428223 354.691101
-267.949500 362.709300 -273.062134 352.692047
-268.506500 360.485200 -273.574402 350.479736
-268.941500 358.026800 -273.941711 348.026794
-269.220400 355.348600 -274.154266 345.362183
-269.448800 352.477300 -274.311279 342.490204
-269.718000 349.407100 -274.493927 339.443665
-269.985700 346.177700 -274.654572 336.207428
-270.257600 342.841000 -274.820221 332.877258
-270.518100 339.408900 -274.968231 329.460114
-270.754500 335.850800 -275.080872 325.905914
-270.955500 332.279200 -275.161987 322.343353
-271.100700 328.699800 -275.208221 318.775757
-271.205200 325.126400 -275.205719 315.223724
-271.267700 321.587300 -275.159882 311.694092
-271.275200 318.070500 -275.058319 308.201050
-271.222900 314.582000 -274.900574 304.717896
-271.120000 311.120600 -274.683777 301.298035
-270.978000 307.683800 -274.426025 297.882019
-270.782700 304.265600 -274.116364 294.511566
-270.528600 300.853100 -273.756012 291.142822
-270.242000 297.429400 -273.372223 287.724396
-269.919600 293.989900 -272.949677 284.318268
-269.545200 290.528500 -272.478455 280.903595
-269.141700 287.042100 -271.970306 277.459076
-268.688300 283.528200 -271.417938 274.001801
-268.188900 279.998100 -270.833954 270.505707
-267.644900 276.438400 -270.196167 266.993195
-267.060700 272.864800 -269.512146 263.461761
-266.415600 269.267600 -268.772003 259.933044
-265.703700 265.659900 -267.976318 256.372375
-264.933700 262.028500 -267.116974 252.806244
-264.083600 258.356100 -266.171112 249.217606
-263.198600 254.694500 -265.180603 245.630936
-262.249500 251.044300 -264.140442 242.041168
-261.237300 247.429800 -263.029083 238.506653
-260.189300 243.839800 -261.903870 234.960480
-259.094000 240.246100 -260.722809 231.430481
-257.955600 236.666200 -259.507751 227.966858
-256.772700 233.104800 -258.251190 224.499512
-255.531300 229.548500 -256.939117 221.047638
-254.248400 226.028100 -255.581497 217.585342
-252.919100 222.544000 -254.177887 214.149170
-251.574800 219.079600 -252.764557 210.794998
-250.208800 215.633800 -251.329453 207.415985
-248.823500 212.212300 -249.867691 204.063934
-247.396200 208.816100 -248.370071 200.730988
-245.924600 205.438400 -246.843948 197.403244
-244.407500 202.096000 -245.259018 194.120895
-242.864900 198.761700 -243.656937 190.872223
-241.279000 195.474400 -242.026184 187.688995
-239.649300 192.235800 -240.336197 184.516006
-237.983200 189.035400 -238.609573 181.400253
-236.298900 185.858800 -236.873001 178.281433
-234.588400 182.702700 -235.093369 175.183365
-232.835600 179.589900 -233.283325 172.147461
-231.009300 176.491000 -231.403992 169.087845
-229.111700 173.245900 -229.476288 166.047607
-227.176300 170.021800 -227.504410 162.972855
-225.177100 166.838100 -225.467865 159.924698
-223.121100 163.678300 -223.364288 156.879181
-221.021800 160.583500 -221.229263 153.895935
-218.906700 157.528200 -219.081482 150.944565
-216.758300 154.516100 -216.885742 148.016998
-214.598900 151.542200 -214.684723 145.122864
-212.419400 148.613400 -212.463806 142.276932
-210.228200 145.723000 -210.226562 139.469376
-207.984500 142.875200 -207.944702 136.700867
-205.709300 140.044600 -205.638016 133.945923
-203.367700 137.252600 -203.265564 131.231522
-200.986900 134.476000 -200.855499 128.518585
-198.545200 131.709700 -198.376343 125.807907
-196.059300 128.939500 -195.846878 123.105644
-193.510200 126.196800 -193.262131 120.425262
-190.897300 123.468900 -190.622330 117.781105
-188.227400 120.762000 -187.937180 115.139435
-185.497000 118.076800 -185.199707 112.516258
-182.724000 115.414700 -182.406433 109.909485
-179.874900 112.756200 -179.537659 107.317055
-176.963500 110.129700 -176.625290 104.762543
-174.022700 107.478800 -173.683060 102.200447
-171.062700 104.830200 -170.701859 99.645721
-168.072200 102.205400 -167.701035 97.096329
-165.063500 99.572080 -164.668350 94.548752
-162.094200 96.925240 -161.678101 91.998108
-159.158100 94.245620 -158.725098 89.390594
-156.222000 91.591220 -155.778442 86.833504
-153.302600 88.949020 -152.839325 84.277321
-150.415700 86.290970 -149.913910 81.685135
-147.525700 83.616700 -147.005981 79.110580
-144.616800 80.967880 -144.069519 76.525284
-141.680000 78.334030 -141.131866 73.984573
-138.744900 75.701910 -138.189194 71.428391
-135.803000 73.066790 -135.259842 68.866982
-132.863800 70.434610 -132.324524 66.325500
-129.933000 67.796650 -129.390167 63.784409
-127.009300 65.165490 -126.470062 61.242916
-124.094300 62.565200 -123.541733 58.707047
-121.185800 59.961850 -120.617981 56.169270
-118.275800 57.358150 -117.697388 53.625515
-115.383500 54.746480 -114.790413 51.082275
-112.487100 52.132910 -111.870506 48.542496
-109.563100 49.507800 -108.933708 45.994362
-106.649400 46.882310 -106.003548 43.442261
-103.717200 44.240620 -103.046249 40.881680
-100.776700 41.607720 -100.085304 38.341179
-97.815960 38.955960 -97.125999 35.784840
-94.863170 36.299440 -94.166748 33.214767
-91.884440 33.643060 -91.155830 30.629351
-88.909720 30.989760 -88.177025 28.061022
-85.917480 28.322680 -85.188156 25.498058
-82.929050 25.668410 -82.178375 22.918848
-79.941980 23.038030 -79.169647 20.355677
-76.962720 20.421650 -76.190536 17.823429
-74.007520 17.823510 -73.211159 15.294887
-71.092400 15.226900 -70.320084 12.790835
-68.209240 12.634500 -67.430473 10.262782
-65.354250 10.051970 -64.562286 7.741309
-62.542350 7.481356 -61.723083 5.242953
-59.754040 4.927046 -58.937187 2.774050
-57.009180 2.422195 -56.174950 0.324595
-54.340090 0.009828 -53.480255 -2.044614
-51.766990 -2.296378 -50.877552 -4.310175
-49.260900 -4.526641 -48.355122 -6.494818
-46.853800 -6.677798 -45.937790 -8.587445
-44.569730 -8.685225 -43.618912 -10.549968
-42.404320 -10.528340 -41.444275 -12.351850
-40.364200 -12.198710 -39.385540 -13.981187
-38.389800 -13.695430 -37.403313 -15.449085
-36.423220 -15.003710 -35.428200 -16.705578
-34.423200 -16.097900 -33.423145 -17.778881
-32.364650 -16.913830 -31.383696 -18.589550
-30.265120 -17.411740 -29.317818 -19.050175
-28.163420 -17.604910 -27.210314 -19.229563
-26.110560 -17.459960 -25.225662 -19.052742
-24.143360 -16.987220 -23.300962 -18.552774
-22.296980 -16.217800 -21.542181 -17.774633
-20.604650 -15.231400 -19.869627 -16.782267
-19.008910 -14.153640 -18.264196 -15.674960
-17.427180 -13.090130 -16.688669 -14.582520
-15.874640 -12.069320 -15.149022 -13.540024
-14.363580 -11.106930 -13.650880 -12.547254
-12.922670 -10.242620 -12.199530 -11.644075
-11.574780 -9.466819 -10.841130 -10.825134
-10.317910 -8.788752 -9.588423 -10.111109
-9.188230 -8.193104 -8.464476 -9.482139
-8.211014 -7.716742 -7.489076 -8.963007
-7.426664 -7.335419 -6.704547 -8.547652
-6.732949 -7.004384 -6.027382 -8.189013
-6.081177 -6.624412 -5.369167 -7.806423
-5.489078 -6.233971 -4.779344 -7.418684
-4.934984 -5.802268 -4.243455 -7.003998
-4.339961 -5.285216 -3.648570 -6.471137
-3.697865 -4.592905 -3.001031 -5.777094
-3.037676 -3.769289 -2.368826 -4.968273
-2.408137 -2.790908 -1.738137 -3.985991
-1.801721 -1.625169 -1.171126 -2.847745
-1.269630 -0.215074 -0.674203 -1.460753
-0.812186 1.417145 -0.240394 0.137514
-0.577413 3.304554 0.011912 1.959598
-0.470925 5.426109 0.123602 3.991045
-0.476637 7.694492 0.109343 6.219516
-0.570738 10.119870 -0.037093 8.548065
-0.648451 12.686750 -0.144785 11.058714
-0.748385 15.378500 -0.280107 13.730773
-0.860824 18.191740 -0.433637 16.557337
-0.998219 21.084400 -0.597750 19.457224
-1.176238 24.100490 -0.805677 22.473068
-1.395968 27.224660 -1.058667 25.587885
-1.640741 30.420880 -1.331021 28.762108
-1.879320 33.664680 -1.621074 31.995819
-2.150183 36.923590 -1.924807 35.237789
-2.397389 40.249040 -2.234579 38.544647
-2.638864 43.594280 -2.528437 41.857536
-2.848280 46.962570 -2.798432 45.236488
-3.041372 50.356970 -3.051397 48.616440
-3.212653 53.820380 -3.283301 52.028122
-3.380992 57.307360 -3.514280 55.483829
-3.567609 60.834770 -3.755193 58.997761
-3.786600 64.385720 -4.025466 62.533436
-3.981904 67.973540 -4.282283 66.109726
-4.173959 71.565920 -4.553767 69.685471
-4.396788 75.106490 -4.800742 73.214813
-4.593996 78.623730 -5.034461 76.738953
-4.800834 82.136440 -5.279518 80.257820
-5.016400 85.597270 -5.540999 83.712906
-5.214554 89.008160 -5.788126 87.093414
-5.369648 92.435540 -5.995811 90.484001
-5.524006 95.827610 -6.199035 93.862045
