-0.000000 0.000000 0.000000 0.000000
-0.031067 2.888054 -0.009272 2.858704
-0.064585 5.738958 -0.006733 5.672522
-0.101303 8.535486 -0.025183 8.442298
-0.142195 11.339520 -0.049363 11.207446
-0.184906 14.041360 -0.080940 13.925272
-0.236713 16.743090 -0.122499 16.639429
-0.293743 19.414190 -0.174551 19.308222
-0.351775 22.037930 -0.238192 21.917696
-0.412104 24.615430 -0.301407 24.488388
-0.469077 27.080370 -0.380687 26.965206
-0.537729 29.454710 -0.461737 29.347471
-0.609883 31.753310 -0.539261 31.659670
-0.707028 33.962280 -0.636963 33.885273
-0.822501 36.085730 -0.740134 36.017776
-0.935694 38.111240 -0.852969 38.058788
-1.022967 40.037480 -0.942211 39.998642
-1.107347 41.890890 -1.029898 41.876144
-1.156523 43.592390 -1.074587 43.599842
-1.165281 45.110470 -1.078530 45.137127
-1.139704 46.435620 -1.049667 46.492241
-1.077742 47.567320 -0.989414 47.640820
-1.006263 48.450880 -0.912673 48.549706
-0.897746 49.232390 -0.795356 49.354748
-0.757712 49.986150 -0.650954 50.127926
-0.562625 50.707270 -0.449769 50.860657
-0.317219 51.420200 -0.197837 51.578487
0.000274 52.129820 0.131155 52.290890
0.427978 52.800310 0.572805 52.978424
0.965237 53.472800 1.120562 53.653435
1.658262 54.153430 1.816320 54.349869
2.612681 54.789880 2.727996 54.996311
3.766145 55.335410 3.889373 55.581799
5.103719 55.721430 5.237731 56.037640
6.612372 55.902800 6.735555 56.256226
8.209580 55.971350 8.358203 56.355350
9.933246 55.981820 10.092793 56.369045
11.755010 55.963040 11.925124 56.334553
13.673080 55.883300 13.863955 56.272305
15.697980 55.779010 15.927938 56.201172
17.784720 55.672100 18.030985 56.132607
19.978240 55.590270 20.247246 56.062492
22.167140 55.510110 22.463997 56.016838
24.373310 55.484540 24.704224 56.007374
26.568060 55.472620 26.936804 56.012913
28.777650 55.510270 29.173737 56.025661
30.985590 55.548590 31.439873 56.085606
33.207400 55.613480 33.688625 56.162197
35.442520 55.709300 35.950520 56.271542
37.704740 55.826600 38.250881 56.396400
40.002200 55.976310 40.590435 56.562420
42.339510 56.141300 42.920727 56.734428
44.713720 56.343910 45.313854 56.937088
47.122240 56.605330 47.668961 57.207687
49.540680 56.921620 50.119431 57.510616
51.989070 57.297260 52.531013 57.880524
54.343180 57.698510 54.917065 58.294403
56.645460 58.120330 57.217869 58.723240
58.876010 58.567270 59.465328 59.178699
61.013190 59.021080 61.612503 59.637177
63.055930 59.468430 63.660305 60.093510
65.032810 59.902180 65.653221 60.522064
66.922080 60.298360 67.558685 60.934574
68.724720 60.677920 69.370720 61.322208
70.449950 61.033000 71.121399 61.672939
72.086540 61.346730 72.774513 61.979874
73.701140 61.657010 74.417336 62.286205
75.335240 61.944750 76.064926 62.568974
76.992600 62.291350 77.748245 62.915749
78.692590 62.691950 79.466614 63.348072
80.453400 63.179850 81.214813 63.839111
82.265790 63.740490 83.051231 64.396301
84.194030 64.399810 84.969505 65.064339
86.224450 65.153770 86.988159 65.810951
88.357870 65.993410 89.085426 66.631844
90.502450 66.907090 91.233887 67.540268
92.609040 67.903710 93.351814 68.511391
94.633120 68.920130 95.392128 69.489052
96.583420 69.912990 97.370010 70.466026
98.435050 70.883890 99.288666 71.441399
100.212200 71.816210 101.095734 72.371841
101.905500 72.735820 102.800781 73.262939
103.511500 73.620900 104.436119 74.138550
105.060100 74.482340 105.990784 74.966599
106.565000 75.343110 107.505844 75.835556
108.028900 76.228830 108.950562 76.708588
109.484600 77.160920 110.385590 77.632217
111.012500 78.171090 111.878258 78.644600
112.582900 79.246780 113.408539 79.726456
114.228600 80.425890 115.019165 80.920479
115.947600 81.729260 116.711227 82.214874
117.700100 83.151090 118.438202 83.629181
119.523000 84.685210 120.247879 85.176430
121.433400 86.292660 122.140594 86.785530
123.377700 87.978210 124.082870 88.479584
125.311100 89.753620 126.003105 90.264603
127.275600 91.596860 127.960098 92.098404
129.224500 93.463900 129.922852 93.960449
131.149100 95.403230 131.848816 95.877823
133.059000 97.419260 133.768951 97.888199
134.953900 99.488560 135.670364 99.931091
136.852800 101.578900 137.575668 102.000534
138.768400 103.700800 139.458298 104.081390
140.668600 105.771500 141.373901 106.188347
142.593300 107.805600 143.300140 108.244781
144.499400 109.783900 145.200409 110.242821
146.448400 111.754000 147.138550 112.190865
148.396300 113.639400 149.074417 114.079636
150.376300 115.438400 151.042496 115.937553
152.404100 117.222400 153.035645 117.781937
154.478600 118.989300 155.084396 119.585899
156.645400 120.724500 157.207947 121.379959
158.905800 122.432200 159.401688 123.096893
161.194700 124.063600 161.666580 124.771935
163.498700 125.601900 163.970352 126.374733
165.800800 127.092000 166.236069 127.869766
168.046900 128.527100 168.439240 129.299973
170.193100 129.881700 170.610687 130.666260
172.320500 131.175000 172.740967 131.938599
174.354500 132.418200 174.793259 133.193619
176.353200 133.630800 176.802536 134.374252
178.293700 134.777800 178.728485 135.513428
180.174800 135.863800 180.643799 136.601395
181.990300 136.890800 182.496140 137.622269
183.746700 137.844100 184.279800 138.574097
185.502900 138.752600 186.055832 139.493332
187.316700 139.650000 187.917953 140.390549
189.197800 140.526600 189.811234 141.274612
191.166700 141.381000 191.776184 142.111725
193.245000 142.204500 193.888382 142.948898
195.460000 143.026300 196.096344 143.769012
197.772100 143.833600 198.421692 144.577072
200.145100 144.607400 200.803909 145.357361
202.692400 145.397600 203.331375 146.136520
205.249500 146.171900 205.890656 146.929382
207.860900 146.926000 208.520142 147.697632
210.549200 147.643600 211.238617 148.433990
213.300400 148.348200 213.987427 149.139694
216.084100 149.048900 216.804077 149.846237
218.860300 149.726200 219.601700 150.533569
221.644800 150.382100 222.374252 151.175949
224.412100 151.021800 225.156250 151.818588
227.167600 151.643200 227.930466 152.449341
229.918900 152.230300 230.715332 153.049515
232.689500 152.785800 233.485107 153.595459
235.449300 153.313200 236.239960 154.122360
238.199800 153.803200 239.007965 154.625504
240.934200 154.256400 241.740128 155.092285
243.668800 154.668400 244.486038 155.522690
246.368400 155.041200 247.206467 155.911697
249.069800 155.358200 249.934998 156.247375
251.725900 155.632800 252.584152 156.528656
254.402400 155.881300 255.275833 156.803772
257.042800 156.089700 257.934906 157.024948
259.660100 156.224000 260.570404 157.186783
262.271700 156.315800 263.183319 157.278427
264.865700 156.356900 265.806732 157.326553
267.459400 156.359600 268.423737 157.339890
270.039500 156.343700 271.025574 157.325653
272.588200 156.330000 273.571564 157.323593
275.056200 156.330100 276.058868 157.325653
277.448400 156.359600 278.477753 157.358521
279.738200 156.429500 280.779327 157.436966
281.938200 156.520200 283.017944 157.522202
284.012100 156.634000 285.119354 157.631393
285.967000 156.761600 287.096161 157.761780
287.810800 156.898300 288.947296 157.897446
289.549300 157.041600 290.677216 158.052032
291.199000 157.180400 292.334320 158.207016
292.759600 157.324200 293.900330 158.365860
294.237400 157.467800 295.373413 158.522308
295.702000 157.617000 296.858734 158.684982
297.209000 157.765400 298.345154 158.834824
298.767900 157.889400 299.901550 158.973480
300.432800 158.016900 301.574249 159.118469
302.189300 158.141600 303.330048 159.247971
304.038500 158.267800 305.191467 159.378265
305.995200 158.405700 307.149017 159.519180
308.048700 158.531900 309.208557 159.656876
310.174500 158.661100 311.357330 159.788620
312.381400 158.771100 313.560760 159.902603
314.676200 158.867600 315.857269 160.007477
317.037300 158.975500 318.233582 160.121262
319.477900 159.096700 320.673676 160.246262
321.983300 159.231700 323.184692 160.384598
324.556700 159.385400 325.752747 160.542786
327.199000 159.561700 328.398987 160.732224
329.888000 159.763100 331.078552 160.946167
332.606500 159.992500 333.827942 161.198502
335.346200 160.242300 336.584015 161.464340
338.087800 160.502200 339.363770 161.727203
340.808300 160.751300 342.124878 162.006760
343.520500 160.989100 344.849487 162.271881
346.223500 161.227200 347.548157 162.536072
348.906500 161.474100 350.264343 162.795944
351.590100 161.717700 352.917053 163.057037
354.273100 161.969400 355.589600 163.341583
356.966000 162.239900 358.221313 163.662369
359.666600 162.550200 360.896240 164.028152
362.375700 162.896300 363.576294 164.450470
365.062800 163.323000 366.191498 164.933777
367.727000 163.850800 368.830505 165.493530
370.348600 164.475400 371.457336 166.123962
372.964400 165.138700 374.088074 166.792236
375.599800 165.826700 376.726166 167.500626
378.229900 166.566100 379.350525 168.255020
380.801800 167.357500 381.946350 169.041016
383.318400 168.171800 384.493225 169.843796
385.808200 169.013900 387.015961 170.681763
388.246500 169.856400 389.455017 171.508011
390.650800 170.695000 391.898438 172.345947
393.014800 171.503500 394.304565 173.145660
395.404400 172.284100 396.697571 173.930389
397.780400 173.063700 399.094910 174.711227
400.205400 173.874000 401.520569 175.512619
402.725900 174.699400 404.011017 176.331818
405.238700 175.529800 406.602722 177.181152
407.810400 176.369600 409.194611 178.027023
410.380800 177.246300 411.817474 178.892166
412.944100 178.091800 414.396820 179.765076
415.502100 178.907300 416.949554 180.628021
417.987000 179.722000 419.446716 181.463806
420.400700 180.499000 421.844147 182.278885
422.723500 181.229600 424.142792 183.033203
424.970600 181.953100 426.386200 183.775192
427.191300 182.654700 428.589813 184.500778
429.364900 183.330700 430.775208 185.215363
431.542400 184.015100 432.967163 185.902664
433.709700 184.706100 435.152863 186.609268
435.894400 185.396800 437.335358 187.316574
437.987000 186.094800 439.432159 188.007095
439.976500 186.775400 441.454529 188.701614
441.889500 187.423200 443.383453 189.371094
443.709700 188.041300 445.224335 190.002945
445.449300 188.641500 446.951752 190.620590
447.056300 189.201200 448.603394 191.198471
448.590500 189.739900 450.153412 191.762039
450.015000 190.249300 451.601379 192.281189
451.352700 190.721500 452.954315 192.762756
452.596100 191.161200 454.183868 193.221115
453.710200 191.550200 455.333344 193.625366
454.731200 191.911400 456.386536 193.979050
455.653200 192.246800 457.327301 194.318756
456.505300 192.533700 458.201782 194.614624
457.319300 192.826200 459.034332 194.904709
458.109900 193.111500 459.818817 195.186935
458.896600 193.410900 460.621307 195.474701
459.697700 193.760100 461.443756 195.805496
460.531700 194.165900 462.279510 196.201294
461.370300 194.631800 463.118561 196.652695
462.158600 195.139900 463.897278 197.159576
462.899600 195.612800 464.632019 197.638351
463.586200 195.962000 465.352936 198.014572
464.354300 196.273600 466.060608 198.324188
465.139400 196.550800 466.832428 198.592194
465.948600 196.799800 467.613312 198.807877
466.714000 197.006300 468.381714 199.026169
467.409700 197.209000 469.068115 199.227341
468.004600 197.427000 469.661499 199.450394
468.491000 197.643300 470.163055 199.687286
468.884200 197.788300 470.551483 199.877151
469.204000 197.984300 470.853546 200.103592
469.473000 198.134800 471.117035 200.282837
469.708700 198.262200 471.348450 200.454208
469.857800 198.400100 471.496216 200.611374
469.984600 198.505100 471.624084 200.730896
470.093200 198.600100 471.739594 200.831558
