-0.000000 0.000000 0.000000 0.000000
0.002038 3.941730 -0.016577 3.921652
0.007571 7.908775 -0.041050 7.879778
0.006781 11.904260 -0.056034 11.912697
-0.005852 15.930660 -0.098081 15.939960
0.005006 19.986700 -0.109082 19.999538
-0.007369 24.072100 -0.129855 24.075058
0.001962 28.194720 -0.148499 28.189199
0.006827 32.335310 -0.159715 32.339134
0.012119 36.507890 -0.172111 36.485813
0.019429 40.704370 -0.185852 40.698177
0.026224 44.928210 -0.206370 44.915718
0.033592 49.179630 -0.207548 49.180927
0.025370 53.457160 -0.243913 53.419250
0.013229 57.745500 -0.275001 57.736599
0.002764 62.027950 -0.304544 62.021233
-0.005954 66.289400 -0.339680 66.246803
-0.027023 70.530000 -0.385594 70.439919
-0.046776 74.742450 -0.418220 74.640060
-0.052873 78.934960 -0.438602 78.821854
-0.048388 83.097210 -0.439852 82.978386
-0.075180 87.250150 -0.450551 87.108620
-0.111047 91.375240 -0.468496 91.245110
-0.169705 95.460760 -0.503645 95.314850
-0.234406 99.515130 -0.533863 99.375145
-0.286760 103.545900 -0.563407 103.410950
-0.334309 107.565300 -0.585513 107.390251
-0.394315 111.576600 -0.605035 111.386795
-0.429590 115.560100 -0.629783 115.392746
-0.430614 119.561300 -0.638388 119.406670
-0.456074 123.624200 -0.633219 123.432304
-0.470849 127.692500 -0.618132 127.463280
-0.470125 131.755700 -0.582569 131.523880
-0.466120 135.814600 -0.538202 135.573822
-0.464181 139.862600 -0.499490 139.606842
-0.474702 143.909900 -0.474445 143.637604
-0.484415 147.953800 -0.456959 147.669510
-0.497985 151.991700 -0.430511 151.726578
-0.518837 156.032900 -0.443361 155.764664
-0.490889 160.078600 -0.410071 159.822708
-0.476780 164.129500 -0.422643 163.862686
-0.449484 168.200000 -0.399225 167.952438
-0.411154 172.284100 -0.402411 172.047211
-0.358878 176.408600 -0.405326 176.157623
-0.313655 180.542000 -0.390185 180.321732
-0.318656 184.703900 -0.404326 184.521713
-0.308933 188.900300 -0.420297 188.741684
-0.300756 193.121300 -0.416006 193.027649
-0.295505 197.380900 -0.411922 197.320572
-0.332199 201.657300 -0.432547 201.630234
-0.348136 205.970400 -0.434529 205.957764
-0.342964 210.323200 -0.420575 210.366043
-0.357581 214.714200 -0.441032 214.744385
-0.360488 219.141900 -0.443641 219.161301
-0.375507 223.589400 -0.462464 223.611008
-0.378527 228.060200 -0.473987 228.100525
-0.374570 232.542100 -0.488324 232.595718
-0.378408 237.044600 -0.493775 237.119492
-0.382092 241.571200 -0.507022 241.665466
-0.377078 246.123100 -0.496177 246.208755
-0.365894 250.696400 -0.483151 250.800888
-0.356528 255.288500 -0.503320 255.379364
-0.340799 259.900300 -0.483855 259.997864
-0.325374 264.511300 -0.469837 264.600677
-0.317394 269.137700 -0.462887 269.208557
-0.314040 273.764900 -0.453513 273.825104
-0.306203 278.395200 -0.425299 278.437134
-0.276490 283.049800 -0.366964 283.087341
-0.230158 287.699900 -0.312945 287.777161
-0.192693 292.369200 -0.286371 292.409515
-0.168171 297.072300 -0.240704 297.132843
-0.143657 301.821100 -0.223614 301.858124
-0.111308 306.608600 -0.200746 306.627319
-0.093249 311.433100 -0.175413 311.435181
-0.107981 316.295300 -0.166970 316.294128
-0.103970 321.182300 -0.168137 321.138000
-0.096484 326.068200 -0.162935 325.965363
-0.074427 330.950800 -0.150842 330.764526
-0.054350 335.802400 -0.136745 335.588684
-0.042570 340.628700 -0.135008 340.396545
-0.035147 345.452500 -0.138099 345.192871
-0.041563 350.253200 -0.154488 349.986938
-0.075066 355.037900 -0.180010 354.758850
-0.109101 359.812500 -0.212596 359.551788
-0.141995 364.586700 -0.236815 364.322052
-0.185891 369.386600 -0.263465 369.126373
-0.237813 374.225300 -0.289872 373.893829
-0.270401 378.992900 -0.307674 378.719055
-0.296087 383.840800 -0.347998 383.559174
-0.316454 388.685700 -0.355290 388.406067
-0.323790 393.557900 -0.351074 393.299286
