0.000000 0.000000 0.000000 0.000000
-0.041803 3.575628 0.002565 3.600307
-0.083626 7.152769 0.016010 7.199827
-0.125431 10.728320 0.024508 10.794525
-0.167141 14.303480 0.008778 14.392571
-0.208176 17.881040 0.001308 17.961237
-0.253156 21.464680 -0.029927 21.562263
-0.307115 25.046840 -0.064264 25.152054
-0.367798 28.637120 -0.097703 28.755913
-0.435716 32.231930 -0.142757 32.345058
-0.509819 35.812560 -0.199340 35.953674
-0.590462 39.405490 -0.253044 39.547916
-0.675668 42.995920 -0.306422 43.145660
-0.761728 46.596120 -0.370098 46.752956
-0.822002 50.203480 -0.411094 50.378651
-0.875378 53.811250 -0.439822 53.975639
-0.933231 57.427770 -0.477396 57.575283
-1.006715 61.042090 -0.517278 61.186707
-1.078473 64.647550 -0.569020 64.782585
-1.157680 68.241070 -0.632850 68.378799
-1.243226 71.816000 -0.692185 71.956978
-1.310252 75.365540 -0.735305 75.525276
-1.337950 78.894600 -0.746975 79.068100
-1.335651 82.399130 -0.732878 82.572601
-1.292993 85.876960 -0.673084 86.060600
-1.216671 89.333360 -0.582836 89.521469
-1.101750 92.791290 -0.452880 93.005615
-0.953966 96.255380 -0.296047 96.479607
-0.782045 99.739680 -0.113548 99.976089
-0.607718 103.278800 0.062522 103.547363
-0.448327 106.867200 0.225958 107.149933
-0.329075 110.491600 0.348025 110.774689
-0.253779 114.142500 0.430974 114.428429
-0.232571 117.811600 0.441792 118.108353
-0.256232 121.501300 0.426039 121.818588
-0.297015 125.224100 0.390092 125.577065
-0.353204 128.969900 0.353764 129.340286
-0.397623 132.733500 0.314657 133.127350
-0.443887 136.522600 0.280377 136.935989
-0.490815 140.330600 0.238572 140.768555
-0.550146 144.153000 0.197122 144.596146
-0.601569 147.961100 0.166300 148.428360
-0.649286 151.756200 0.132437 152.239532
-0.703475 155.553300 0.101129 156.011642
-0.758140 159.342200 0.066913 159.825409
-0.821014 163.126200 0.014254 163.637695
-0.891591 166.914300 -0.040987 167.442902
-0.968255 170.704700 -0.094571 171.256378
-1.053647 174.498300 -0.161436 175.055603
-1.140940 178.289100 -0.246814 178.821243
-1.220912 182.072200 -0.315090 182.620407
-1.311919 185.843100 -0.398841 186.386673
-1.400872 189.585600 -0.482832 190.125595
-1.482347 193.303500 -0.554074 193.861008
-1.543340 196.981600 -0.608663 197.536743
-1.593225 200.619200 -0.656211 201.200333
-1.629855 204.203300 -0.685032 204.796616
-1.655974 207.709400 -0.714106 208.324768
-1.680916 211.093700 -0.742590 211.719452
-1.717659 214.345300 -0.769069 214.991562
-1.758097 217.485400 -0.804396 218.144791
-1.820190 220.495000 -0.851838 221.177307
-1.900504 223.322800 -0.925092 224.024521
-1.999321 225.946200 -1.020449 226.670868
-2.113952 228.382000 -1.131910 229.120972
-2.215172 230.657700 -1.223544 231.409607
-2.309140 232.838300 -1.317433 233.607620
-2.389577 234.991500 -1.397137 235.768250
-2.458270 237.111600 -1.459558 237.927490
-2.501543 239.199900 -1.492715 240.030411
-2.528203 241.263900 -1.521399 242.098816
-2.543393 243.355900 -1.522860 244.206696
-2.546619 245.471500 -1.519292 246.328506
-2.542056 247.635900 -1.494651 248.504684
-2.540944 249.857300 -1.480686 250.730728
-2.529475 252.145000 -1.455554 253.026199
-2.522827 254.510700 -1.439323 255.387772
-2.495854 256.929600 -1.398637 257.809814
-2.426274 259.429500 -1.305028 260.316711
-2.347909 261.939800 -1.216873 262.841278
-2.249292 264.463100 -1.107358 265.380432
-2.120601 266.988600 -0.951979 267.937866
-1.972336 269.529300 -0.794730 270.518311
-1.829452 272.089100 -0.645309 273.118317
-1.700845 274.651100 -0.490705 275.733734
-1.585579 277.203700 -0.364369 278.297791
-1.489305 279.735400 -0.260811 280.852112
-1.431895 282.203100 -0.191326 283.341980
-1.411252 284.555300 -0.164899 285.715942
-1.423417 286.744000 -0.160390 287.907318
-1.477649 288.751100 -0.211100 289.912445
-1.597157 290.628100 -0.314599 291.790680
-1.834488 292.379000 -0.542871 293.526459
-2.209538 293.998100 -0.899894 295.133972
-2.739392 295.466700 -1.412012 296.586914
-3.425572 296.782800 -2.067115 297.868347
-4.268559 297.943900 -2.872541 298.974304
-5.270323 298.869400 -3.859867 299.908722
-6.404391 299.609200 -4.956894 300.598572
-7.620091 300.061900 -6.111363 301.027771
-8.849753 300.287300 -7.268239 301.279846
-10.136050 300.271200 -8.464271 301.251617
-11.487940 299.994100 -9.774785 300.975037
-12.859800 299.433800 -11.070749 300.424103
-14.212510 298.521900 -12.417719 299.552521
-15.569170 297.360100 -13.589972 298.440826
-16.903920 295.876600 -14.768252 297.038330
-18.123430 294.046700 -15.991404 295.206543
-19.213810 291.862500 -17.028202 293.121429
-20.129220 289.390500 -17.929712 290.684357
-20.811550 286.620800 -18.568100 287.971252
-21.226910 283.593100 -18.980412 284.998291
-21.383580 280.311200 -19.147058 281.761871
-21.289760 276.829500 -19.059494 278.283569
-21.001900 273.207500 -18.783535 274.613068
-20.665910 269.427900 -18.432896 270.765686
-20.345860 265.509700 -18.134678 266.793427
-20.070850 261.517300 -17.859142 262.746429
-19.855300 257.511300 -17.653275 258.700836
-19.703440 253.474600 -17.506014 254.630478
-19.613680 249.416200 -17.419436 250.548111
-19.551340 245.338200 -17.370316 246.457809
-19.513830 241.222400 -17.332129 242.307861
-19.480990 237.073200 -17.304985 238.172455
-19.430400 232.892800 -17.248425 233.941895
-19.355550 228.687700 -17.170988 229.732040
-19.288210 224.454100 -17.112667 225.506256
-19.214900 220.186300 -17.023521 221.198029
-19.140510 215.891500 -16.958023 216.884186
-19.053200 211.570300 -16.890862 212.551743
-18.960210 207.218600 -16.820328 208.177856
-18.864760 202.831800 -16.742092 203.762985
-18.780810 198.440400 -16.674967 199.336807
-18.697180 194.055600 -16.608999 194.914597
-18.628490 189.691500 -16.568110 190.512604
-18.576860 185.352500 -16.501740 186.189819
-18.533400 181.031600 -16.468468 181.896698
-18.510720 176.750700 -16.466990 177.593201
-18.518290 172.537500 -16.496096 173.339035
-18.551690 168.447100 -16.531462 169.190964
-18.605030 164.539000 -16.605349 165.268997
-18.662110 160.837100 -16.653419 161.533981
-18.717150 157.359800 -16.704313 157.998764
-18.762310 154.117300 -16.758165 154.758194
-18.804370 151.111100 -16.816864 151.754349
-18.837660 148.339300 -16.851940 148.963348
-18.862790 145.753800 -16.879234 146.354340
-18.886270 143.302400 -16.910675 143.899734
-18.908720 140.992900 -16.943403 141.565704
-18.926770 138.765400 -16.972733 139.313065
-18.954640 136.621400 -17.003922 137.131821
-18.979110 134.516900 -17.041702 135.006500
-19.003890 132.428600 -17.074192 132.890457
-19.011690 130.377400 -17.093933 130.802750
-19.029680 128.286700 -17.117115 128.691635
-19.040930 126.090400 -17.138790 126.477692
-19.033980 123.792800 -17.144274 124.161461
-19.007880 121.337200 -17.131914 121.692078
-18.962360 118.740400 -17.107843 119.080620
-18.881640 115.984300 -17.035109 116.324356
-18.762610 113.072100 -16.920715 113.386215
-18.592730 110.010400 -16.769461 110.308731
-18.389740 106.796500 -16.572411 107.073868
-18.187250 103.411100 -16.378973 103.677666
-17.972000 99.881710 -16.183262 100.121536
-17.753740 96.208550 -15.988029 96.419296
-17.543660 92.393230 -15.799800 92.561852
-17.350650 88.454130 -15.620786 88.589249
-17.188340 84.351710 -15.480399 84.458931
-17.048280 80.126460 -15.354042 80.227020
-16.938900 75.757520 -15.272657 75.855896
-16.844870 71.334520 -15.194334 71.401291
-16.779170 66.924620 -15.155571 66.999100
-16.723740 62.522540 -15.110317 62.552311
-16.677280 58.118530 -15.083200 58.149555
-16.622860 53.735190 -15.058386 53.760876
-16.554460 49.366830 -15.011288 49.382679
-16.478250 45.013820 -14.968797 45.003845
-16.401830 40.697890 -14.923063 40.678185
-16.332450 36.396840 -14.886652 36.374104
-16.264000 32.124710 -14.851283 32.084393
-16.212760 27.867600 -14.824950 27.815142
-16.153630 23.646100 -14.791139 23.586046
-16.100440 19.472550 -14.759289 19.404097
-16.057300 15.332990 -14.738927 15.267857
-15.999870 11.221520 -14.715105 11.152590
-15.957640 7.122797 -14.707579 7.029710
-15.925900 3.038918 -14.710766 2.927927
-15.871210 -1.063172 -14.686782 -1.178896
-15.823200 -5.192326 -14.671340 -5.323926
-15.773900 -9.357139 -14.652986 -9.496293
-15.722330 -13.547460 -14.630642 -13.716515
-15.675190 -17.764350 -14.617943 -17.935715
-15.629860 -22.003930 -14.615291 -22.170795
-15.590270 -26.267830 -14.598035 -26.433689
-15.536760 -30.547830 -14.575535 -30.708414
-15.493260 -34.819990 -14.548450 -35.003082
-15.444100 -39.082170 -14.527604 -39.277729
-15.392450 -43.322590 -14.506677 -43.524109
-15.337830 -47.537950 -14.478416 -47.738808
-15.276960 -51.748500 -14.443761 -51.957153
-15.217710 -55.949500 -14.409154 -56.159252
-15.170080 -60.150690 -14.394467 -60.391212
-15.128010 -64.350760 -14.381969 -64.594604
-15.091410 -68.538780 -14.382956 -68.805153
-15.064380 -72.708390 -14.391964 -72.959244
-15.030840 -76.856420 -14.378467 -77.127533
-14.979300 -80.953600 -14.372868 -81.210770
-14.924670 -85.034950 -14.341907 -85.268616
-14.873980 -89.070400 -14.318945 -89.361557
-14.824260 -93.076720 -14.301847 -93.379753
-14.787030 -97.045510 -14.307489 -97.355438
-14.758540 -100.983800 -14.313457 -101.318207
-14.739600 -104.892000 -14.339322 -105.232315
-14.728240 -108.762900 -14.358835 -109.123169
-14.724790 -112.605400 -14.394628 -112.971649
-14.717800 -116.411100 -14.425111 -116.779755
-14.709830 -120.173400 -14.445572 -120.551788
-14.700540 -123.867100 -14.467947 -124.274696
-14.698520 -127.485200 -14.496806 -127.897644
-14.712330 -131.008900 -14.544198 -131.447205
-14.733340 -134.417400 -14.607633 -134.884857
-14.752330 -137.654200 -14.649651 -138.145706
-14.773570 -140.676300 -14.703932 -141.232910
-14.808450 -143.452200 -14.766470 -144.061371
-14.818770 -145.963300 -14.807323 -146.585922
-14.688160 -148.224500 -14.696084 -148.839386
-14.364200 -150.225000 -14.402559 -150.819275
-13.833420 -151.950400 -13.907883 -152.494553
-13.082430 -153.424000 -13.198080 -153.901566
-12.093300 -154.666400 -12.266031 -155.082748
-10.901070 -155.630100 -11.154312 -156.004105
-9.567123 -156.277800 -9.925711 -156.641022
-8.174402 -156.635100 -8.555070 -156.962524
-6.734167 -156.651000 -7.194431 -156.996460
-5.261917 -156.393600 -5.797051 -156.811569
-3.838336 -155.807800 -4.461759 -156.256287
-2.480572 -154.890600 -3.112946 -155.408722
-1.268487 -153.640100 -2.048043 -154.172165
-0.226137 -152.060600 -1.080679 -152.688324
0.552355 -150.216600 -0.281581 -150.877274
1.048250 -148.112500 0.222580 -148.815720
1.348496 -145.760400 0.534724 -146.501526
1.463451 -143.197700 0.658234 -143.939926
1.471319 -140.450900 0.682865 -141.197586
1.499366 -137.518100 0.725144 -138.264771
1.504501 -134.421900 0.745571 -135.149094
1.498560 -131.160300 0.757121 -131.882751
1.470024 -127.744100 0.749236 -128.438019
1.436723 -124.185000 0.736505 -124.850090
1.413177 -120.491700 0.735642 -121.126892
1.405768 -116.657200 0.763902 -117.280777
1.385028 -112.695000 0.765693 -113.292717
1.330549 -108.592800 0.749962 -109.185715
1.259616 -104.367900 0.716060 -104.939331
1.170075 -100.007600 0.662429 -100.525215
1.089274 -95.515710 0.613628 -96.011459
1.009148 -90.982260 0.570471 -91.454628
0.939998 -86.466900 0.535574 -86.907913
0.883448 -81.949500 0.499196 -82.387535
0.838174 -77.439600 0.480336 -77.835983
0.800315 -72.936360 0.470106 -73.325745
0.745043 -68.462600 0.436633 -68.826210
0.694630 -64.005150 0.412884 -64.357063
0.637038 -59.575570 0.375881 -59.895287
0.557118 -55.160600 0.327520 -55.429813
0.456132 -50.778540 0.251358 -51.028675
0.362164 -46.417970 0.182618 -46.641018
0.280628 -42.079120 0.123844 -42.280342
0.202969 -37.762520 0.076276 -37.955814
0.132669 -33.463810 0.031668 -33.633240
0.084829 -29.193990 0.004821 -29.351309
0.052569 -24.947680 -0.007962 -25.071392
0.032329 -20.738440 -0.008416 -20.827816
0.025161 -16.550260 0.003347 -16.623680
0.021588 -12.403820 0.025533 -12.446789
-0.000537 -8.285137 0.023595 -8.288122
-0.031141 -4.183286 0.009121 -4.162534
-0.072897 -0.090700 -0.000185 -0.032163
-0.117565 3.988036 -0.026604 4.052855
-0.160177 8.059835 -0.033912 8.139105
-0.208154 12.123170 -0.050446 12.222926
-0.248220 16.180930 -0.066951 16.293056
-0.283357 20.233300 -0.089175 20.353247
-0.323376 24.273080 -0.105100 24.417688
-0.367457 28.293060 -0.118745 28.444847
-0.413998 32.282480 -0.142711 32.427368
-0.451537 36.243360 -0.155205 36.402023
-0.483912 40.173770 -0.153284 40.332989
-0.534623 44.076020 -0.180859 44.248322
-0.599992 47.961110 -0.215227 48.140091
-0.674006 51.810410 -0.260872 51.988503
-0.762477 55.629480 -0.329237 55.804535
-0.859787 59.434080 -0.394044 59.584362
-0.962179 63.207400 -0.469744 63.359547
-1.068654 66.953700 -0.556816 67.092896
-1.188155 70.668750 -0.648054 70.815079
-1.293464 74.341090 -0.737897 74.497345
-1.359396 77.886940 -0.783090 78.059364
-1.402951 81.267680 -0.813177 81.439217
-1.402636 84.557510 -0.797369 84.737068
-1.391329 87.836530 -0.776283 88.024574
-1.372397 91.075680 -0.740956 91.269012
-1.348852 94.282140 -0.702745 94.492371
-1.346362 97.452060 -0.691626 97.673065
-1.397412 100.636400 -0.728711 100.870316
-1.507808 103.868200 -0.812764 104.146362
-1.686244 107.147500 -0.975412 107.443291
-1.855701 110.482100 -1.140415 110.776070
-1.949092 113.881100 -1.226369 114.179276
-1.940135 117.341400 -1.199443 117.671516
-1.833080 120.865900 -1.086635 121.218765
-1.665951 124.465900 -0.918073 124.831741
-1.454190 128.142800 -0.693075 128.538177
-1.212752 131.910500 -0.435251 132.326401
-0.998254 135.780800 -0.201582 136.221268
-0.860070 139.749100 -0.062386 140.191986
-0.808213 143.817500 0.001096 144.269226
-0.818199 147.962100 0.014143 148.452164
-0.863698 152.201700 -0.018437 152.673141
-0.925229 156.508200 -0.071744 157.011810
-1.007339 160.831700 -0.145537 161.357407
-1.112662 165.144700 -0.239513 165.681808
-1.225583 169.454500 -0.349461 170.018005
-1.333194 173.746700 -0.432692 174.323242
-1.427528 178.011200 -0.522638 178.573746
-1.498241 182.250200 -0.588877 182.816879
-1.559212 186.455600 -0.629675 187.031128
-1.603074 190.634400 -0.671062 191.196106
-1.633867 194.776400 -0.675532 195.348969
-1.669867 198.889600 -0.703423 199.481720
-1.705984 202.969800 -0.734176 203.580933
-1.737778 207.012200 -0.772569 207.644989
-1.768399 211.025100 -0.803359 211.687271
-1.802728 214.966700 -0.829788 215.654037
-1.842513 218.742600 -0.876741 219.445404
-1.895168 222.285200 -0.928528 223.010239
-1.971966 225.567200 -1.018011 226.312286
-2.073778 228.574200 -1.121682 229.343262
-2.174190 231.286800 -1.223707 232.066818
-2.280068 233.718900 -1.331295 234.513474
-2.372559 236.037200 -1.421930 236.847427
-2.421540 238.338400 -1.464297 239.175415
-2.457471 240.613800 -1.494505 241.464096
-2.477940 242.858500 -1.492653 243.722900
-2.487604 245.075200 -1.479624 245.951019
-2.497272 247.315700 -1.463151 248.199341
-2.506486 249.599100 -1.456108 250.495255
-2.503453 251.921600 -1.439369 252.818314
-2.498934 254.303700 -1.415152 255.208038
-2.475778 256.706800 -1.390760 257.608734
-2.418788 259.175900 -1.314302 260.091217
-2.357178 261.687800 -1.254255 262.619080
-2.278446 264.282700 -1.169231 265.226715
-2.181048 266.960400 -1.061109 267.940948
-2.072995 269.711700 -0.943856 270.745972
-1.977183 272.515600 -0.840027 273.586761
-1.903306 275.322000 -0.742645 276.430969
-1.860171 278.121700 -0.687200 279.253601
-1.834878 280.906700 -0.648802 282.064941
-1.820378 283.662600 -0.616481 284.840942
-1.821293 286.355900 -0.598296 287.555115
-1.835812 288.890500 -0.594889 290.089142
-1.843827 291.365700 -0.594012 292.564606
-1.840209 293.812200 -0.572401 294.986237
-1.823832 296.231700 -0.549359 297.407593
-1.812035 298.624300 -0.526264 299.747955
