0.000000 -0.000000 0.000000 0.000000
0.287920 2.986691 0.270447 3.061407
0.971569 5.887651 0.959697 6.090283
2.050498 8.646240 2.067967 8.969261
3.483068 11.215600 3.546367 11.642937
5.252124 13.530580 5.406629 14.098707
7.315983 15.554830 7.570593 16.250637
9.617499 17.248350 10.020403 18.083126
12.138440 18.605410 12.690000 19.554480
14.845670 19.655580 15.516779 20.660692
17.710960 20.442900 18.540873 21.508923
20.708720 20.958900 21.703764 22.082716
23.853650 21.214680 25.037285 22.377176
27.127230 21.215640 28.518957 22.409782
30.502910 21.029600 32.166317 22.237844
33.942320 20.718590 35.853050 21.946060
37.526800 20.278900 39.709183 21.522270
41.305500 19.746480 43.728256 21.025318
45.281370 19.137530 48.013065 20.431166
49.442010 18.473180 52.318439 19.787563
53.784140 17.768220 56.839027 19.112764
58.319700 17.046980 61.569798 18.414410
63.045640 16.314830 66.478180 17.717844
67.933580 15.564290 71.519585 17.014032
72.949570 14.807080 76.651138 16.318382
78.112070 14.037650 81.884834 15.619077
83.403150 13.249300 87.252548 14.893613
88.827470 12.428430 92.706970 14.148003
94.384170 11.569350 98.275864 13.347328
100.052700 10.639880 103.952087 12.481924
105.791000 9.611618 109.706909 11.499054
111.620600 8.486629 115.540085 10.439976
117.518200 7.246929 121.418991 9.284506
123.481700 5.883248 127.352974 8.005157
129.500400 4.402279 133.333954 6.606822
135.583700 2.806947 139.363205 5.093439
141.730400 1.132152 145.437317 3.516770
147.930500 -0.644931 151.606293 1.845969
154.181200 -2.533182 157.745834 0.060610
160.473700 -4.525316 163.958664 -1.823424
166.825700 -6.614701 170.209442 -3.785976
173.224500 -8.806086 176.471237 -5.852420
179.671400 -11.085600 182.742859 -7.999844
186.169900 -13.447970 189.095856 -10.233230
192.708700 -15.908790 195.521500 -12.517671
199.295800 -18.474840 202.012299 -14.979306
205.877000 -21.127230 208.476776 -17.509838
212.474400 -23.878960 214.936035 -20.113825
219.085400 -26.695130 221.445801 -22.805702
225.674300 -29.566300 227.912048 -25.535955
232.258400 -32.511370 234.371582 -28.347750
238.826600 -35.515520 240.828156 -31.214552
245.357100 -38.591140 247.270828 -34.191357
251.842400 -41.746310 253.585007 -37.211849
258.295100 -44.977770 259.889313 -40.355549
264.734000 -48.300070 266.181641 -43.606247
271.174400 -51.720410 272.466187 -46.957916
277.658000 -55.253110 278.848969 -50.423752
284.188500 -58.892510 285.271637 -54.012501
290.770400 -62.649290 291.746826 -57.695625
297.421200 -66.505210 298.325134 -61.542519
304.114100 -70.451700 304.888763 -65.400574
310.871400 -74.512450 311.488007 -69.390053
317.638300 -78.729880 318.117126 -73.530701
324.412000 -83.100090 324.739532 -77.795845
331.147700 -87.570510 331.312256 -82.188118
337.838900 -92.151540 337.907043 -86.715073
344.489200 -96.836160 344.485535 -91.371544
351.109400 -101.590900 350.941101 -96.004486
357.680900 -106.441100 357.407532 -100.747124
364.205100 -111.363100 363.866699 -105.578148
370.654300 -116.349400 370.190491 -110.458664
377.044400 -121.373300 376.544769 -115.434242
383.353100 -126.497900 382.797546 -120.517723
389.648900 -131.627300 389.024231 -125.609673
395.838500 -136.824400 395.138519 -130.768814
401.977500 -142.068800 401.193420 -135.991699
408.063900 -147.386100 407.226349 -141.286102
414.119900 -152.725600 413.222473 -146.613007
420.140100 -158.070100 419.161957 -151.923431
426.135700 -163.442300 425.119476 -157.285477
432.096100 -168.831000 430.978363 -162.659836
438.042000 -174.202900 436.871307 -168.004044
444.039200 -179.520000 442.830414 -173.279404
450.064000 -184.791600 448.777679 -178.521866
456.158000 -189.992400 454.796661 -183.699631
462.246200 -195.183000 460.826294 -188.842789
468.350900 -200.337600 466.866272 -193.985977
474.468300 -205.478700 472.870819 -199.097824
480.606000 -210.588600 478.891327 -204.160797
486.757700 -215.677000 484.944580 -209.203613
492.916600 -220.757600 491.039307 -214.314224
499.072200 -225.827000 497.143127 -219.378815
505.239000 -230.914300 503.140411 -224.385452
511.393900 -235.996900 509.184479 -229.429962
517.549300 -241.076200 515.224426 -234.478653
523.710600 -246.155700 521.080811 -239.409805
529.865100 -251.222800 527.097534 -244.408493
536.037700 -256.292500 533.174683 -249.400513
542.213600 -261.366100 539.209473 -254.428406
548.376000 -266.436600 545.176208 -259.453613
554.549300 -271.525400 551.183777 -264.448212
560.720400 -276.614600 557.231079 -269.536133
566.895900 -281.702100 563.327759 -274.654419
573.077300 -286.787100 569.419250 -279.739532
579.254000 -291.852900 575.478027 -284.815430
585.438300 -296.913900 581.554504 -289.908539
591.610800 -301.938300 587.584473 -294.936005
597.802700 -306.948800 593.670593 -299.962524
604.002400 -311.952300 599.743835 -305.001770
610.204100 -316.963500 605.778748 -310.056519
616.401400 -321.978100 611.859253 -315.114258
622.606700 -326.989100 617.965454 -320.186066
628.813800 -331.994200 624.061279 -325.200745
635.032400 -336.999800 630.181580 -330.218567
641.237400 -341.988600 636.299133 -335.235046
647.445400 -346.968600 642.388489 -340.227234
653.662300 -351.935500 648.470825 -345.237823
659.877900 -356.880600 654.612732 -350.271301
666.112000 -361.828900 660.721008 -355.251770
672.350500 -366.769500 666.831970 -360.216370
678.587600 -371.720300 672.929871 -365.187347
684.819800 -376.684200 679.034302 -370.166779
691.040800 -381.648800 685.150757 -375.104309
697.271000 -386.614300 691.209778 -380.044891
703.506500 -391.568600 697.270874 -384.982544
709.744100 -396.517700 703.376709 -389.943604
715.983900 -401.433800 709.505127 -394.914825
722.229600 -406.329600 715.650513 -399.873840
728.498300 -411.207700 721.772705 -404.799957
734.766400 -416.073400 727.935730 -409.741394
741.047900 -420.934000 734.073547 -414.680695
747.328900 -425.791700 740.200684 -419.672699
753.611600 -430.654100 746.310059 -424.641846
759.909100 -435.497600 752.409363 -429.578156
766.234600 -440.329500 758.593445 -434.514404
772.573000 -445.140400 764.797913 -439.448120
778.917600 -449.932200 770.990906 -444.360474
785.270600 -454.711000 777.206238 -449.243011
791.604400 -459.487600 783.413879 -454.136871
797.914000 -464.271400 789.572571 -459.054260
804.202800 -469.044800 795.708496 -463.949585
810.490200 -473.819600 801.843079 -468.820251
816.791500 -478.590500 807.973999 -473.679840
823.116400 -483.340400 814.119385 -478.520142
829.464500 -488.061400 820.320557 -483.365356
835.854100 -492.776100 826.567078 -488.203278
842.262300 -497.485400 832.802185 -493.036957
848.682700 -502.196400 839.033752 -497.863647
855.114700 -506.913500 845.280212 -502.710205
861.557000 -511.637000 851.481750 -507.523499
868.011600 -516.355400 857.839233 -512.462952
874.441900 -521.049300 864.094727 -517.315979
880.882200 -525.706500 870.391174 -522.167358
887.323800 -530.307900 876.695679 -526.958496
893.755000 -534.861900 883.075134 -531.755493
900.174200 -539.374300 889.375122 -536.475891
906.591000 -543.848100 895.643494 -541.136475
912.989900 -548.291900 901.892700 -545.759949
919.400600 -552.731200 908.141724 -550.353760
925.806600 -557.125700 914.355469 -554.898010
932.226300 -561.535200 920.580933 -559.460999
938.632500 -565.932700 926.829956 -564.009216
945.057500 -570.322000 933.080750 -568.551392
951.507700 -574.710200 939.336975 -573.100952
957.980400 -579.074900 945.650391 -577.636353
964.464000 -583.424600 951.961548 -582.125732
970.963300 -587.758200 958.187805 -586.581543
977.455300 -592.093300 964.469360 -591.052185
983.961700 -596.421100 970.829468 -595.512268
990.461700 -600.766400 977.183105 -600.016357
996.966300 -605.096100 983.543335 -604.525452
1003.471000 -609.407800 989.758118 -608.912659
1009.973000 -613.695400 995.916626 -613.256409
1016.458000 -617.959200 1002.147156 -617.609985
1022.925000 -622.217200 1008.437805 -621.979065
1029.367000 -626.452700 1014.685730 -626.311462
1035.804000 -630.641600 1020.925171 -630.633484
1042.231000 -634.798800 1027.132080 -634.900757
1048.656000 -638.946200 1033.315308 -639.129700
1055.084000 -643.051500 1039.505981 -643.325500
1061.525000 -647.144100 1045.695068 -647.494629
1067.966000 -651.185500 1051.894897 -651.634033
1074.401000 -655.235300 1058.110718 -655.805908
1080.840000 -659.293400 1064.332642 -659.988098
1087.270000 -663.328400 1070.569824 -664.182068
1093.718000 -667.347400 1076.790527 -668.327393
1100.195000 -671.340900 1083.015625 -672.413513
1106.668000 -675.317100 1089.145996 -676.468689
1113.157000 -679.272000 1095.446411 -680.601379
1119.659000 -683.201000 1101.679932 -684.605957
1126.198000 -687.131900 1107.988403 -688.652344
1132.753000 -691.046400 1114.500732 -692.780396
1139.341000 -694.955400 1120.846558 -696.777405
1145.954000 -698.852200 1127.229248 -700.748352
1152.585000 -702.740800 1133.710938 -704.820251
1159.229000 -706.637800 1140.171021 -708.889954
1165.886000 -710.538400 1146.712891 -713.018738
1172.562000 -714.459000 1153.148071 -717.047913
1179.271000 -718.394000 1159.680298 -721.147522
1186.021000 -722.344800 1166.235962 -725.253357
1192.784000 -726.294800 1172.809814 -729.340515
1199.585000 -730.258400 1179.395752 -733.446960
1206.417000 -734.212600 1186.027100 -737.544373
1213.283000 -738.159200 1192.663696 -741.626343
1220.173000 -742.105200 1199.329956 -745.705688
1227.101000 -746.027900 1205.998169 -749.743958
1234.074000 -749.929400 1212.746948 -753.793030
1241.082000 -753.823500 1219.573120 -757.887634
1248.123000 -757.717500 1226.304932 -761.928589
1255.209000 -761.611600 1233.082642 -765.950684
1262.318000 -765.501500 1239.968994 -770.024963
1269.473000 -769.393200 1246.946411 -774.133972
1276.670000 -773.287000 1253.909180 -778.181946
1283.885000 -777.170800 1260.958130 -782.227722
1291.103000 -781.040700 1268.015259 -786.263367
1298.329000 -784.899000 1275.018555 -790.293274
1305.561000 -788.742100 1282.050537 -794.324890
1312.794000 -792.571300 1289.086548 -798.339050
1320.032000 -796.384600 1296.143555 -802.330261
1327.287000 -800.172300 1303.239258 -806.340820
1334.542000 -803.950000 1310.296387 -810.293152
1341.797000 -807.723100 1317.359985 -814.237793
1349.058000 -811.481900 1324.383667 -818.163879
1356.319000 -815.232700 1331.386230 -822.053894
1363.568000 -818.960500 1338.424072 -825.947510
1370.797000 -822.663500 1345.525024 -829.864075
1378.014000 -826.342400 1352.561401 -833.745850
1385.241000 -830.002800 1359.613525 -837.575867
1392.473000 -833.639800 1366.695435 -841.421753
1399.712000 -837.258600 1373.712646 -845.210083
1406.940000 -840.856000 1380.741333 -848.954346
1414.145000 -844.419900 1387.726318 -852.647827
1421.338000 -847.958700 1394.679199 -856.332397
1428.540000 -851.473700 1401.607178 -859.990173
1435.735000 -854.974700 1408.628784 -863.611084
1442.936000 -858.462100 1415.557617 -867.215698
1450.116000 -861.922600 1422.437256 -870.806091
1457.288000 -865.353900 1429.348511 -874.372498
1464.432000 -868.758100 1436.218140 -877.893860
1471.550000 -872.135000 1443.018555 -881.385376
1478.642000 -875.485100 1449.893677 -884.891907
1485.696000 -878.796500 1456.725098 -888.370850
1492.712000 -882.085000 1463.545776 -891.852051
1499.686000 -885.346400 1470.370361 -895.307312
1506.608000 -888.579300 1476.949463 -898.661194
1513.510000 -891.787400 1483.615845 -902.043823
1520.388000 -894.966500 1490.253296 -905.410461
1527.242000 -898.117000 1496.854492 -908.749817
1534.067000 -901.240100 1503.429565 -912.061951
1540.873000 -904.334900 1509.995728 -915.337280
1547.641000 -907.393900 1516.548462 -918.599182
1554.374000 -910.425200 1523.056763 -921.838440
1561.071000 -913.426300 1529.531982 -925.038269
1567.716000 -916.424100 1536.023438 -928.254761
1574.331000 -919.426300 1542.459229 -931.463074
1580.910000 -922.431500 1548.819336 -934.657959
1587.477000 -925.449400 1555.194458 -937.877563
1593.998000 -928.484000 1561.518677 -941.125488
1600.456000 -931.552300 1567.743896 -944.357666
1606.851000 -934.653500 1573.933105 -947.616516
1613.177000 -937.795300 1580.072998 -950.994080
1619.446000 -940.960600 1586.163208 -954.392517
1625.639000 -944.138700 1592.136353 -957.778870
1631.780000 -947.302000 1598.092163 -961.191040
1637.876000 -950.461600 1603.987793 -964.563049
1643.920000 -953.598100 1609.872559 -967.932800
1649.931000 -956.702500 1615.707886 -971.259277
1655.907000 -959.742900 1621.497925 -974.522888
1661.857000 -962.732200 1627.253784 -977.713867
1667.828000 -965.652000 1633.054199 -980.864197
1673.786000 -968.517000 1638.825439 -983.919922
1679.740000 -971.331200 1644.628296 -986.971680
1685.682000 -974.128800 1650.414307 -990.005676
1691.585000 -976.910500 1656.169434 -993.036194
1697.460000 -979.678900 1661.863892 -996.029358
1703.321000 -982.431100 1667.515015 -999.007263
1709.144000 -985.145100 1673.161987 -1001.973083
1714.950000 -987.831400 1678.668457 -1004.851624
1720.748000 -990.466700 1684.253540 -1007.629822
1726.528000 -993.063100 1689.867188 -1010.421753
1732.261000 -995.615600 1695.434814 -1013.204102
1737.915000 -998.126400 1700.943604 -1015.970581
1743.475000 -1000.590000 1706.304321 -1018.641663
1748.971000 -1002.990000 1711.593750 -1021.270203
1754.388000 -1005.375000 1716.832397 -1023.877319
1759.751000 -1007.751000 1722.045532 -1026.469971
1764.998000 -1010.123000 1727.231323 -1029.096680
1770.113000 -1012.467000 1732.233643 -1031.661133
1775.097000 -1014.785000 1737.059937 -1034.176758
1779.954000 -1017.080000 1741.776855 -1036.673584
1784.649000 -1019.347000 1746.325317 -1039.110474
1789.178000 -1021.604000 1750.713501 -1041.533691
1793.508000 -1023.881000 1754.950562 -1043.984985
1797.645000 -1026.269000 1759.015747 -1046.538452
1801.573000 -1028.814000 1762.874512 -1049.223999
1805.302000 -1031.525000 1766.502197 -1052.065918
1808.823000 -1034.439000 1769.914551 -1055.107056
1812.120000 -1037.563000 1773.136108 -1058.349243
1815.169000 -1040.921000 1776.089111 -1061.821289
1817.931000 -1044.484000 1778.746094 -1065.483154
1820.326000 -1048.207000 1781.081177 -1069.345215
1822.465000 -1052.152000 1783.045654 -1073.326538
1824.255000 -1056.260000 1784.677490 -1077.502441
1825.688000 -1060.491000 1785.951660 -1081.771973
1826.758000 -1064.825000 1786.866211 -1086.158813
1827.464000 -1069.230000 1787.410278 -1090.588013
1827.812000 -1073.687000 1787.588379 -1095.094727
1827.812000 -1078.165000 1787.427002 -1099.616577
1827.468000 -1082.643000 1786.920776 -1104.128174
1826.704000 -1087.072000 1786.057983 -1108.597412
1825.633000 -1091.489000 1784.823486 -1112.977905
1824.183000 -1095.811000 1783.213623 -1117.234741
1822.357000 -1099.995000 1781.231689 -1121.376709
1820.139000 -1103.994000 1778.884888 -1125.322876
1817.589000 -1107.799000 1776.174683 -1129.071655
1814.723000 -1111.351000 1773.152344 -1132.554077
1811.551000 -1114.626000 1769.841553 -1135.730591
1808.088000 -1117.606000 1766.179932 -1138.675415
1804.284000 -1120.246000 1762.284058 -1141.268677
1800.315000 -1122.623000 1758.168213 -1143.530396
1796.124000 -1124.692000 1753.785156 -1145.512817
1791.742000 -1126.471000 1749.229980 -1147.176392
1787.194000 -1127.955000 1744.544800 -1148.535034
1782.506000 -1129.180000 1739.670776 -1149.640503
1777.702000 -1130.193000 1734.735352 -1150.499268
1772.797000 -1131.038000 1729.699707 -1151.176270
1767.796000 -1131.740000 1724.541748 -1151.742432
1762.736000 -1132.348000 1719.366577 -1152.196777
1757.655000 -1132.885000 1714.195068 -1152.569946
1752.565000 -1133.366000 1709.039917 -1152.881592
1747.458000 -1133.818000 1703.844849 -1153.170044
1742.342000 -1134.251000 1698.694214 -1153.446289
1737.220000 -1134.667000 1693.526001 -1153.705200
1732.115000 -1135.064000 1688.371826 -1153.942017
1727.075000 -1135.441000 1683.322144 -1154.144409
1722.082000 -1135.788000 1678.312866 -1154.326904
1717.161000 -1136.086000 1673.383911 -1154.458740
1712.341000 -1136.271000 1668.510620 -1154.491821
1707.613000 -1136.285000 1663.766724 -1154.356323
1703.031000 -1136.085000 1659.119141 -1153.999512
1698.586000 -1135.613000 1654.601196 -1153.371338
1694.241000 -1134.791000 1650.219971 -1152.430298
1689.991000 -1133.671000 1646.002319 -1151.133423
1685.870000 -1132.171000 1641.938477 -1149.461060
1681.961000 -1130.284000 1638.076538 -1147.407837
1678.306000 -1127.996000 1634.461304 -1144.961792
1674.826000 -1125.267000 1631.152222 -1142.168945
1671.787000 -1122.274000 1628.109985 -1138.994995
1669.099000 -1118.972000 1625.462280 -1135.549805
1666.783000 -1115.408000 1623.161987 -1131.790771
1664.817000 -1111.609000 1621.278198 -1127.850220
1663.209000 -1107.637000 1619.747803 -1123.719727
1661.958000 -1103.507000 1618.568970 -1119.412842
1661.115000 -1099.284000 1617.842529 -1115.036499
1660.724000 -1094.939000 1617.556030 -1110.547241
1660.665000 -1090.516000 1617.732422 -1106.054077
1661.140000 -1086.159000 1618.353149 -1101.565186
1662.049000 -1081.841000 1619.406372 -1097.132080
1663.374000 -1077.556000 1620.902222 -1092.724609
1665.055000 -1073.325000 1622.777954 -1088.363159
1667.040000 -1069.131000 1624.958008 -1084.089600
1669.233000 -1064.989000 1627.347534 -1079.873779
1671.640000 -1060.840000 1629.910278 -1075.733643
1674.135000 -1056.683000 1632.618774 -1071.497437
1676.716000 -1052.451000 1635.435059 -1067.194336
1679.381000 -1048.145000 1638.275757 -1062.869873
