0.000000 -0.000000 -0.000000 -0.000000
0.003267 4.566315 -0.028017 4.555453
-0.031716 9.099118 -0.080079 9.054734
-0.081952 13.587370 -0.139525 13.541768
-0.172757 18.042800 -0.226216 17.959446
-0.267875 22.451640 -0.305895 22.396086
-0.358400 26.802010 -0.395269 26.751213
-0.442803 31.082040 -0.494197 31.024361
-0.523018 35.271990 -0.582501 35.225151
-0.611006 39.330190 -0.664893 39.293175
-0.673187 43.239550 -0.723180 43.205776
-0.695957 46.977480 -0.751812 46.955116
-0.690361 50.605530 -0.733208 50.602833
-0.609462 54.132960 -0.633980 54.164997
-0.411112 57.531050 -0.421195 57.548492
-0.030280 60.807340 -0.025719 60.855995
0.568852 63.940690 0.569617 63.989067
1.400581 66.903860 1.391501 66.979828
2.445156 69.702430 2.426926 69.796425
3.697183 72.300100 3.683306 72.409424
5.171922 74.740420 5.177267 74.878181
6.852965 76.941870 6.862012 77.103020
8.750799 78.905900 8.773355 79.103401
10.823450 80.634320 10.865464 80.854889
13.066210 82.178440 13.139271 82.404175
15.504950 83.526400 15.635563 83.719215
18.101340 84.588810 18.285418 84.760406
20.853170 85.339470 21.066822 85.507324
23.704110 85.757740 23.969309 85.919579
26.596700 85.903500 26.927887 86.063766
29.539120 85.860020 29.945946 86.013184
32.495530 85.669740 32.991520 85.820030
35.473920 85.419290 36.003517 85.568047
38.479390 85.150930 39.042015 85.284088
41.523140 84.840110 42.120052 84.984734
44.591610 84.512730 45.205273 84.662849
47.698590 84.159740 48.315731 84.337891
50.851300 83.780360 51.472572 83.973427
54.021280 83.370120 54.624855 83.597511
57.236480 82.963200 57.822193 83.224281
60.484150 82.564450 61.058109 82.838287
63.801630 82.126570 64.339546 82.453743
67.115350 81.671290 67.632393 82.022354
70.485000 81.248710 70.964630 81.634453
73.889090 80.831410 74.375114 81.230667
77.339480 80.402860 77.806244 80.812027
80.814430 79.981940 81.286201 80.420334
84.311560 79.560560 84.841805 80.007248
87.843140 79.132970 88.424637 79.601776
91.452740 78.712050 92.045372 79.201447
95.109110 78.302620 95.705780 78.816429
98.802080 77.939830 99.410217 78.449402
102.537600 77.577720 103.157448 78.074272
106.283100 77.182590 106.924713 77.686691
110.001900 76.763780 110.683220 77.266090
113.690700 76.253080 114.388268 76.752014
117.341000 75.581300 118.035690 76.120102
120.903700 74.751300 121.583107 75.331062
124.437500 73.785660 125.114151 74.401840
127.882800 72.651860 128.550369 73.296852
131.253600 71.361680 131.933563 72.030251
134.528800 69.931300 135.225433 70.620300
137.742000 68.328450 138.453232 69.043625
140.926800 66.546730 141.660049 67.294876
144.031200 64.574810 144.795090 65.338303
147.051200 62.406270 147.858551 63.168015
149.969500 60.049300 150.796982 60.829090
152.781800 57.504160 153.641815 58.302643
155.436800 54.746640 156.330948 55.562935
157.947400 51.752940 158.800171 52.590912
160.279800 48.634580 161.044113 49.448536
162.349000 45.353340 163.046555 46.167297
164.179800 41.946720 164.847610 42.777630
165.830900 38.447790 166.482468 39.281086
167.335400 34.861970 167.983246 35.688652
168.691200 31.242820 169.346359 32.097420
169.969500 27.582240 170.686752 28.468977
171.127300 23.900190 171.965164 24.837673
172.263200 20.221330 173.206238 21.199549
173.377000 16.599090 174.471024 17.594904
174.627000 13.004350 175.766479 14.028099
175.942500 9.442182 177.107422 10.519972
177.356800 5.917093 178.538788 7.078638
178.928800 2.434985 180.124527 3.645070
180.675800 -0.971876 181.852097 0.307491
182.554400 -4.252484 183.724228 -2.905509
184.560700 -7.384682 185.693573 -5.973940
186.750900 -10.368790 187.889816 -8.889220
189.116500 -13.135630 190.261475 -11.627604
191.665700 -15.656880 192.789780 -14.104486
194.385900 -17.931220 195.486679 -16.326572
197.226100 -19.980800 198.363876 -18.337826
200.271800 -21.743030 201.424347 -20.091368
203.448300 -23.203180 204.675491 -21.586786
206.758900 -24.325190 208.026260 -22.693195
210.184300 -25.068170 211.460175 -23.418344
213.630700 -25.424490 214.919617 -23.772633
217.117000 -25.407460 218.397415 -23.747210
220.571900 -25.039820 221.889008 -23.393362
224.021200 -24.363710 225.334030 -22.704441
227.429900 -23.372920 228.702164 -21.702856
230.747500 -22.058700 231.965622 -20.383537
233.928400 -20.443850 235.108688 -18.757910
237.019600 -18.526770 238.105881 -16.838783
239.961000 -16.355940 241.012268 -14.655767
242.779800 -13.984550 243.747711 -12.251696
245.458500 -11.414060 246.381393 -9.676150
247.997000 -8.674394 248.859161 -6.921380
250.390600 -5.759310 251.186050 -3.982496
252.655600 -2.686673 253.423904 -0.866610
254.806500 0.534019 255.562637 2.394143
256.864000 3.862410 257.600525 5.756892
258.884400 7.263272 259.598267 9.194086
260.877600 10.718320 261.557800 12.667615
262.828700 14.222610 263.481506 16.208389
264.741600 17.745920 265.366302 19.749176
266.637600 21.266150 267.225616 23.279991
268.527700 24.786100 269.076996 26.806129
270.375000 28.334210 270.939636 30.334187
272.219500 31.917810 272.822357 33.900185
274.124700 35.502240 274.713196 37.512489
276.050500 39.060050 276.609772 41.132763
277.989700 42.665330 278.523163 44.790924
279.912600 46.301830 280.423462 48.456280
281.775800 49.949900 282.312256 52.094341
283.563100 53.532720 284.149048 55.688347
285.356500 57.056770 285.922607 59.255035
287.075600 60.536460 287.644623 62.763332
288.712000 63.954910 289.300385 66.220474
290.293900 67.289100 290.909637 69.603104
291.871100 70.559820 292.520538 72.930649
293.538100 73.753600 294.218903 76.160629
295.351100 76.864560 296.031586 79.315857
297.261700 79.892800 297.982971 82.401924
299.367900 82.771990 300.133972 85.318230
301.654700 85.444430 302.442688 88.006775
304.129900 87.873730 304.942993 90.483841
306.795800 90.009740 307.627747 92.649986
309.610300 91.815310 310.478058 94.498962
312.540600 93.287990 313.478485 96.019615
315.589700 94.424870 316.560364 97.217369
318.731100 95.231100 319.774261 98.049377
321.947000 95.719040 323.020233 98.560173
325.202000 95.875140 326.279449 98.708725
328.404100 95.672520 329.531158 98.501930
331.635400 95.086030 332.732086 97.975967
334.756200 94.171900 335.803497 97.058998
337.636900 92.963350 338.771759 95.821289
340.363200 91.461070 341.660706 94.243866
342.964100 89.692180 344.370880 92.325966
345.403300 87.579170 346.887573 90.077942
347.592200 85.092570 349.172882 87.511559
349.463400 82.321490 351.129211 84.683449
351.002500 79.397790 352.722687 81.720284
352.204000 76.402830 353.959076 78.660606
353.107800 73.306490 354.897064 75.499611
353.811200 70.096650 355.654449 72.283173
354.464700 66.889050 356.300781 69.094902
355.047400 63.664610 356.892914 65.898117
355.500500 60.449100 357.382507 62.675175
355.866900 57.296080 357.803925 59.486450
356.198500 54.208160 358.183807 56.395847
356.525800 51.221050 358.578247 53.383793
356.961300 48.369400 359.055084 50.545486
357.538900 45.752540 359.641113 47.940002
358.275300 43.388830 360.388672 45.604652
359.266800 41.238890 361.371765 43.511658
360.571800 39.373830 362.639954 41.692619
362.156300 37.835540 364.172333 40.209538
363.974400 36.638300 365.967438 39.029625
366.080400 35.761110 368.023956 38.196815
368.547300 35.234490 370.371368 37.687904
371.148400 35.045060 372.901001 37.534534
373.899500 35.175270 375.591583 37.688614
376.698100 35.611110 378.327637 38.145721
379.470900 36.322790 381.132935 38.876202
382.212100 37.294470 383.887482 39.854759
384.867700 38.517990 386.535492 41.099373
387.364100 39.991850 389.039978 42.592873
389.701500 41.780710 391.404968 44.413292
391.802700 43.839190 393.503265 46.480133
393.689400 46.099010 395.371490 48.744324
395.383900 48.474340 397.102936 51.147861
396.942200 50.928340 398.666504 53.620308
398.325500 53.450140 400.047089 56.150192
399.544900 56.052550 401.272369 58.770515
400.579700 58.728940 402.314911 61.461143
401.390700 61.486590 403.148926 64.233925
401.978000 64.333130 403.741821 67.082893
402.335300 67.250270 404.106018 70.019135
402.474600 70.259740 404.226776 73.047516
402.447300 73.356030 404.159515 76.155479
402.341800 76.540880 404.011414 79.357536
402.228800 79.805450 403.808929 82.629013
402.075400 83.156280 403.575348 85.977455
401.927800 86.597120 403.306366 89.429962
401.721900 90.113350 402.998383 92.944633
401.455800 93.737450 402.679047 96.539085
401.169200 97.438860 402.325165 100.204071
400.835400 101.196700 401.928253 103.966866
400.479100 104.981000 401.525421 107.742928
400.086700 108.745200 401.091003 111.496765
399.638200 112.493800 400.603790 115.223534
399.138700 116.226700 400.064545 118.948135
398.603300 119.924700 399.490143 122.630882
398.025400 123.612000 398.871948 126.311707
397.409200 127.314800 398.237610 129.998474
396.829000 131.013100 397.653046 133.657532
396.222300 134.687900 397.030060 137.306931
395.601900 138.281700 396.412689 140.958221
395.033400 141.881600 395.858124 144.626877
394.483600 145.487500 395.288177 148.255753
393.961300 149.091800 394.753082 151.904709
393.456700 152.724500 394.224426 155.550034
392.964400 156.362200 393.704254 159.232101
392.473900 160.012200 393.170074 162.907791
391.988000 163.681600 392.648804 166.614868
391.511200 167.360500 392.124481 170.313553
391.037700 171.040400 391.616760 174.023056
390.574400 174.743200 391.111542 177.721008
390.110100 178.440800 390.586395 181.456284
389.662900 182.147700 390.101227 185.187927
389.244100 185.891700 389.672455 188.958206
388.894800 189.677500 389.310760 192.730881
388.606000 193.461200 389.010162 196.513351
388.392800 197.250000 388.770905 200.292923
388.242200 201.058600 388.583282 204.094498
388.167200 204.843700 388.473846 207.887924
388.164900 208.656700 388.421844 211.688385
388.225800 212.467100 388.443146 215.517151
388.337900 216.277100 388.499817 219.343338
388.518500 220.100100 388.631287 223.202515
388.781300 223.924000 388.831024 227.067307
389.110400 227.762200 389.110718 230.938644
389.519500 231.600300 389.471893 234.815414
390.000700 235.455300 389.899719 238.703232
390.533100 239.323100 390.381134 242.586777
391.126500 243.191800 390.938538 246.493195
391.817200 247.082900 391.595459 250.412903
392.446500 250.991000 392.312531 254.327850
393.192700 254.933200 393.136017 258.266388
394.129800 258.841200 394.086243 262.178070
395.212400 262.725700 395.133514 266.117676
396.381300 266.559900 396.232330 269.980682
397.591700 270.309200 397.399170 273.775085
398.915600 273.988100 398.618164 277.502686
400.261600 277.620100 399.890717 281.180786
401.674900 281.230100 401.209381 284.830139
403.099300 284.836200 402.554260 288.476532
404.552600 288.368900 403.908112 292.016235
405.981400 291.858600 405.247925 295.569794
407.396700 295.286300 406.597229 299.057159
408.787500 298.654400 407.923096 302.478302
410.160300 301.970700 409.230804 305.852905
411.532700 305.248600 410.540314 309.182068
412.910200 308.514300 411.855225 312.466614
414.286500 311.815200 413.163391 315.793915
415.632400 315.158100 414.488220 319.176025
416.955300 318.554600 415.866791 322.569336
418.356500 321.950200 417.344269 326.000122
419.919100 325.360500 418.948547 329.421692
421.619500 328.772700 420.642090 332.852142
423.465300 332.205100 422.479218 336.333160
425.389400 335.648500 424.394501 339.810059
427.393700 339.062100 426.384186 343.262482
429.441400 342.427400 428.416138 346.689941
431.502800 345.736000 430.455750 350.029846
433.555500 349.037600 432.497559 353.363251
435.647400 352.345100 434.563965 356.716278
437.737700 355.673900 436.637634 360.106781
439.858900 359.019800 438.726227 363.493958
441.938400 362.354800 440.793335 366.876038
444.011500 365.707600 442.833893 370.231567
446.074200 369.043000 444.883759 373.621094
448.108100 372.393000 446.907196 376.968079
450.106200 375.748500 448.915894 380.322540
452.077600 379.076100 450.961212 383.673462
454.072700 382.382200 453.016846 387.008881
456.149900 385.671800 455.099030 390.339447
458.224600 388.968400 457.192230 393.662170
460.351800 392.205600 459.304688 396.921844
462.503100 395.388100 461.435883 400.134247
464.568500 398.419600 463.513672 403.193970
466.632000 401.347200 465.570282 406.143036
468.654400 404.221700 467.554199 409.035614
470.657600 407.038900 469.552979 411.883636
472.677800 409.783700 471.519196 414.698456
474.657200 412.487100 473.485870 417.426666
476.592600 415.139500 475.389832 420.118347
478.496300 417.710700 477.244080 422.695251
480.372100 420.213300 479.068970 425.192841
482.195400 422.602900 480.849731 427.600861
483.955500 424.843700 482.572327 429.846619
485.628500 426.923600 484.232239 431.940521
487.190800 428.865800 485.767792 433.905396
488.699400 430.731200 487.261719 435.786682
490.108000 432.491800 488.648193 437.559448
491.375400 434.138900 489.882782 439.195312
492.521700 435.661300 490.997192 440.715088
493.585300 437.088500 492.061584 442.146454
494.601900 438.498800 493.060822 443.554443
495.493900 439.942600 493.939270 444.948273
496.198400 441.455900 494.622314 446.429474
496.643000 443.038900 495.094788 447.928009
496.894900 444.688300 495.349884 449.547577
496.838300 446.434300 495.347351 451.312653
496.587000 448.236400 495.108795 453.111603
496.020500 450.035800 494.536285 454.936279
495.316800 451.880800 493.792358 456.733368
494.382600 453.714700 492.814789 458.529175
493.357500 455.591800 491.753998 460.380310
492.259600 457.525200 490.640411 462.294891
491.138900 459.531700 489.469391 464.289551
489.968800 461.583000 488.253906 466.352081
488.778600 463.722100 486.999237 468.496918
487.527700 465.987400 485.696533 470.717682
486.241900 468.332900 484.346497 473.017578
484.929200 470.750300 482.950684 475.376099
483.595100 473.196800 481.524780 477.785797
482.240900 475.680400 480.088440 480.229156
480.881200 478.179700 478.645142 482.704681
479.506700 480.715200 477.185883 485.206085
478.139700 483.249600 475.712830 487.720581
476.741800 485.776600 474.224152 490.234283
475.327000 488.358200 472.732147 492.772125
473.905700 490.923000 471.244476 495.291382
472.463600 493.499100 469.726715 497.833130
471.030900 496.048700 468.231995 500.343750
469.654400 498.493900 466.784760 502.739227
468.311000 500.883700 465.388245 505.076965
467.003300 503.201000 464.027618 507.328339
465.767600 505.385700 462.741913 509.494843
464.618000 507.421200 461.536865 511.493866
463.563200 509.303500 460.433746 513.337280
462.581700 511.077100 459.405701 515.081787
461.620900 512.827500 458.398499 516.796936
460.698800 514.516100 457.432159 518.450256
459.825600 516.111800 456.521210 520.017883
459.035800 517.582500 455.681061 521.466187
458.312900 518.912300 454.916168 522.754211
457.589200 520.176600 454.148499 523.996155
456.756600 521.359000 453.308838 525.139771
455.798000 522.446500 452.328461 526.179199
454.695200 523.354600 451.287476 527.025269
453.456700 523.963300 450.084595 527.675354
452.010000 524.448000 448.654449 528.164856
450.370300 524.664900 447.091980 528.396606
448.645800 524.629300 445.339264 528.319763
446.853700 524.242200 443.537384 527.917664
445.001300 523.578900 441.709412 527.213928
443.053700 522.715000 439.820770 526.285950
441.070200 521.621600 437.922791 525.149048
439.068600 520.385000 435.931366 523.851501
437.067600 519.079900 433.976105 522.491089
435.131900 517.711100 432.065033 521.071533
433.248700 516.276400 430.240295 519.571716
431.409100 514.772600 428.466614 518.046997
429.653800 513.188400 426.751282 516.430481
427.979000 511.552500 425.095551 514.753235
426.376200 509.872800 423.507507 513.027832
424.896200 508.159600 422.033997 511.281921
423.477300 506.386900 420.617950 509.475372
422.151700 504.603800 419.282227 507.652496
420.895300 502.757100 418.056091 505.787292
419.698800 500.847600 416.848969 503.845490
418.553100 498.879100 415.708191 501.832031
417.436100 496.852200 414.583221 499.770142
416.341100 494.769800 413.503479 497.648346
415.299400 492.613200 412.468018 495.470795
414.283100 490.400400 411.442688 493.225433
413.291100 488.174100 410.454926 490.956116
412.307400 485.928500 409.488708 488.691895
411.321100 483.659600 408.530334 486.410522
410.385800 481.369500 407.601837 484.098511
409.484300 479.070200 406.719421 481.776581
408.605900 476.771200 405.868591 479.439178
407.747600 474.482200 405.056061 477.116150
406.916200 472.194500 404.261322 474.800201
406.106200 469.923800 403.483093 472.506958
405.321800 467.714100 402.730957 470.277405
404.581200 465.613200 402.038147 468.162415
403.881000 463.647100 401.373901 466.187958
403.196100 461.842900 400.741516 464.347046
402.563700 460.074300 400.105225 462.567474
401.946900 458.305600 399.491943 460.790192
401.296600 456.548600 398.841095 459.017975
400.651300 454.770400 398.191284 457.225677
399.996700 452.984700 397.529968 455.428375
399.329600 451.125900 396.865875 453.560364
398.618400 449.218000 396.170898 451.641235
397.822000 447.249700 395.408539 449.662109
396.969800 445.208000 394.591919 447.606323
396.116100 443.116600 393.749420 445.517456
395.211200 440.967800 392.856750 443.374207
394.287700 438.749400 391.947876 441.185303
393.341900 436.497700 391.016724 438.951141
392.358600 434.221800 390.081665 436.692200
391.343800 431.907700 389.105591 434.392761
390.285600 429.531900 388.090454 432.029449
389.177900 427.104300 387.020447 429.621948
388.002000 424.633000 385.875458 427.179230
386.786000 422.153600 384.703156 424.711761
385.529200 419.645500 383.496155 422.229279
384.252800 417.122900 382.246460 419.699677
382.927300 414.575600 380.960846 417.164917
381.591500 412.030100 379.655701 414.640747
380.224100 409.463100 378.308380 412.076630
378.830100 406.889400 376.952667 409.493378
377.404400 404.303400 375.573669 406.898743
375.940700 401.722300 374.149078 404.317780
374.431300 399.137000 372.679504 401.712982
372.878200 396.550200 371.155518 399.108887
371.286300 393.960100 369.595886 396.503845
369.662600 391.367800 367.999481 393.891449
368.012000 388.798400 366.381012 391.289215
366.357200 386.258300 364.717499 388.684784
364.686300 383.683500 363.054718 386.072266
362.990500 381.103100 361.347717 383.428345
361.274100 378.545400 359.631744 380.838959
359.479500 376.079600 357.932465 378.333832
357.743100 373.713700 356.266510 375.932312
356.046500 371.424400 354.618805 373.623383
354.349500 369.168400 352.930664 371.308563
352.662900 366.944000 351.277039 369.025269
351.018900 364.780500 349.647980 366.810913
349.445300 362.679200 348.095245 364.663208
347.970100 360.669800 346.625183 362.611877
346.587900 358.760700 345.219666 360.659882
345.269200 357.004900 343.882446 358.860596
343.987600 355.420000 342.608673 357.250214
342.722300 353.942300 341.343811 355.760132
341.428400 352.599100 340.065918 354.405426
340.132200 351.423100 338.769196 353.234344
338.769300 350.441200 337.402954 352.236969
337.341700 349.681300 335.966217 351.451843
335.777200 349.128400 334.438690 350.927185
334.132400 348.908200 332.790894 350.663330
332.452400 349.031300 331.088226 350.735931
330.797800 349.428100 329.415131 351.095612
329.211100 350.167300 327.837006 351.792664
327.641800 351.098300 326.271118 352.719971
326.094800 352.236000 324.749969 353.834564
324.512700 353.489700 323.154175 355.077393
322.875800 354.863500 321.488708 356.424377
321.135500 356.302000 319.714935 357.822906
319.250000 357.710100 317.802032 359.178009
317.242300 359.002400 315.785126 360.421234
315.093800 360.160000 313.623291 361.538879
312.852600 361.167400 311.383392 362.476746
310.509200 362.008200 309.026642 363.240845
308.069100 362.662200 306.644012 363.818604
305.560600 363.146700 304.112335 364.255371
302.953900 363.438100 301.538422 364.499542
300.313300 363.558500 298.879944 364.580414
297.631800 363.522600 296.197357 364.484955
294.885100 363.381000 293.451813 364.318726
292.104200 363.172300 290.665405 364.072754
289.300900 362.939000 287.844330 363.787567
286.491000 362.678500 285.019165 363.459351
283.693500 362.370200 282.217194 363.088379
280.920600 362.098000 279.465332 362.749329
278.169000 361.857400 276.697906 362.439392
275.446800 361.657400 273.983429 362.162323
272.737000 361.519800 271.264160 361.970795
270.035600 361.455000 268.545105 361.849365
267.327700 361.497700 265.813812 361.835388
264.630400 361.676000 263.093750 361.947083
261.940300 361.979900 260.407318 362.185364
259.250900 362.413000 257.708405 362.550385
256.573600 362.959900 255.013000 363.046356
253.917300 363.655300 252.345306 363.671997
251.288400 364.497000 249.698151 364.443542
248.680300 365.504900 247.049744 365.386230
246.094700 366.666900 244.451279 366.506317
243.562600 367.994000 241.887482 367.792633
241.083300 369.508300 239.387589 369.257263
238.697300 371.174900 236.974060 370.886444
236.432200 372.983900 234.705093 372.656158
234.282400 374.915600 232.557373 374.537079
232.221400 376.965100 230.500259 376.528748
230.283900 379.136000 228.543610 378.667877
228.445400 381.408600 226.710251 380.897827
226.762700 383.789500 225.020355 383.232910
225.240300 386.284200 223.460190 385.705322
223.870500 388.875300 222.067780 388.269684
222.651800 391.576800 220.816391 390.944519
221.610300 394.407600 219.724503 393.759003
220.731600 397.346700 218.799515 396.683716
220.036100 400.374900 218.043900 399.710785
219.492700 403.546000 217.462662 402.882568
219.131100 406.829700 217.055252 406.177551
218.954900 410.176200 216.839539 409.511200
218.961000 413.566100 216.823776 412.887512
219.145900 416.967900 216.976349 416.274506
219.451900 420.389700 217.264267 419.693237
219.829800 423.806600 217.595505 423.131866
220.310500 427.237200 218.017929 426.531464
220.868900 430.684800 218.510681 429.950562
221.441400 434.161900 219.003967 433.411346
222.038500 437.663400 219.541321 436.907867
222.674200 441.192400 220.096390 440.435577
223.324700 444.766400 220.662750 443.998627
223.976800 448.390400 221.212112 447.604218
224.645100 452.052600 221.797455 451.252838
225.326300 455.738000 222.383072 454.919891
226.013500 459.438200 222.975525 458.600220
226.742700 463.131400 223.625641 462.277283
227.489100 466.830800 224.270554 465.956451
228.247700 470.527000 224.954208 469.646088
229.012100 474.215100 225.634964 473.346436
229.762000 477.897100 226.314941 477.004913
230.499300 481.567900 226.965225 480.652710
231.252900 485.238400 227.632690 484.313416
232.010300 488.886300 228.299286 487.963562
232.763300 492.531800 228.968933 491.586700
233.545900 496.169700 229.652954 495.229980
234.328200 499.811600 230.329056 498.861542
235.108100 503.420000 231.019897 502.466278
235.907500 507.019800 231.736374 506.078339
236.703700 510.603300 232.453033 509.679077
237.481000 514.162500 233.137085 513.229309
238.249000 517.704200 233.830444 516.792419
239.014400 521.230500 234.501587 520.300232
239.746800 524.741600 235.144073 523.793457
240.436600 528.231300 235.761551 527.288818
241.102000 531.689500 236.363373 530.756287
241.740900 535.133300 236.954407 534.174011
242.359400 538.550300 237.522263 537.561035
242.993900 541.935900 238.094254 540.940063
243.655500 545.295800 238.696365 544.306763
244.307800 548.630700 239.323135 547.633240
244.986700 551.924500 239.970840 550.936890
245.686600 555.189800 240.645554 554.202332
246.402300 558.403000 241.328781 557.422180
247.160300 561.604000 242.054916 560.613159
247.954300 564.747800 242.812836 563.732178
248.799800 567.843200 243.625824 566.825134
249.719700 570.881500 244.505188 569.861633
250.691800 573.875500 245.437286 572.863586
251.722500 576.816900 246.419647 575.820801
252.792400 579.719200 247.439041 578.741760
253.899200 582.619100 248.491562 581.646362
254.999400 585.538800 249.523148 584.554504
256.084000 588.464600 250.534271 587.498169
257.132200 591.413100 251.508743 590.446167
258.142200 594.337700 252.465958 593.352356
259.143500 597.295100 253.378326 596.299683
260.132300 600.227900 254.303970 599.253540
261.124300 603.146400 255.232803 602.170288
262.175000 606.016800 256.231110 605.043518
263.321800 608.844200 257.314453 607.877441
264.592700 611.600700 258.549347 610.645386
266.012800 614.279900 259.912720 613.336121
267.588100 616.881700 261.446289 615.954712
269.323800 619.428300 263.136414 618.525818
271.210100 621.881800 264.978882 621.008545
273.238300 624.254900 266.944855 623.398254
275.373300 626.509900 269.027771 625.693909
277.623300 628.637000 271.230835 627.881287
279.976600 630.608900 273.555359 629.923157
282.453700 632.438800 275.994141 631.824890
285.065600 634.108700 278.587738 633.551758
287.781800 635.684200 281.266602 635.184143
290.614800 637.170400 284.065033 636.722473
293.572000 638.551300 286.990479 638.170898
296.640000 639.897800 290.015533 639.584717
299.815900 641.203200 293.149445 640.968384
303.076400 642.494500 296.335968 642.323120
306.357100 643.765800 299.541748 643.660706
309.674900 645.021300 302.807922 644.990906
312.999700 646.243800 306.075562 646.285522
316.341000 647.457400 309.342926 647.564209
319.656500 648.689200 312.584259 648.867310
322.948500 649.961000 315.824554 650.226929
326.166800 651.311700 319.002930 651.648499
329.336100 652.739100 322.126709 653.131958
332.444200 654.205600 325.169312 654.658875
335.400500 655.659200 328.111694 656.171936
338.177900 657.091100 330.909821 657.658813
340.853600 658.520100 333.601532 659.127747
343.392000 659.901300 336.158356 660.558289
345.797500 661.222900 338.554626 661.924500
348.061700 662.470200 340.824402 663.191650
350.227800 663.663600 343.000946 664.419128
352.269800 664.764500 345.075684 665.541077
354.171500 665.743600 346.964264 666.565552
355.867200 666.596600 348.653320 667.450256
357.385800 667.323400 350.153931 668.215088
358.688300 667.945100 351.427551 668.877625
359.785500 668.454700 352.527863 669.407898
360.684700 668.879300 353.428375 669.853210
361.448900 669.240500 354.197906 670.229980
362.202200 669.609800 354.907684 670.630798
362.884200 670.041700 355.545898 671.079041
363.544500 670.582800 356.197357 671.618225
364.209800 671.330500 356.880249 672.343689
364.845000 672.309500 357.382874 673.405212
365.349200 673.552400 357.865143 674.655212
365.693100 675.079000 358.047760 676.064941
365.765200 676.782400 358.022186 677.739136
365.523700 678.539500 357.703613 679.508362
365.089100 680.489300 357.166962 681.366211
364.466100 682.514600 356.434814 683.313721
363.616300 684.610800 355.513977 685.368530
362.501500 686.760700 354.375549 687.476196
361.240200 688.988000 353.064911 689.654602
359.916600 691.336700 351.681702 691.964050
358.517400 693.800300 350.215607 694.391174
357.035700 696.407500 348.656250 696.933228
355.508800 699.115600 347.044617 699.578003
353.904300 701.929300 345.326721 702.345093
352.257400 704.823800 343.588165 705.153381
350.567500 707.796400 341.785156 708.061890
348.841400 710.853200 339.950043 711.041016
347.061700 713.947900 338.050812 714.063599
345.240600 717.126500 336.100891 717.183960
343.396200 720.384700 334.131622 720.359314
341.517100 723.688800 332.137054 723.570435
339.619000 727.060600 330.120331 726.839294
337.697800 730.488300 328.085205 730.145874
335.746300 733.965100 325.967804 733.575012
333.767200 737.500800 323.866608 737.012939
331.787300 741.093200 321.748810 740.505676
329.802100 744.697600 319.628723 744.005127
327.822700 748.252900 317.524811 747.431641
325.882900 751.750500 315.446655 750.822876
323.953700 755.221900 313.384308 754.188110
322.019400 758.698600 311.322052 757.567261
320.037700 762.177600 309.203156 760.960510
318.097700 765.622300 307.130981 764.322388
316.183200 769.057500 305.068909 767.682556
314.250000 772.494900 302.984100 771.034180
312.275800 775.931500 300.867188 774.370667
310.254000 779.359500 298.684326 777.726379
308.122800 782.782800 296.410126 781.043396
305.862800 786.166800 294.025360 784.354004
303.500700 789.503100 291.526733 787.604797
300.970800 792.776600 288.894928 790.767944
298.346100 795.948700 286.165680 793.818970
295.632400 799.046800 283.337738 796.793213
292.854400 802.131000 280.442993 799.755310
290.021900 805.167500 277.481323 802.678223
287.126600 808.146600 274.462891 805.518982
284.119000 811.063300 271.337372 808.298706
281.041800 813.860300 268.147064 810.950439
277.869300 816.545900 264.899933 813.494324
274.646800 819.105600 261.614227 815.894897
271.386100 821.531200 258.230621 818.218384
268.116800 823.813700 254.883926 820.347107
264.867100 825.970500 251.536621 822.383789
261.611600 828.060300 248.197571 824.335938
258.412200 830.064600 244.914917 826.195435
255.270800 831.964500 241.666656 827.963867
252.165400 833.785500 238.493484 829.636414
249.035500 835.465400 235.387543 831.219543
245.676600 836.941500 232.361496 832.718628
242.526400 838.395100 229.430267 834.147034
239.649200 839.782300 226.657318 835.482910
236.954200 841.095200 224.031799 836.734375
234.477400 842.339200 221.570572 837.921265
232.193600 843.528700 219.285782 839.053955
230.093400 844.639300 217.176819 840.109924
228.164600 845.633300 215.246216 841.033203
226.339700 846.487500 213.413589 841.818542
224.559800 847.148600 211.649445 842.387207
222.862900 847.611100 209.965454 842.777527
221.160000 847.853200 208.280548 842.914124
219.343600 847.650900 206.602875 842.792847
217.613700 847.228800 204.914307 842.331116
215.983200 846.459000 203.293549 841.552612
214.496600 845.376700 201.822189 840.463806
213.166300 844.015600 200.544479 839.069397
211.989600 842.443000 199.372528 837.462830
210.942500 840.673500 198.416428 835.662964
210.015200 838.668700 197.565979 833.691650
209.177100 836.492300 196.851471 831.494568
208.420100 834.203400 196.194489 829.176697
207.685300 831.756600 195.573135 826.699280
206.966400 829.169500 194.977219 824.091003
206.234900 826.499600 194.387100 821.401184
205.491300 823.727800 193.765503 818.597595
204.726900 820.872900 193.109222 815.715027
203.960100 817.947300 192.437332 812.736145
203.188700 814.944500 191.782013 809.685608
202.387700 811.853000 191.089005 806.572510
201.557100 808.685000 190.374298 803.346130
200.707000 805.446700 189.645203 800.061401
199.837600 802.169300 188.906097 796.751221
198.959100 798.853000 188.162766 793.389526
198.078300 795.512000 187.411789 789.991150
197.208100 792.134200 186.657303 786.556213
196.331500 788.727300 185.896378 783.099976
195.393800 785.296400 185.100800 779.623840
194.407000 781.832200 184.254471 776.120483
193.372100 778.361600 183.356522 772.588074
192.268500 774.862700 182.391113 769.036316
191.104500 771.351900 181.378601 765.489075
189.900200 767.803200 180.315521 761.868530
188.697400 764.215300 179.246094 758.210388
187.525500 760.573100 178.222183 754.494690
186.417200 756.874800 177.267975 750.740662
185.391100 753.140200 176.387512 746.954285
184.425300 749.376100 175.581543 743.155945
183.505800 745.586000 174.821945 739.320618
182.630800 741.760500 174.118439 735.465210
181.799600 737.920600 173.450195 731.577820
180.995700 734.046000 172.803970 727.679810
180.235100 730.165100 172.185104 723.778687
179.509000 726.267300 171.582031 719.839844
178.782600 722.358000 170.978333 715.902771
178.060700 718.433400 170.420410 711.988281
177.362100 714.485400 169.894409 708.012085
176.683600 710.485300 169.372528 703.974487
176.012100 706.523900 168.866974 699.948242
175.366700 702.573200 168.384933 695.931335
174.771600 698.664000 167.938644 691.973511
174.208700 694.786000 167.531860 688.059875
173.664500 690.971400 167.132858 684.213196
173.120400 687.194400 166.727524 680.404480
172.609800 683.452500 166.336395 676.638733
172.111300 679.757200 165.950348 672.913147
171.620100 676.075400 165.588928 669.225281
171.116500 672.425100 165.207748 665.549622
170.597300 668.791300 164.827713 661.897766
170.061700 665.158300 164.441742 658.243896
169.508500 661.515700 164.049942 654.563232
168.924400 657.855800 163.642960 650.867004
168.353600 654.164700 163.232819 647.132874
167.787000 650.469600 162.858932 643.433167
167.241700 646.760000 162.487228 639.717651
166.711700 643.033600 162.114471 635.966797
166.161900 639.298500 161.731674 632.209412
165.603300 635.547200 161.348907 628.459473
165.019900 631.781100 160.961838 624.679688
164.407900 627.989800 160.530746 620.859497
163.795100 624.165700 160.109695 617.031433
163.188600 620.333500 159.669525 613.166870
162.585900 616.485800 159.240479 609.301331
162.003800 612.637200 158.802841 605.418091
161.404000 608.796100 158.389191 601.539001
160.758000 604.972100 157.972504 597.647827
160.133600 601.135300 157.554871 593.732361
159.495800 597.273400 157.125427 589.837036
158.840300 593.366000 156.711960 585.875366
158.208600 589.447000 156.296234 581.896912
157.580800 585.515400 155.886139 577.927368
156.942900 581.558400 155.459991 573.946106
156.315100 577.584700 155.045685 569.960205
155.693100 573.602200 154.625885 565.958374
155.097900 569.612100 154.225571 561.963562
154.494600 565.631700 153.814346 557.958557
153.882900 561.635800 153.398560 553.964539
153.275400 557.661700 152.965332 549.937622
152.657100 553.699500 152.543472 545.958862
152.007000 549.736100 152.123810 541.969666
151.335500 545.780700 151.673599 537.991455
150.702300 541.830000 151.248550 533.974060
150.111100 537.863200 150.817078 529.972351
149.565800 533.878000 150.398987 525.956909
149.070700 529.886400 150.011993 521.969238
148.583300 525.892200 149.625687 517.958984
148.098100 521.899600 149.254242 513.956482
147.615200 517.906000 148.884811 509.947083
147.078600 513.924800 148.484146 505.948822
146.557400 509.928000 148.069000 501.945099
145.990800 505.947400 147.652328 498.010254
145.414200 501.983900 147.244690 494.015320
144.839400 498.023200 146.815323 490.025940
144.237000 494.066600 146.353073 486.051819
143.642200 490.086700 145.894882 482.067596
143.093600 486.100600 145.453491 478.072815
142.520000 482.109500 145.008316 474.099060
141.953600 478.120000 144.586716 470.110962
141.409200 474.120700 144.171249 466.114594
140.866200 470.116800 143.785233 462.120911
140.329900 466.129000 143.374130 458.131104
139.802900 462.170200 142.983841 454.200592
139.285200 458.259400 142.607849 450.316864
138.767400 454.380800 142.228378 446.462494
138.265200 450.537100 141.858292 442.619293
137.781900 446.703500 141.505875 438.796387
137.326700 442.890000 141.185135 434.988068
136.905100 439.064700 140.890579 431.149719
136.518100 435.237300 140.630829 427.327728
136.143200 431.414200 140.382706 423.485840
135.825400 427.592200 140.176056 419.642059
135.543200 423.737300 140.031891 415.787994
135.270100 419.908100 139.910965 411.943665
135.035900 416.031200 139.851746 408.065552
134.860400 412.167200 139.829117 404.203156
134.729600 408.319200 139.857498 400.360687
134.657500 404.515600 139.937485 396.587219
134.622800 400.768700 140.042175 392.851166
134.596400 397.079600 140.145538 389.165680
134.623000 393.460300 140.305023 385.527985
134.664700 389.903700 140.488297 381.972931
134.742900 386.395400 140.699585 378.471924
134.849100 382.945500 140.929398 375.042267
134.972000 379.565400 141.162033 371.664001
135.131800 376.244700 141.423828 368.351807
135.333900 373.018200 141.727859 365.144379
135.556500 369.861200 142.066849 362.013306
135.838900 366.777100 142.445435 358.966400
136.225700 363.791900 142.931763 356.023529
136.738700 360.891300 143.531433 353.150665
137.359000 358.081000 144.250671 350.368011
138.112400 355.303200 145.103973 347.613373
138.966200 352.534800 146.058167 344.878632
139.893600 349.805900 147.058182 342.185913
140.896000 347.157200 148.136002 339.572662
141.971400 344.579000 149.271103 337.046234
143.130500 342.084500 150.502090 334.601440
144.392300 339.674500 151.832870 332.233521
145.777400 337.332100 153.273499 329.954254
147.331500 335.073900 154.872406 327.770355
149.057400 332.893100 156.638519 325.676361
150.967000 330.772000 158.578751 323.689117
153.050000 328.762800 160.695724 321.819397
155.286900 326.913400 162.976532 320.055237
157.696000 325.210700 165.391388 318.473236
160.258100 323.696400 167.955780 317.085571
162.973100 322.395300 170.643600 315.918945
165.832800 321.314600 173.484085 314.989990
168.823000 320.455500 176.465988 314.255463
171.915000 319.751800 179.535858 313.680756
175.093600 319.154400 182.707245 313.208801
178.356600 318.621500 185.968475 312.793518
181.670600 318.107800 189.310165 312.425995
184.954100 317.552100 192.741196 312.078339
188.360600 317.014600 196.266220 311.721405
191.810500 316.498600 199.793533 311.358032
195.303300 315.956300 203.379593 310.939484
198.810200 315.370500 206.957092 310.481903
202.319700 314.727700 210.521744 309.954926
205.854900 314.018600 214.083344 309.365936
209.382100 313.210000 217.655334 308.675812
212.873900 312.313500 221.179337 307.899109
216.282400 311.315800 224.619431 307.021454
219.602300 310.211800 227.957901 306.029785
222.828600 308.969500 231.195145 304.907898
225.892800 307.618500 234.309372 303.674622
228.857400 306.132600 237.308228 302.300201
231.705300 304.510000 240.202728 300.788574
234.404500 302.795000 242.955887 299.178711
236.964200 301.022400 245.573105 297.496429
239.357400 299.191600 248.042633 295.746124
241.573300 297.348000 250.301132 294.001801
243.583200 295.531300 252.385803 292.248413
245.364000 293.745300 254.246750 290.525726
246.928300 292.003400 255.867584 288.825531
248.255900 290.313300 257.235901 287.180206
249.318200 288.712300 258.365448 285.601868
250.170400 287.137600 259.293457 284.025879
250.789300 285.600000 259.979156 282.475281
251.165900 284.019700 260.413879 280.882629
251.314100 282.347000 260.651642 279.244171
251.208600 280.685900 260.603455 277.605560
250.772400 279.031200 260.246033 275.862671
249.999900 277.363100 259.540253 274.134827
248.862600 275.742500 258.432404 272.455566
247.391400 274.199800 257.004852 270.863220
245.604100 272.717600 255.287949 269.320190
243.606700 271.249000 253.348618 267.772644
241.483200 269.657000 251.284119 266.096893
239.255900 267.931300 249.120850 264.298737
236.942400 266.062700 246.881821 262.346130
234.573400 264.060900 244.604980 260.261169
232.194200 261.911300 242.297745 258.031708
229.828600 259.643500 240.015335 255.684891
227.459400 257.285700 237.708084 253.232468
225.117700 254.818300 235.460663 250.690872
222.794900 252.268100 233.207153 248.059631
220.539900 249.684100 231.039581 245.397171
218.379000 247.150200 228.968048 242.780975
216.331900 244.688600 226.997955 240.239838
214.447100 242.296600 225.199875 237.765274
212.738900 239.986300 223.545441 235.400940
211.155100 237.800000 222.013535 233.149246
209.645500 235.806000 220.541138 231.083679
208.153800 234.063200 219.085342 229.282440
206.642600 232.599300 217.616348 227.752686
205.050700 231.388700 216.083618 226.497711
203.386000 230.453900 214.406021 225.472931
201.568800 229.804200 212.582489 224.746414
199.652600 229.469400 210.604401 224.328064
197.649300 229.448700 208.556946 224.282669
195.695200 229.808500 206.519958 224.585999
193.757500 230.545900 204.526230 225.263229
191.873400 231.575500 202.552444 226.244690
190.008500 232.786900 200.542145 227.414734
188.027800 234.075600 198.472565 228.654221
185.893500 235.390300 196.203751 229.941925
183.609800 236.705800 193.828476 231.169739
181.165200 238.005100 191.302353 232.357208
178.517300 239.254000 188.607925 233.513885
175.726900 240.407000 185.776169 234.539078
172.707400 241.421200 182.755219 235.459763
169.603600 242.357600 179.716766 236.311234
166.445500 243.209000 176.579803 237.065933
163.269700 243.975200 173.366760 237.715607
160.018600 244.710100 170.128647 238.355637
156.736700 245.397400 166.855362 238.939346
153.408400 246.036100 163.549973 239.481110
150.090200 246.634600 160.241028 239.980057
146.806300 247.228400 156.918182 240.463379
143.505000 247.801600 153.603943 240.921326
140.209300 248.367500 150.341782 241.373901
136.935100 248.926700 147.081909 241.802155
133.701200 249.482000 143.837845 242.269394
130.512300 250.041400 140.656723 242.746033
127.368600 250.623000 137.478027 243.256882
124.279500 251.271600 134.375885 243.844650
121.226800 251.988400 131.288345 244.504654
118.235900 252.796200 128.254578 245.245819
115.296000 253.710500 125.268356 246.095535
112.410900 254.793600 122.329781 247.073730
109.550100 256.073600 119.415367 248.227951
106.765300 257.559400 116.581863 249.579010
104.058300 259.195200 113.821861 251.112732
101.451300 260.983800 111.140419 252.799240
98.958900 262.930000 108.560478 254.639435
96.560750 265.038400 106.063034 256.638519
94.233290 267.302400 103.655312 258.790009
91.992660 269.682500 101.348419 261.095764
89.872160 272.215300 99.136086 263.565186
87.867480 274.902800 97.053413 266.181488
85.990600 277.735000 95.082680 268.924835
84.244040 280.710100 93.235115 271.826935
82.619100 283.777000 91.501190 274.843262
81.079690 286.968600 89.841064 278.000275
79.784310 290.233300 88.422447 281.217926
78.568560 293.653400 87.078171 284.572266
77.471470 297.091000 85.847412 287.932556
76.507590 300.590600 84.755798 291.358154
75.684350 304.118500 83.800568 294.839447
74.993740 307.691900 82.966957 298.373627
74.448540 311.297700 82.291412 301.957062
74.042020 314.935900 81.759125 305.559784
73.771590 318.594800 81.364891 309.174957
73.715910 322.261900 81.048744 312.825653
73.769420 325.907700 80.812004 316.472717
73.817040 329.552100 80.633629 320.111145
74.000290 333.173500 80.497826 323.731323
74.172500 336.809200 80.394119 327.331360
74.344680 340.442200 80.334129 330.968597
74.514430 344.091300 80.321053 334.584778
74.662940 347.746700 80.290154 338.197937
74.736070 351.400000 80.175659 341.786102
74.769320 355.000700 80.067070 345.361298
74.814470 358.586500 79.954308 348.916534
74.746920 362.178000 79.815170 352.469269
74.686830 365.745600 79.668236 356.041016
74.555740 369.317000 79.473877 359.610077
74.360040 372.935200 79.219307 363.172211
74.109450 376.533900 78.889145 366.719208
73.828330 380.133100 78.517563 370.258820
73.476450 383.716600 78.067108 373.799408
73.062260 387.295400 77.577805 377.339691
72.635640 390.839200 77.046387 380.856812
72.123690 394.365700 76.409462 384.353088
71.585570 397.910500 75.752090 387.867767
70.976400 401.435000 75.016594 391.355652
70.311850 404.959700 74.235725 394.839813
69.602670 408.449900 73.407585 398.321564
68.879140 411.948200 72.597153 401.812897
68.139490 415.452800 71.757248 405.253052
67.432580 418.981100 70.913895 408.703796
66.735590 422.501800 70.072159 412.164337
66.031790 425.991100 69.262749 415.642944
65.337700 429.457600 68.449478 419.116180
64.678150 432.971500 67.663300 422.625916
64.092350 436.564700 66.962837 426.187958
63.538820 440.165700 66.293884 429.734161
63.089490 443.780200 65.718735 433.336487
62.687700 447.405600 65.211769 436.912384
62.395430 451.016900 64.806984 440.481506
62.179910 454.600300 64.472336 444.064972
62.016060 458.184800 64.183472 447.639587
61.878910 461.762700 63.921001 451.196136
61.782260 465.339800 63.690723 454.756226
61.711200 468.924000 63.484016 458.315887
61.669710 472.506000 63.297844 461.883881
61.695530 476.094800 63.174603 465.440094
61.729390 479.666900 63.072617 468.993042
61.822870 483.270300 63.023762 472.576904
61.924810 486.878100 62.977104 476.161774
62.056550 490.478600 62.974121 479.756958
62.176020 494.117900 62.952557 483.364960
62.266690 497.773900 62.902695 487.001007
62.330910 501.484400 62.848206 490.633392
62.383600 505.245100 62.799095 494.279938
62.456820 509.016300 62.797363 497.979736
62.639660 512.800600 62.919136 501.764984
62.868350 516.638100 63.071804 505.578278
63.106400 520.456700 63.213772 509.360992
63.367240 524.259400 63.384983 513.149231
63.593570 528.081800 63.513489 516.934692
63.801530 531.888200 63.610676 520.734192
64.024540 535.667900 63.721470 524.488953
64.206830 539.467500 63.778919 528.265137
64.344710 543.234900 63.792683 531.959595
64.496310 546.996900 63.815563 535.676208
64.631930 550.743000 63.816936 539.381042
64.749170 554.462700 63.802723 543.070068
64.914610 558.167300 63.843262 546.758911
65.103700 561.867200 63.902618 550.456116
65.335960 565.517200 64.003494 554.091675
65.569200 569.190200 64.097427 557.718384
65.794250 572.863800 64.203812 561.358093
65.979210 576.521900 64.264374 564.977539
66.180050 580.172300 64.349266 568.614380
66.362280 583.853000 64.426750 572.255859
66.538350 587.515200 64.489273 575.874512
66.682270 591.168900 64.521385 579.506653
66.777600 594.811400 64.495285 583.103455
66.890400 598.420300 64.475548 586.705505
67.026690 602.042900 64.502884 590.312012
67.177460 605.622900 64.537186 593.897644
67.323020 609.198300 64.578453 597.465515
67.450500 612.758000 64.583611 600.993835
67.653570 616.289300 64.685387 604.514099
67.878290 619.813700 64.817886 608.021057
68.154010 623.308500 64.986992 611.484009
68.437020 626.799600 65.173378 614.963013
68.771410 630.257700 65.407852 618.422729
69.202550 633.695200 65.736755 621.866333
69.600670 637.103300 66.049446 625.293396
70.036830 640.488700 66.396057 628.691650
70.506270 643.807100 66.756729 632.035828
70.892770 647.161500 67.043541 635.368652
71.232770 650.443300 67.290329 638.648132
71.580170 653.720500 67.520432 641.927673
71.988160 656.939000 67.761482 645.188538
72.305150 660.204100 67.936241 648.431396
72.604120 663.408400 68.070152 651.655273
72.917010 666.635000 68.198090 654.879272
73.242550 669.852400 68.332001 658.134399
73.637330 673.050100 68.496307 661.366272
74.027710 676.284300 68.714500 664.628418
74.459600 679.526800 68.999031 667.864197
74.950660 682.820100 69.348999 671.146240
75.485380 686.101000 69.699394 674.446045
75.997000 689.438300 70.097107 677.767090
76.620780 692.817900 70.522346 681.164001
77.255750 696.266300 70.995720 684.598389
77.860920 699.720200 71.470840 688.043518
78.456960 703.252300 71.929123 691.598389
79.046650 706.838300 72.378235 695.197571
79.748960 710.431700 72.834442 698.807312
80.377820 714.087800 73.279457 702.493469
80.984990 717.795000 73.756363 706.182373
81.568530 721.524100 74.247093 709.901978
82.226950 725.230100 74.768166 713.637817
82.971570 728.932500 75.327438 717.396545
83.716810 732.637800 75.916252 721.095642
84.461420 736.340000 76.556877 724.847290
85.205890 740.041500 77.263893 728.534790
85.988280 743.734800 77.988647 732.226257
86.881120 747.371500 78.750397 735.868896
87.770200 751.019300 79.513733 739.550476
88.659140 754.657900 80.299759 743.198853
89.568830 758.256300 81.102707 746.824646
90.529500 761.919200 81.963745 750.509094
91.504420 765.495400 82.838493 754.145569
92.518360 769.126400 83.720947 757.785095
93.541990 772.703400 84.617493 761.375305
94.615270 776.302000 85.597527 765.012512
95.687250 779.833200 86.563515 768.568604
96.764590 783.369100 87.546448 772.120911
97.857970 786.887700 88.561371 775.664917
98.977700 790.363900 89.581161 779.148804
100.102700 793.842400 90.620895 782.635315
101.281700 797.278800 91.701141 786.094116
102.480100 800.701200 92.804565 789.549011
103.706800 804.080200 93.907204 792.947388
104.948300 807.449200 95.058380 796.388611
106.192400 810.798000 96.177551 799.741394
107.467000 814.117100 97.344719 803.111511
108.775000 817.411500 98.520836 806.449280
110.077600 820.689800 99.699463 809.775085
111.337000 823.916800 100.847321 813.069397
112.595900 827.082700 102.009369 816.294922
113.862500 830.153000 103.189507 819.404541
115.118400 833.166500 104.339111 822.461487
116.423500 836.128900 105.541916 825.472839
117.895400 839.037200 106.886620 828.451782
119.447600 841.885100 108.327911 831.392151
121.088600 844.701900 109.885536 834.300781
122.872100 847.290700 111.479523 837.091125
124.724400 849.810800 113.215347 839.884033
126.575500 852.329600 114.993286 842.540405
128.426600 854.848600 116.824760 845.127686
130.276800 857.367000 118.645828 847.596313
132.127400 859.883600 120.450256 849.966614
133.992200 862.014800 122.261612 852.201660
135.814600 864.035300 124.007744 854.327271
137.604800 865.988300 125.712509 856.362305
139.298200 867.835900 127.361847 858.296875
140.919200 869.609300 128.946579 860.127686
142.486000 871.338400 130.454605 861.942261
143.940800 872.954000 131.843048 863.636902
145.300100 874.412900 133.143204 865.152222
146.559000 875.661600 134.364655 866.453674
147.650800 876.418400 135.452118 867.493958
148.685500 877.020600 136.433411 868.301575
149.713200 877.623900 137.379456 869.014526
150.732500 878.227900 138.413528 869.637207
151.742600 878.831700 139.430649 870.047974
152.808100 879.342000 140.586441 870.377197
154.068700 879.516900 141.867783 870.580017
155.413300 879.479400 143.211838 870.665039
156.888700 879.272300 144.730103 870.499756
158.478100 878.881900 146.351807 870.195251
160.134900 878.287500 148.054382 869.647217
161.860100 877.489100 149.797363 868.893616
163.672500 876.562600 151.682556 868.018066
165.594100 875.530000 153.649933 867.052246
167.624000 874.437100 155.725220 866.014526
169.770000 873.289900 157.899506 864.933044
172.035600 872.094100 160.186081 863.821594
174.385300 870.862300 162.566895 862.662170
176.854600 869.589200 165.070053 861.478210
179.401000 868.288100 167.652924 860.259460
181.975500 866.969700 170.251175 859.028625
184.536700 865.639500 172.837128 857.764709
187.062400 864.284700 175.402725 856.471558
189.538900 862.924800 177.934235 855.184021
191.918900 861.611300 180.348114 853.943542
194.206900 860.315700 182.650421 852.731262
196.343300 858.956400 184.860992 851.593994
198.368400 857.888200 186.980804 850.549561
200.275000 856.919100 189.033401 849.633667
202.193600 856.085800 191.001114 848.878418
204.073500 855.496400 192.862991 848.376221
205.960400 855.183900 194.691757 848.151978
207.864300 855.202100 196.498444 848.197205
209.713700 855.529100 198.280655 848.534485
211.499200 856.220700 200.027084 849.263855
213.188100 857.107700 201.643448 850.352173
214.784400 858.522000 203.128845 851.762451
216.227100 860.190500 204.475739 853.456482
217.589200 862.100400 205.740891 855.405090
218.870200 864.194100 206.933289 857.549622
220.036500 866.491500 207.994492 859.867249
221.092500 868.955100 208.939346 862.388916
222.159200 871.551200 209.907761 865.030579
223.261300 874.233400 210.916092 867.751038
224.402100 877.003500 211.946167 870.571472
225.538100 879.835200 212.959869 873.449036
226.647400 882.714200 213.945404 876.339783
227.713000 885.605500 214.900604 879.250732
228.729800 888.498800 215.812912 882.207458
229.740400 891.364700 216.729340 885.141785
230.756400 894.190300 217.646103 888.006592
231.798000 896.975600 218.589157 890.858337
232.862200 899.689300 219.574051 893.627625
234.006400 902.314400 220.627808 896.289551
235.284000 904.779800 221.832962 898.834045
236.717300 907.106500 223.186264 901.204285
238.297800 909.282700 224.689743 903.435730
240.026200 911.279800 226.337006 905.500244
241.899800 913.107900 228.152328 907.397888
243.969200 914.753500 230.099045 909.125427
246.167200 916.200700 232.177704 910.640564
248.519300 917.425900 234.419998 911.951904
250.970500 918.372900 236.811127 913.059204
253.540200 919.159700 239.363571 913.965454
256.240400 919.688000 242.050293 914.599182
259.064500 919.965800 244.873749 914.967834
262.004800 920.092700 247.863266 915.252441
265.032800 920.081200 250.917191 915.361450
268.210100 920.078400 254.060989 915.306458
271.495300 919.927300 257.310486 915.184509
274.820000 919.698100 260.608948 915.014221
278.229300 919.336300 263.947449 914.752625
281.674700 918.885400 267.330505 914.425842
285.133600 918.345800 270.787628 914.021240
288.622600 917.728600 274.305542 913.539490
292.132800 917.013700 277.849792 912.970642
295.617300 916.238200 281.379517 912.327393
299.090900 915.358200 284.887634 911.618103
302.533100 914.353500 288.333984 910.817993
305.943200 913.309900 291.788361 909.955078
309.311700 912.191400 295.203308 909.021545
312.679900 911.045400 298.574890 908.021362
316.061700 909.902400 301.969238 907.020569
319.450400 908.753400 305.379639 906.000977
322.840000 907.560400 308.795807 904.954407
326.249400 906.356000 312.236542 903.893799
329.691100 905.139800 315.708893 902.819275
333.195400 903.900600 319.255463 901.718262
336.754600 902.625300 322.844025 900.574707
340.384100 901.328400 326.531128 899.408630
344.064600 899.969000 330.242584 898.185364
347.769700 898.590900 333.986572 896.937500
351.401700 897.220500 337.647827 895.699890
354.975200 895.841100 341.265106 894.451416
358.485000 894.463600 344.822784 893.192139
361.949500 893.084300 348.315613 891.949463
365.336200 891.732700 351.748505 890.724426
368.619200 890.389400 355.076813 889.508301
371.749500 889.112100 358.258148 888.349060
374.681800 887.918900 361.242828 887.271179
377.389200 886.824500 363.992340 886.271118
379.874900 885.837000 366.500580 885.366821
382.177900 884.931600 368.814117 884.539246
384.328100 884.100300 370.968811 883.766052
386.400700 883.311200 373.061310 883.027710
388.376900 882.536800 375.062531 882.319031
390.309000 881.774800 377.041748 881.618774
392.306100 880.993700 379.057434 880.906250
394.377700 880.162100 381.166412 880.163696
396.550200 879.262200 383.373383 879.356750
398.842300 878.314900 385.723999 878.509827
401.259600 877.339000 388.189240 877.630615
403.789800 876.325100 390.763306 876.717468
406.435900 875.291100 393.426208 875.782166
409.217000 874.214500 396.222565 874.821167
412.118100 873.111300 399.113129 873.821655
415.118700 871.959800 402.129395 872.773071
418.218100 870.771000 405.219574 871.702393
421.393100 869.520300 408.404602 870.581299
424.627300 868.193200 411.679291 869.375671
427.914800 866.771900 414.996277 868.087891
431.247800 865.254500 418.393829 866.698486
434.552400 863.690400 421.757874 865.264771
437.807500 862.081600 425.082031 863.794495
440.966600 860.444200 428.295471 862.291931
444.049200 858.816700 431.453918 860.765747
447.069000 857.193700 434.545197 859.248718
450.037100 855.607100 437.558075 857.776245
452.944600 854.081100 440.485840 856.390381
455.777600 852.654400 443.338837 855.091187
458.467600 851.383400 446.002502 853.927734
460.990700 850.198200 448.537567 852.850952
463.426800 849.070300 450.965057 851.838928
465.787600 847.990900 453.335144 850.856567
468.094900 846.950600 455.688080 849.910461
470.366800 845.937300 457.972046 848.981934
472.708100 844.897600 460.338409 848.033142
475.121700 843.800400 462.798798 847.035339
477.587500 842.683800 465.278992 846.027649
480.152400 841.532300 467.892059 844.978027
482.766300 840.339500 470.561462 843.872681
485.445100 839.143200 473.245941 842.776855
488.188300 837.891400 475.987915 841.631531
490.987500 836.623000 478.771667 840.501953
493.803100 835.351100 481.596436 839.347290
496.624700 834.094400 484.455841 838.187683
499.474300 832.809600 487.339355 837.009766
502.358500 831.502600 490.243286 835.819946
505.286800 830.236700 493.177063 834.637634
508.248000 828.948300 496.162689 833.436462
511.244100 827.658100 499.168152 832.235962
514.267100 826.347100 502.187286 831.030640
517.327800 825.031500 505.257294 829.832886
520.388500 823.719100 508.305115 828.638367
523.389100 822.420300 511.301483 827.460327
526.283400 821.190400 514.208130 826.338440
529.057000 820.023600 516.989868 825.280090
531.704800 818.934000 519.653381 824.289429
534.226500 817.916400 522.192505 823.376892
536.656700 816.946600 524.657776 822.494446
539.023500 815.952900 527.044250 821.591614
541.317300 814.866300 529.382324 820.592957
543.532000 813.688600 531.646118 819.503052
545.686900 812.396800 533.866028 818.276428
547.734700 810.971800 535.965027 816.915344
549.629400 809.339400 537.904358 815.331482
551.297600 807.502100 539.645874 813.538513
552.779900 805.465100 541.226135 811.502686
554.025400 803.122900 542.597351 809.222412
555.053800 800.603800 543.726135 806.698486
555.833800 797.890700 544.601746 803.981567
556.486200 795.031700 545.361755 801.128845
557.103100 792.043700 546.091797 798.167542
557.706900 788.950900 546.805847 795.102722
558.314100 785.757400 547.534790 791.900513
558.963000 782.480200 548.294800 788.669067
559.664300 779.132300 549.093811 785.383789
560.383500 775.702500 549.922363 781.974670
561.143700 772.190100 550.779480 778.554932
561.955700 768.606200 551.676025 775.043396
562.794300 764.921400 552.583801 771.427368
563.665600 761.194600 553.531311 767.782959
564.512000 757.439400 554.482300 764.076660
565.360500 753.691900 555.436523 760.399475
566.202300 749.955700 556.367432 756.710815
567.038700 746.210000 557.317322 753.029236
567.914000 742.455400 558.287476 749.298889
568.809800 738.700200 559.290771 745.591614
569.651600 734.948800 560.244812 741.875183
570.504400 731.165000 561.215942 738.115723
571.381700 727.390900 562.198669 734.358643
572.231200 723.645800 563.149170 730.672852
573.054100 719.904800 564.089111 726.941528
573.889700 716.163100 565.028687 723.248657
574.718600 712.404800 565.970947 719.511963
575.527100 708.639600 566.890747 715.786804
576.261300 704.869800 567.734924 712.056335
576.930700 701.064300 568.496582 708.295227
577.575900 697.234700 569.234070 704.491760
578.192400 693.375300 569.947998 700.674133
578.778500 689.496000 570.640320 696.808167
579.345900 685.591800 571.302734 692.914307
579.857300 681.665400 571.923462 689.031982
580.310600 677.720500 572.518311 685.093567
580.758800 673.746400 573.092896 681.129761
581.155000 669.796200 573.616699 677.195007
581.510700 665.865700 574.091553 673.289490
581.822900 661.969700 574.517456 669.400696
582.077900 658.112900 574.894226 665.548889
582.273900 654.274900 575.207458 661.712280
582.437900 650.427100 575.484680 657.852966
582.599800 646.577200 575.766235 653.975708
582.753900 642.693800 576.023560 650.108643
582.851400 638.813400 576.210327 646.237000
582.898800 634.890000 576.382751 642.313660
582.982400 630.949500 576.581177 638.382324
583.073100 627.003400 576.790894 634.433411
583.192100 623.061600 577.021118 630.463074
583.328900 619.143000 577.277161 626.545715
583.475300 615.223700 577.536621 622.611511
583.625900 611.282200 577.810852 618.675049
583.720700 607.341100 578.079102 614.726562
583.834500 603.396300 578.355713 610.766479
583.934300 599.462000 578.626953 606.832336
584.036500 595.562800 578.888794 602.941101
584.162200 591.689200 579.167786 599.064636
584.227300 587.867900 579.442871 595.219788
584.317600 584.024500 579.721985 591.345947
584.499000 580.192700 580.069397 587.513062
584.808000 576.397200 580.534912 583.716431
585.238500 572.636300 581.092041 579.969666
585.796800 568.901300 581.778442 576.251648
586.480500 565.193700 582.595642 572.559814
587.248500 561.507600 583.462097 568.866455
588.029900 557.836500 584.335876 565.195374
588.838600 554.171600 585.231934 561.567078
589.673700 550.509400 586.150757 557.935730
590.516100 546.866500 587.070374 554.320007
591.343500 543.261900 587.978821 550.738831
592.132200 539.698600 588.842957 547.214050
592.828000 536.162600 589.621338 543.701782
593.460000 532.659000 590.348145 540.213196
594.031700 529.277200 590.992310 536.837708
594.554500 526.081000 591.610352 533.680969
595.075800 523.072600 592.206238 530.730347
595.617300 520.255100 592.806702 527.947876
596.166400 517.626800 593.415039 525.327637
596.704800 515.143200 594.012329 522.848694
597.194900 512.833500 594.563904 520.557495
597.576200 510.694300 594.999817 518.414368
597.786600 508.667900 595.254883 516.359741
597.747500 506.649500 595.331665 514.341797
597.514600 504.697700 595.160828 512.363342
597.070500 502.800000 594.768555 510.449127
596.402400 500.998300 594.155884 508.623962
595.438900 499.228700 593.225159 506.774506
594.162500 497.526700 591.995422 505.013947
592.513700 495.900800 590.460938 503.408295
590.635600 494.532500 588.629150 501.999298
588.500500 493.343000 586.545288 500.759064
586.178900 492.278900 584.247009 499.629333
583.738500 491.279000 581.813965 498.546051
581.166800 490.215600 579.271179 497.409363
578.490800 489.083700 576.598083 496.201202
575.723500 487.861500 573.834412 494.889984
572.904600 486.554700 571.029114 493.503265
570.042200 485.190900 568.177734 492.057648
567.169200 483.760200 565.322998 490.542419
564.280500 482.280300 562.470337 488.996765
561.350400 480.769600 559.586548 487.408661
558.405800 479.261600 556.648132 485.832947
555.376800 477.743300 553.665955 484.195892
552.348800 476.229900 550.704285 482.583588
549.309400 474.657200 547.709412 480.931183
546.268100 473.067100 544.747070 479.258331
543.205700 471.460400 541.738831 477.565125
540.123400 469.844900 538.689148 475.870728
537.055800 468.227900 535.677734 474.176178
534.039300 466.620500 532.673401 472.489075
531.070100 465.041900 529.740967 470.829590
528.189800 463.496400 526.878662 469.197723
525.392500 461.985300 524.122375 467.607971
522.696400 460.482700 521.453857 466.025574
520.138600 459.018200 518.926331 464.481262
517.756100 457.609300 516.557922 462.999054
515.544600 456.272300 514.337585 461.596008
513.468500 454.993400 512.268677 460.253448
511.515000 453.792000 510.289581 458.986572
509.647000 452.752700 508.437256 457.883118
507.816400 451.952700 506.590912 457.003387
506.024700 451.375100 504.794006 456.365479
504.164400 451.057300 502.898590 455.975098
502.213400 450.955500 500.981842 455.873230
500.360000 451.174600 499.121216 456.030853
498.532400 451.717400 497.254456 456.494202
496.762400 452.594900 495.431793 457.312622
495.085200 453.803100 493.714722 458.484192
493.512800 455.370800 492.115662 459.996399
492.140200 457.192000 490.658600 461.833954
490.899800 459.329000 489.306549 463.999573
489.697100 461.689000 487.973541 466.384399
488.436200 464.216900 486.580048 468.909485
487.065300 466.910000 485.072113 471.619354
485.589500 469.753000 483.479919 474.446442
484.009700 472.740300 481.780609 477.419586
482.314200 475.837000 479.991882 480.477844
480.567300 479.018100 478.154999 483.629944
478.766800 482.282500 476.272034 486.856873
476.977200 485.484200 474.333771 490.085938
475.149800 488.770200 472.369354 493.399780
473.326600 492.020400 470.399048 496.647552
471.475600 495.302800 468.407349 499.956146
469.568200 498.617300 466.401764 503.270020
467.651300 501.958900 464.379089 506.575775
465.708000 505.334400 462.322296 509.913971
463.769100 508.731500 460.277710 513.282288
461.845200 512.161900 458.256927 516.652832
459.919600 515.621400 456.231293 520.070740
457.939000 519.112900 454.210724 523.484009
455.953400 522.620500 452.195770 526.901489
453.935100 526.117100 450.108429 530.309143
451.928900 529.614300 448.090149 533.756958
449.964500 533.134600 446.031769 537.225708
448.010500 536.687300 443.992371 540.691772
446.054100 540.236000 441.965393 544.181152
444.056100 543.807900 439.923920 547.692200
442.049300 547.417800 437.875702 551.231812
440.037800 551.028500 435.813324 554.767822
438.025200 554.634600 433.747498 558.289062
435.977800 558.237500 431.651001 561.817810
433.919500 561.855000 429.519562 565.372742
431.843000 565.470100 427.394012 568.929565
429.767800 569.108300 425.254059 572.484131
427.667800 572.747600 423.104309 576.005432
425.537800 576.435200 420.952942 579.601746
423.436400 580.100900 418.808533 583.159241
421.318500 583.767700 416.605194 586.754883
419.219900 587.449100 414.446716 590.346313
417.120400 591.134600 412.282349 593.947083
415.005200 594.832500 410.102936 597.537659
412.888500 598.541400 407.946564 601.136719
410.755500 602.261600 405.742828 604.757141
408.648800 605.999000 403.566620 608.401184
406.499300 609.720300 401.341919 612.009033
404.349900 613.457900 399.116882 615.672668
402.219500 617.158900 396.908691 619.287598
400.144400 620.804100 394.764709 622.858276
398.088300 624.376000 392.626617 626.341125
396.094000 627.872100 390.559479 629.777771
394.096100 631.363900 388.480530 633.198975
392.096200 634.841100 386.399139 636.621094
390.122200 638.266000 384.343628 639.978638
388.138200 641.719200 382.284882 643.350525
386.190000 645.182000 380.237244 646.680847
384.289400 648.626900 378.216919 650.051514
382.388400 652.005600 376.208405 653.341736
380.473700 655.356700 374.191528 656.614136
378.503900 658.701400 372.147339 659.870178
376.494800 662.062000 370.099121 663.139160
374.499000 665.373200 368.043488 666.442078
372.495100 668.759000 365.950348 669.764893
370.503500 672.182700 363.880707 673.114929
368.470500 675.625200 361.764313 676.482178
366.423200 679.124800 359.621002 679.914490
364.370700 682.649600 357.481445 683.350342
362.295100 686.175900 355.331116 686.790833
360.227100 689.735900 353.186584 690.254761
358.182300 693.297500 351.048981 693.793335
356.109700 696.850900 348.902496 697.272949
354.085800 700.357400 346.803528 700.662354
352.038300 703.859700 344.668884 704.087463
350.008800 707.353700 342.559631 707.502747
347.982700 710.855500 340.461121 710.896118
345.942000 714.320900 338.340607 714.257751
343.906200 717.779200 336.224487 717.604797
341.889600 721.226700 334.114441 720.975281
339.882000 724.654800 332.029907 724.311646
337.868700 728.103400 329.944916 727.660339
335.866200 731.571800 327.858673 731.040222
333.967500 735.105200 325.753357 734.477722
332.130600 738.707000 323.640045 737.923706
330.109000 742.325700 321.489532 741.483215
328.052600 745.993300 319.328949 745.068787
325.960300 749.694700 317.139374 748.663330
323.882400 753.400900 314.954773 752.274170
321.810400 757.046400 312.777161 755.826721
319.688500 760.664000 310.583923 759.371277
317.595700 764.288500 308.338531 762.895935
315.554700 767.892700 306.121368 766.391541
313.514600 771.526200 303.865265 769.875000
311.450700 775.119600 301.610565 773.333740
309.357300 778.629400 299.329254 776.726624
307.194900 782.050500 297.005280 780.051086
304.937400 785.448200 294.602234 783.349854
302.592400 788.799400 292.129395 786.586121
300.153800 792.111000 289.562378 789.790588
297.624000 795.374800 286.920868 792.934509
294.927000 798.539300 284.188873 796.015198
292.185800 801.678500 281.325684 799.074402
289.192200 804.695700 278.359650 802.049744
286.151300 807.624000 275.294006 804.942383
283.065000 810.476300 272.175262 807.724060
280.007100 813.213700 269.011963 810.379150
276.942200 815.904300 265.862701 812.897461
273.811500 818.493600 262.626953 815.311829
270.605600 820.960500 259.303589 817.657532
267.321200 823.303700 255.929688 819.849121
264.005200 825.567800 252.504562 821.988525
260.657900 827.735000 249.064011 823.992188
257.273000 829.813900 245.578827 825.914734
253.861800 831.809200 242.079193 827.755798
250.446800 833.761300 238.594254 829.541382
247.052800 835.652800 235.099350 831.310913
243.677200 837.476800 231.643707 833.024658
240.295500 839.294300 228.192032 834.711609
236.906500 841.089700 224.714676 836.400757
233.510200 842.896300 221.241150 838.061096
230.131200 844.723000 217.774109 839.763184
226.769300 846.514500 214.337936 841.428406
223.408300 848.268000 210.916489 843.044434
220.026300 849.991200 207.527039 844.626038
216.652600 851.728000 204.124741 846.205750
213.269900 853.442300 200.701813 847.768372
209.880600 855.139200 197.248993 849.325867
206.468800 856.885000 193.749542 850.922607
203.010300 858.620500 190.222824 852.518860
199.502700 860.363300 186.679153 854.121033
196.002500 862.107300 183.116821 855.741577
192.526600 863.893400 179.576645 857.411926
189.070200 865.686900 176.048065 859.097046
185.622800 867.526100 172.501038 860.838928
182.188500 869.362900 168.984589 862.547668
178.750800 871.210600 165.470779 864.239990
175.314500 873.051400 161.958069 865.951050
171.878500 874.938000 158.475983 867.701416
168.464000 876.882000 154.993393 869.534973
165.093500 878.898700 151.555603 871.448669
161.793700 881.039600 148.177063 873.469543
158.553600 883.315600 144.855865 875.613464
155.369300 885.727000 141.618698 877.903137
152.279000 888.277000 138.463058 880.328979
149.259200 890.897300 135.408844 882.797546
146.298100 893.633000 132.381668 885.396057
143.341500 896.377900 129.335022 888.043762
140.419600 899.149000 126.330627 890.710388
137.428800 901.883400 123.284203 893.339417
134.430600 904.585400 120.227333 895.942444
131.430500 907.268900 117.136925 898.556885
128.400000 909.942700 114.033554 901.139099
125.387100 912.605700 110.939835 903.706909
122.446000 915.311700 107.910454 906.330750
