0.000000 0.000000 -0.000000 0.000000
-0.007832 1.689225 -0.011788 1.679189
-0.029694 3.390281 -0.035025 3.361696
-0.070081 5.150463 -0.067992 5.126144
-0.123858 6.989627 -0.113340 6.973382
-0.184475 8.978383 -0.169546 8.953177
-0.253794 11.064230 -0.237699 11.032075
-0.296212 13.335200 -0.302224 13.312016
-0.345120 15.748820 -0.373329 15.735849
-0.368644 18.288060 -0.431283 18.288286
-0.406558 20.990620 -0.504050 21.037340
-0.450732 23.849210 -0.570246 23.889099
-0.505576 26.794890 -0.656248 26.832550
-0.567916 29.817300 -0.752698 29.863159
-0.634186 32.902500 -0.816818 32.957661
-0.704629 36.067260 -0.901937 36.124004
-0.763742 39.276990 -0.966147 39.349258
-0.840559 42.506460 -0.996580 42.756096
-0.944805 45.707290 -1.124317 45.990074
-1.050114 48.934630 -1.271229 49.210510
-1.142897 52.159540 -1.380358 52.488495
-1.248790 55.372460 -1.495227 55.736736
-1.352181 58.600620 -1.604288 59.016670
-1.444555 61.847430 -1.688338 62.287300
-1.528092 65.085270 -1.800341 65.549706
-1.623511 68.349680 -1.935660 68.836433
-1.697570 71.605970 -2.026892 72.121231
-1.784427 74.842930 -2.135337 75.408691
-1.892754 78.044640 -2.241451 78.650185
-2.009246 81.241000 -2.358761 81.874733
-2.118145 84.381460 -2.480539 85.070328
-2.224921 87.410700 -2.593818 88.147652
-2.344772 90.265560 -2.713109 91.027931
-2.486719 92.915770 -2.855797 93.707619
-2.649588 95.352060 -3.017895 96.155045
-2.827593 97.533080 -3.184120 98.342911
-2.992555 99.437370 -3.335215 100.275330
-3.132396 101.119600 -3.473480 101.969513
-3.196722 102.604300 -3.526880 103.469154
-3.182672 103.907400 -3.498061 104.788208
-3.061832 105.116200 -3.366648 106.021645
-2.813888 106.240500 -3.116774 107.120949
-2.431748 107.285400 -2.745682 108.154434
-1.921488 108.234600 -2.248679 109.100372
-1.282825 109.049600 -1.625530 109.925400
-0.530716 109.791000 -0.863622 110.692207
0.374458 110.404000 0.069707 111.248886
1.408134 110.856700 1.134053 111.740128
2.533142 111.185100 2.267700 112.069031
3.783818 111.364400 3.531495 112.230904
5.173439 111.489500 4.922104 112.361679
6.728517 111.518300 6.481565 112.386177
8.447661 111.482200 8.244769 112.364861
10.365340 111.411600 10.156581 112.301353
12.440570 111.376600 12.225997 112.274582
14.658270 111.336300 14.451123 112.248863
16.980990 111.294300 16.795692 112.218681
19.371510 111.225100 19.199038 112.175659
21.827520 111.168600 21.696547 112.123466
24.338230 111.128000 24.226233 112.077377
26.865460 111.086600 26.774130 112.017693
29.340250 111.018500 29.273710 111.958740
31.824380 110.949500 31.770597 111.895851
34.255590 110.895700 34.211777 111.850517
36.655720 110.832300 36.640732 111.791794
39.023530 110.760300 38.995705 111.709259
41.348270 110.661800 41.330162 111.618896
43.625630 110.563400 43.609047 111.528976
45.778700 110.472200 45.768871 111.438957
47.871130 110.381700 47.874523 111.350922
49.939530 110.289100 49.949177 111.256607
51.971720 110.194600 51.985825 111.168419
53.966400 110.084400 53.992939 111.059135
55.968740 109.922700 56.011566 110.898926
58.012520 109.724900 58.100006 110.726616
60.142410 109.502900 60.234165 110.507591
62.329410 109.265100 62.425705 110.276428
64.563430 109.013700 64.681190 110.031906
66.805840 108.790700 66.945297 109.794975
69.024790 108.566800 69.167656 109.554153
71.274060 108.316000 71.408974 109.292252
73.551630 108.056300 73.694016 109.022720
75.878910 107.783000 76.051369 108.749268
78.249380 107.482800 78.416718 108.429909
80.656160 107.159100 80.827843 108.105652
83.128450 106.823200 83.306152 107.753845
85.650170 106.498800 85.858192 107.441635
88.195570 106.179900 88.412178 107.120087
90.756270 105.878900 90.963509 106.809799
93.347120 105.574100 93.545296 106.499794
95.936460 105.267700 96.140961 106.193230
98.498850 104.969700 98.726685 105.898628
101.043100 104.696300 101.293968 105.626305
103.535900 104.414000 103.804497 105.352028
105.990700 104.117400 106.274269 105.049583
108.401400 103.830100 108.717583 104.775917
110.756600 103.530500 111.104172 104.476677
113.078300 103.210700 113.436508 104.145531
115.356600 102.887000 115.736450 103.821877
117.639100 102.533100 118.038139 103.478043
119.873200 102.178000 120.287415 103.113327
122.079200 101.811900 122.514122 102.740112
124.272600 101.407700 124.722031 102.365669
126.424700 100.975200 126.895920 101.943260
128.537100 100.456100 129.014145 101.418083
130.617700 99.856810 131.104889 100.805161
132.667800 99.216070 133.187958 100.163155
134.687400 98.553530 135.214233 99.498482
136.660100 97.926510 137.192734 98.878441
138.607400 97.314350 139.133316 98.278122
140.503400 96.738880 141.031494 97.705811
142.369000 96.204360 142.890198 97.184471
144.202100 95.695640 144.730530 96.692513
145.980300 95.244100 146.503464 96.255455
147.725300 94.841610 148.245407 95.869141
149.451200 94.497860 149.955109 95.530373
151.160400 94.251030 151.663605 95.304893
152.853900 94.142140 153.344696 95.223061
154.532700 94.132680 155.036728 95.229538
156.196500 94.120650 156.702469 95.210793
157.821400 94.007330 158.318039 95.079529
159.401200 93.838200 159.899979 94.901382
160.938600 93.578160 161.446228 94.636467
162.417600 93.276270 162.945145 94.324844
163.854200 92.938740 164.403625 93.976204
165.277700 92.622550 165.826843 93.632912
166.674900 92.299640 167.243622 93.291122
168.125300 91.946090 168.712952 92.917397
169.638900 91.526300 170.223953 92.483604
171.214100 91.062420 171.807953 92.007889
172.836600 90.569120 173.439774 91.494263
174.480800 90.035230 175.105026 90.952026
176.115700 89.513510 176.759491 90.419594
177.736600 89.009020 178.415421 89.909607
179.315600 88.539550 180.027893 89.397118
180.808000 88.123170 181.542007 88.968697
182.185700 87.753480 182.935745 88.575333
183.432400 87.482040 184.171677 88.308495
184.623100 87.293670 185.359741 88.105240
185.803900 87.231550 186.554825 88.021538
186.952000 87.297830 187.621902 88.117447
188.068600 87.451920 188.755966 88.267609
189.154900 87.728640 189.824203 88.526695
190.233600 88.157250 190.934723 88.954903
191.320100 88.781620 191.970169 89.557198
192.410500 89.600550 193.040955 90.360718
193.454200 90.684490 194.104446 91.448135
194.437900 91.988930 195.082291 92.709274
195.378100 93.548950 196.024216 94.240395
196.271500 95.327110 196.896362 95.999207
197.137400 97.277400 197.791550 97.948952
197.949900 99.411050 198.625610 100.085426
198.716100 101.702700 199.400772 102.385468
199.516800 104.092500 200.220047 104.775276
200.371000 106.590800 201.069992 107.274582
201.252400 109.169500 201.956207 109.857346
202.151000 111.754400 202.863174 112.449760
203.059200 114.350500 203.774216 115.059006
203.983900 117.000400 204.698166 117.696640
204.857600 119.562000 205.601639 120.322990
205.735000 122.179100 206.485428 122.959160
206.598600 124.790300 207.368149 125.584999
207.440900 127.377400 208.221329 128.179962
208.242800 129.908400 209.034973 130.725143
208.997300 132.350000 209.804047 133.175354
209.687300 134.653600 210.502197 135.484222
210.315800 136.812600 211.150558 137.665497
210.853400 138.781000 211.685623 139.627213
211.314900 140.528100 212.163071 141.390625
211.724000 142.072000 212.584000 142.933029
212.087800 143.489600 212.945511 144.347229
212.418900 144.848700 213.276566 145.702896
212.644500 146.170800 213.515533 147.027969
212.735200 147.467000 213.602356 148.334717
212.655400 148.727700 213.537720 149.503052
212.394800 149.931200 213.289764 150.653198
211.967700 151.060900 212.890335 151.732956
211.327800 152.041400 212.299332 152.723679
210.570500 152.900300 211.581421 153.597656
209.690200 153.609600 210.674377 154.226486
208.709700 154.127900 209.729233 154.724197
207.628600 154.446600 208.686203 155.076324
206.514300 154.663600 207.608673 155.286194
205.342600 154.839800 206.456497 155.462067
204.054700 154.916400 205.213181 155.571579
202.653200 155.003000 203.809418 155.677490
201.071000 155.004800 202.221741 155.697739
199.317900 154.934200 200.452682 155.646179
197.401000 154.857200 198.496841 155.581528
195.316900 154.772000 196.390182 155.504242
193.070500 154.750200 194.117401 155.498581
190.668800 154.808600 191.685562 155.574112
188.123400 154.966400 189.105423 155.725510
185.505500 155.209900 186.460938 155.974564
182.877200 155.502600 183.821854 156.256027
180.229400 155.806300 181.158112 156.564896
177.558300 156.111000 178.467285 156.886032
174.880600 156.428400 175.770126 157.215622
172.210900 156.745600 173.096512 157.547119
169.531800 157.057600 170.399185 157.861710
166.857300 157.367500 167.725525 158.172211
164.166400 157.687700 165.046539 158.487244
161.543900 158.015100 162.390793 158.815781
158.917500 158.348300 159.745087 159.144958
156.307000 158.685700 157.106171 159.482498
153.701700 159.029500 154.476822 159.827713
151.074500 159.379400 151.833054 160.177048
148.417600 159.744000 149.139801 160.533615
145.726100 160.131500 146.458145 160.911285
143.006700 160.516800 143.728104 161.291504
140.244900 160.894500 140.929001 161.677063
137.441200 161.249200 138.104736 162.017746
134.595200 161.560200 135.228714 162.325150
131.711200 161.840600 132.334061 162.603745
128.789000 162.129400 129.392456 162.897324
125.847000 162.402500 126.423759 163.171738
122.922800 162.662800 123.471062 163.443893
120.011500 162.917000 120.542862 163.708069
117.096200 163.164900 117.612221 163.965500
114.183400 163.417600 114.690720 164.229492
111.271300 163.676400 111.764748 164.492844
108.360000 163.930000 108.838997 164.756683
105.444700 164.185400 105.910492 165.025589
102.540700 164.434900 102.987625 165.283524
99.644400 164.672400 100.092041 165.525711
96.744730 164.928100 97.174904 165.788223
93.849290 165.223100 94.263954 166.085190
90.952140 165.530200 91.349182 166.393219
88.065380 165.851200 88.435028 166.724152
85.150470 166.191600 85.501587 167.068268
82.242610 166.531500 82.552666 167.404221
79.311830 166.862600 79.588669 167.744141
76.393260 167.201900 76.638573 168.065964
73.438700 167.538900 73.669876 168.406418
70.485150 167.863400 70.688301 168.727631
67.519840 168.167700 67.691910 169.032806
64.540850 168.441900 64.682487 169.310349
61.540400 168.697200 61.650463 169.568741
58.537190 168.941400 58.628174 169.818878
55.533930 169.185000 55.590683 170.078491
52.543330 169.420200 52.592518 170.316345
49.571870 169.640200 49.606575 170.540604
46.635500 169.839600 46.654911 170.735260
43.710130 170.017100 43.724495 170.919571
40.823360 170.176600 40.810062 171.085220
37.953040 170.328300 37.936905 171.241440
35.132860 170.473500 35.118099 171.399918
32.385260 170.602800 32.327499 171.564545
29.704360 170.713400 29.651329 171.677017
27.093420 170.807100 27.025717 171.784546
24.583170 170.877300 24.510954 171.877914
22.209330 170.937800 22.128349 171.962250
19.944280 171.027800 19.851379 172.073242
17.748010 171.142200 17.615599 172.202713
15.606760 171.273100 15.434579 172.346146
13.545460 171.403600 13.359701 172.476486
11.568070 171.540200 11.367562 172.621231
9.709170 171.687300 9.499226 172.769394
7.998637 171.853700 7.780859 172.932434
6.432635 172.024100 6.192676 173.096115
4.995356 172.227700 4.728253 173.288406
3.674361 172.460800 3.395192 173.520920
2.475555 172.738700 2.171037 173.801239
1.394096 173.060700 1.086746 174.122940
0.435287 173.448800 0.097542 174.510086
-0.481995 173.905100 -0.775166 174.936783
-1.324858 174.456900 -1.647490 175.468964
-2.065394 175.091700 -2.401115 176.085007
-2.762100 175.808500 -3.081415 176.781876
-3.408457 176.720100 -3.739625 177.675507
-3.994755 177.763900 -4.304659 178.717850
-4.506015 178.951500 -4.821452 179.914444
-4.930925 180.367000 -5.244200 181.318481
-5.212692 181.952900 -5.515485 182.919083
-5.351521 183.714600 -5.643360 184.708755
-5.392321 185.625500 -5.670486 186.625305
-5.387940 187.682900 -5.654074 188.701706
-5.372151 189.871900 -5.625849 190.907074
-5.386586 192.193400 -5.631046 193.237900
-5.406023 194.585200 -5.659346 195.651642
-5.440439 197.017600 -5.694546 198.104187
-5.475977 199.456500 -5.747283 200.555115
-5.514842 201.934200 -5.791204 203.052948
-5.560062 204.406700 -5.845293 205.522415
-5.616804 206.863600 -5.915668 207.988602
-5.692115 209.294100 -6.004886 210.436630
-5.775682 211.678200 -6.089466 212.807617
-5.860771 213.990100 -6.189629 215.123138
-5.940900 216.159300 -6.270339 217.287933
-6.023283 218.169400 -6.360781 219.300674
-6.114588 220.000600 -6.454176 221.124512
-6.209081 221.641100 -6.551759 222.766617
-6.290085 223.094700 -6.636836 224.232956
-6.323739 224.427000 -6.673777 225.596527
-6.274326 225.732300 -6.626912 226.906387
-6.132258 226.985000 -6.478088 228.179977
-5.842543 228.167200 -6.182971 229.353546
-5.392446 229.278300 -5.737006 230.456116
-4.842747 230.275700 -5.209305 231.475388
-4.162700 231.192700 -4.534342 232.384750
-3.339169 232.032200 -3.696546 233.251587
-2.397566 232.795000 -2.721858 234.030167
-1.278517 233.345000 -1.615962 234.572830
0.002398 233.849400 -0.316157 235.085892
1.451824 234.167300 1.146889 235.404541
3.063341 234.394700 2.794762 235.652756
4.818404 234.521700 4.580232 235.781052
6.718857 234.529500 6.514784 235.795410
8.771869 234.476900 8.584841 235.744598
10.950050 234.353500 10.783047 235.628204
13.283690 234.242600 13.121841 235.526657
15.698180 234.114100 15.538117 235.404663
18.109840 234.011200 17.949173 235.302902
20.538930 233.937000 20.364557 235.223450
23.000350 233.896100 22.808420 235.186737
25.454510 233.895700 25.263844 235.146835
27.927720 233.889300 27.735506 235.120224
30.407900 233.872000 30.224028 235.085297
32.882140 233.853600 32.709435 235.049713
35.338500 233.829000 35.180752 235.010803
37.779520 233.790500 37.633583 234.951462
40.179400 233.727500 40.044960 234.874649
42.552300 233.662400 42.429886 234.791977
44.907840 233.595600 44.823723 234.725967
47.226940 233.520600 47.155880 234.641800
49.522840 233.434600 49.466393 234.548615
51.803140 233.370200 51.780231 234.474976
54.049950 233.306500 54.025330 234.386795
56.280590 233.226500 56.252132 234.293716
58.445580 233.147900 58.446678 234.216599
60.619970 233.086700 60.622200 234.155823
62.750480 233.037500 62.763912 234.097046
64.846290 232.998000 64.886711 234.057190
66.907940 232.934300 66.939697 233.978836
68.927460 232.866900 68.963120 233.904831
70.887740 232.814900 70.917770 233.844635
72.825750 232.758300 72.844597 233.778366
74.737930 232.699000 74.758644 233.724777
76.618370 232.622200 76.656639 233.654999
78.487810 232.513200 78.527367 233.555405
80.415420 232.376500 80.486557 233.431854
82.423060 232.187700 82.498596 233.247559
84.524370 231.969700 84.630775 233.036270
86.709120 231.699600 86.815125 232.764816
89.024130 231.380400 89.144463 232.447540
91.467840 231.021200 91.575699 232.084732
94.024580 230.649200 94.135040 231.714645
96.704300 230.258000 96.854950 231.319626
99.500260 229.890100 99.669907 230.959137
102.390800 229.569300 102.561005 230.634521
105.358500 229.285100 105.526398 230.362396
108.344900 229.013100 108.526802 230.100479
111.363200 228.734900 111.534630 229.825378
114.373200 228.477600 114.546402 229.571060
117.360000 228.229400 117.548889 229.325378
120.339400 228.001300 120.529778 229.100311
123.309400 227.796900 123.499802 228.915619
126.241200 227.623100 126.452538 228.739975
129.151600 227.477500 129.374634 228.590347
132.012600 227.318900 132.251907 228.428192
134.854400 227.154700 135.100967 228.265930
137.658300 226.984100 137.898270 228.087280
140.441600 226.780700 140.699234 227.878540
143.209300 226.535400 143.480377 227.638290
145.977400 226.238300 146.274841 227.339096
148.746000 225.862600 149.074768 226.954926
151.518600 225.402500 151.853607 226.506180
154.265800 224.858900 154.622131 225.956207
157.017900 224.208100 157.398117 225.301514
159.770300 223.494500 160.192322 224.574051
162.519400 222.782200 162.959961 223.871109
165.292700 222.111000 165.746399 223.200424
168.051700 221.507000 168.513733 222.602585
170.813300 220.973200 171.300751 222.060837
173.565300 220.491000 174.063202 221.579819
176.245800 220.043100 176.768646 221.146194
178.818800 219.633700 179.360489 220.727356
181.257200 219.251600 181.799271 220.335434
183.679400 218.884000 184.234085 219.938950
186.086900 218.497600 186.687836 219.537003
188.454700 218.100200 189.068237 219.125870
190.804000 217.716300 191.412735 218.733307
193.140800 217.373500 193.743607 218.391556
195.432100 217.054600 196.053101 218.076477
197.727600 216.759200 198.345749 217.771027
199.972100 216.485600 200.594513 217.488464
202.098700 216.237900 202.735519 217.239746
204.042400 215.996300 204.702927 217.000900
205.749800 215.775100 206.423141 216.789276
207.241200 215.583400 207.925735 216.619293
208.613300 215.379500 209.306229 216.433319
209.946100 215.165400 210.616318 216.241898
211.132200 214.943200 211.829315 216.035461
212.136600 214.744800 212.831055 215.858063
213.062500 214.534600 213.763321 215.676071
213.959300 214.314400 214.668747 215.480713
214.824000 214.088800 215.546783 215.284195
215.687900 213.834700 216.427948 215.043304
216.575000 213.526600 217.330780 214.748169
217.490900 213.157600 218.300537 214.391968
218.457300 212.700900 219.279480 213.928558
219.480700 212.125200 220.315536 213.361282
220.511700 211.370900 221.406998 212.599411
221.550800 210.459100 222.462509 211.670090
222.555600 209.363300 223.490555 210.554169
223.474400 208.082600 224.427338 209.251419
224.312800 206.641100 225.286194 207.764847
225.044800 205.038200 226.040802 206.094269
225.610700 203.260200 226.622726 204.262833
225.969900 201.350200 227.018784 202.321548
226.110100 199.367200 227.146515 200.303726
226.043000 197.305000 227.078125 198.191956
225.807700 195.159800 226.836334 196.027908
225.430000 192.956900 226.466400 193.837265
224.916600 190.707600 225.952911 191.586670
224.270500 188.432400 225.315369 189.283737
223.514900 186.121900 224.568405 186.971008
222.660400 183.771100 223.704559 184.585678
221.783100 181.391000 222.838928 182.194382
220.891900 178.998600 221.936035 179.763931
220.021400 176.587400 221.075821 177.350372
219.223500 174.200300 220.299850 174.951996
218.482200 171.834800 219.553818 172.557159
217.818500 169.568700 218.891449 170.271317
217.216600 167.458800 218.293335 168.145355
216.650700 165.491600 217.731689 166.183823
216.110800 163.682800 217.200287 164.361298
215.577800 162.017400 216.670883 162.658051
214.999400 160.430000 216.080688 161.045456
214.344800 158.975700 215.422333 159.600830
213.573800 157.662600 214.658707 158.256989
212.660500 156.532700 213.761307 157.155899
211.582500 155.560200 212.725815 156.204819
210.426600 154.805400 211.544754 155.427628
209.163000 154.246200 210.268097 154.877075
207.764200 153.857100 208.884079 154.488007
206.280800 153.652300 207.400360 154.289398
204.678000 153.573200 205.786835 154.189362
202.976300 153.576200 204.063324 154.212479
201.140400 153.649700 202.237473 154.284943
199.175800 153.795100 200.254471 154.449753
197.094000 154.001100 198.161453 154.656723
194.884400 154.205500 195.949005 154.875183
192.560300 154.427500 193.603546 155.101837
190.124200 154.677200 191.142410 155.351654
187.577500 154.946500 188.570831 155.624664
184.929000 155.250800 185.901031 155.936874
182.198300 155.594600 183.172012 156.281158
179.402300 155.944800 180.350494 156.632767
176.570000 156.287200 177.491959 156.990143
173.734500 156.623600 174.631104 157.335251
170.901000 156.954000 171.772827 157.680969
168.081500 157.295300 168.931686 158.037369
165.284900 157.640900 166.139374 158.392838
162.507400 157.987500 163.352692 158.733780
159.747400 158.333400 160.572708 159.081558
156.984600 158.680600 157.797440 159.432144
154.216200 159.032100 154.990143 159.788177
151.439500 159.399800 152.202118 160.157974
148.640500 159.792600 149.390106 160.554840
145.813800 160.206400 146.566605 160.963120
142.963600 160.610300 143.701813 161.368027
140.057000 160.997100 140.769409 161.751068
137.092200 161.347900 137.775085 162.101639
134.059200 161.649400 134.731232 162.405334
130.993600 161.935400 131.644836 162.687042
127.858900 162.233700 128.488144 162.983719
124.683800 162.520100 125.279785 163.266663
121.492100 162.798700 122.062576 163.551086
118.297400 163.082000 118.840515 163.832901
115.103400 163.377800 115.631737 164.123581
111.913100 163.672600 112.425430 164.422318
108.723500 163.966800 109.213852 164.716629
105.531500 164.253700 106.002693 165.001099
102.343500 164.537500 102.792862 165.286011
99.161640 164.825900 99.605270 165.582687
95.959550 165.164700 96.386086 165.916702
92.746890 165.547500 93.160217 166.295837
89.526460 165.956000 89.913834 166.705627
86.297890 166.381500 86.655060 167.142273
83.033610 166.817100 83.364822 167.577759
79.736970 167.238800 80.035484 168.009644
76.427180 167.629500 76.700119 168.394943
73.050320 167.986400 73.309334 168.756302
69.640860 168.315400 69.869339 169.092560
66.194370 168.637100 66.379341 169.424316
62.710330 168.931500 62.862694 169.727386
59.214430 169.199600 59.346352 170.001785
55.734640 169.446800 55.834145 170.253876
52.271980 169.681900 52.357510 170.490524
48.833520 169.903400 48.892857 170.714981
45.431860 170.116400 45.462620 170.937988
42.051610 170.315300 42.065750 171.134964
38.742450 170.482700 38.739666 171.309860
35.535340 170.629700 35.510998 171.459213
32.460880 170.758300 32.416977 171.602982
29.526980 170.862700 29.473192 171.710449
26.736320 170.955000 26.666954 171.815781
24.096640 171.032400 24.020390 171.897415
21.599520 171.132300 21.513161 171.999084
19.316590 171.344600 19.091949 172.159485
17.201760 171.658400 16.762276 172.404205
15.089840 171.971500 14.548419 172.719727
12.980420 172.284000 12.462028 173.079742
10.872410 172.596000 10.471554 173.448898
8.838192 172.907600 8.603985 173.782547
7.132350 173.177000 6.886440 174.049835
5.611287 173.387400 5.355006 174.265274
4.309371 173.544500 4.041007 174.421555
3.237420 173.651900 2.955140 174.541534
2.375838 173.729600 2.085591 174.626434
1.679549 173.799100 1.384429 174.697952
1.056923 173.859600 0.768231 174.749451
0.465217 173.909300 0.165070 174.809067
-0.128030 173.962400 -0.440185 174.851959
-0.720230 174.003300 -1.033100 174.893478
-1.330594 174.023800 -1.644756 174.915649
-2.080426 174.055200 -2.386232 174.949829
-2.997577 174.094600 -3.303708 174.984344
-4.098643 174.120700 -4.409123 175.012054
-5.416520 174.168000 -5.740031 175.059326
-6.936037 174.228300 -7.262678 175.125107
-8.609358 174.340400 -8.944304 175.250214
-10.463980 174.413000 -10.800143 175.325729
-12.494230 174.495000 -12.840050 175.431351
-14.662590 174.544200 -15.016635 175.489655
-17.028510 174.612700 -17.381620 175.560760
-19.515490 174.656900 -19.879488 175.608414
-22.153150 174.694500 -22.532494 175.658981
-24.891700 174.736800 -25.294392 175.726883
-27.728470 174.787700 -28.143856 175.787537
-30.668830 174.869400 -31.108154 175.881989
-33.671140 174.970100 -34.134449 175.983826
-36.734690 175.074800 -37.207375 176.095535
-39.843610 175.165700 -40.339024 176.182480
-43.001160 175.252500 -43.512207 176.271713
-46.184910 175.351700 -46.686031 176.369553
-49.374400 175.443100 -49.891850 176.462265
-52.557440 175.526000 -53.082447 176.537292
-55.757590 175.616000 -56.278912 176.624863
-58.925860 175.702900 -59.454380 176.705032
-62.130070 175.804700 -62.651199 176.804901
-65.328080 175.907300 -65.839363 176.911896
-68.537660 176.003100 -69.052872 176.996185
-71.749230 176.080900 -72.267769 177.072418
-74.976500 176.145900 -75.509613 177.138519
-78.208790 176.218000 -78.768204 177.204361
-81.447070 176.257900 -82.009911 177.245850
-84.692180 176.290600 -85.284065 177.281693
-87.936790 176.288700 -88.544716 177.280197
-91.211290 176.258400 -91.828300 177.250534
-94.484440 176.204800 -95.107155 177.200897
-97.757000 176.121600 -98.413269 177.146362
-101.045200 176.004400 -101.720192 177.051743
-104.339000 175.862100 -105.040367 176.930893
-107.640300 175.694600 -108.344940 176.785812
-110.948600 175.520500 -111.630096 176.624481
-114.267700 175.326000 -114.992859 176.452911
-117.598500 175.123100 -118.296555 176.250656
-120.942600 174.923200 -121.673401 176.064453
-124.293900 174.718800 -125.018890 175.866806
-127.663000 174.505900 -128.394974 175.656204
-131.048900 174.295300 -131.798264 175.456512
-134.443100 174.072500 -135.188934 175.241821
-137.847200 173.848200 -138.594360 175.015564
-141.262000 173.635000 -142.044189 174.809235
-144.675300 173.415500 -145.476028 174.594742
-148.093400 173.189000 -148.882019 174.371338
-151.506600 172.967300 -152.303864 174.166550
-154.901800 172.728300 -155.691147 173.945938
-158.292900 172.494700 -159.085251 173.723480
-161.632200 172.250400 -162.400589 173.497528
-164.974900 172.022600 -165.758392 173.288269
-168.236000 171.803200 -169.033844 173.087143
-171.502400 171.597000 -172.319855 172.902832
-174.668300 171.359900 -175.485886 172.686218
-177.746400 171.132500 -178.584961 172.453110
-180.803200 170.903300 -181.650635 172.234055
-183.778700 170.687800 -184.660416 172.040833
-186.701500 170.475800 -187.606232 171.838547
-189.566000 170.268000 -190.486237 171.638519
-192.391300 170.070600 -193.285477 171.456375
-195.149900 169.858100 -196.058655 171.251556
-197.876000 169.626400 -198.797333 171.033508
-200.552400 169.372500 -201.479004 170.777618
-203.199000 169.063700 -204.118622 170.470596
-205.787000 168.703000 -206.729095 170.117157
-208.326100 168.290400 -209.294983 169.698547
-210.824000 167.881700 -211.855255 169.296844
-213.258300 167.488200 -214.284454 168.932846
-215.584000 167.155500 -216.656494 168.615753
-217.825600 166.951000 -218.915344 168.415283
-219.976700 166.840100 -221.080185 168.318344
-222.030600 166.826400 -223.164764 168.304932
-223.989000 166.912900 -225.154358 168.398636
-225.824600 167.087900 -227.020523 168.578964
-227.550100 167.325800 -228.764618 168.826279
-229.178200 167.608800 -230.398331 169.097168
-230.692700 167.920100 -231.923859 169.400925
-232.121600 168.192100 -233.354080 169.669937
-233.453600 168.409000 -234.676056 169.882889
-234.669500 168.528300 -235.909454 170.023895
-235.786800 168.548000 -237.017426 170.037399
-236.809500 168.431800 -238.034988 169.920959
-237.749100 168.202200 -238.936859 169.680954
-238.622500 167.871000 -239.688080 169.354538
-239.423500 167.439100 -240.394440 168.936462
-240.167900 166.948100 -241.145950 168.462112
-240.836500 166.406300 -241.847488 167.947479
-241.484000 165.802100 -242.558655 167.380463
-242.133500 165.204600 -243.158310 166.825745
-242.760700 164.564800 -243.787140 166.159088
-243.373200 163.846400 -244.413773 165.460281
-243.956600 163.041100 -245.028549 164.663940
-244.490700 162.132200 -245.568161 163.790359
-244.987900 161.116800 -246.072571 162.792236
-245.418700 159.925400 -246.506561 161.595932
-245.815100 158.551700 -246.922775 160.236557
-246.200000 156.991700 -247.322525 158.672379
-246.613900 155.230000 -247.743347 156.912598
-246.967700 153.214300 -248.100662 154.889603
-247.267000 150.943600 -248.400635 152.620010
-247.521500 148.451900 -248.664322 150.113358
-247.763400 145.749400 -248.916168 147.403717
-248.018000 142.841100 -249.179535 144.492386
-248.277200 139.720500 -249.452545 141.350632
-248.523100 136.389500 -249.706039 138.009598
-248.773200 132.870500 -249.964783 134.472824
-249.015800 129.335700 -250.221619 130.938721
-249.218400 125.814900 -250.431213 127.385223
-249.397800 122.286300 -250.622391 123.856880
-249.565200 118.755000 -250.790573 120.310814
-249.697400 115.238200 -250.931686 116.776909
-249.820200 111.741900 -251.066437 113.275368
-249.943300 108.268400 -251.193375 109.801170
-250.044800 104.815000 -251.308487 106.348412
-250.125300 101.386800 -251.392853 102.909134
-250.189300 97.986010 -251.470444 99.506683
-250.244000 94.598780 -251.527786 96.102570
-250.305600 91.259170 -251.585907 92.751945
-250.400100 87.936680 -251.697525 89.398399
-250.549700 84.645240 -251.841217 86.074547
-250.690200 81.356670 -251.991898 82.749275
-250.847000 78.103800 -252.164215 79.464943
-251.020300 74.824490 -252.339905 76.180725
-251.181200 71.549630 -252.504166 72.886810
-251.353200 68.299410 -252.671631 69.611000
-251.504400 65.068130 -252.828125 66.354477
-251.635100 61.852520 -252.968338 63.087734
-251.747700 58.661860 -253.088287 59.871609
-251.845300 55.489840 -253.186844 56.696396
-251.935900 52.343660 -253.286301 53.556625
-252.030900 49.220080 -253.390503 50.417469
-252.144000 46.116710 -253.508728 47.319103
-252.285100 43.039160 -253.667465 44.248592
-252.447800 39.988030 -253.825897 41.208920
-252.625400 36.956390 -254.009186 38.191769
-252.810700 33.954820 -254.202789 35.185978
-252.984400 30.978070 -254.375961 32.221703
-253.097600 28.028950 -254.484222 29.274817
-253.116300 25.101150 -254.506668 26.346615
-253.041100 22.203360 -254.439301 23.457266
-252.848100 19.324220 -254.258011 20.568056
-252.488000 16.480910 -253.912674 17.749559
-251.943700 13.650460 -253.374847 14.888946
-251.206200 10.846250 -252.673294 12.112205
-250.269300 8.064427 -251.743622 9.344273
-249.119400 5.314832 -250.618057 6.594843
-247.746000 2.616861 -249.264755 3.911355
-246.166100 -0.017969 -247.721802 1.290900
-244.406300 -2.619939 -245.991516 -1.279556
-242.507000 -5.201607 -244.089600 -3.895125
-240.543700 -7.805212 -242.125580 -6.507283
-238.527600 -10.441420 -240.103455 -9.164194
-236.482900 -13.102670 -238.067429 -11.837183
-234.463000 -15.778320 -236.036346 -14.543437
-232.508700 -18.481870 -234.061813 -17.289154
-230.631700 -21.211600 -232.175232 -20.044189
-228.850200 -23.973140 -230.387024 -22.829851
-227.120500 -26.731510 -228.644211 -25.609613
-225.420200 -29.466820 -226.942291 -28.364094
-223.756600 -32.175260 -225.269043 -31.095362
-222.113500 -34.852880 -223.620224 -33.783024
-220.503000 -37.487790 -221.997833 -36.439064
-218.945600 -40.020000 -220.429642 -38.997490
-217.473700 -42.350380 -218.955231 -41.333473
-216.081800 -44.449900 -217.570099 -43.430145
-214.778200 -46.310220 -216.261612 -45.303970
-213.569900 -47.963370 -215.066025 -46.952942
-212.469800 -49.406600 -213.953979 -48.418026
-211.402700 -50.703570 -212.887115 -49.735222
-210.350300 -51.866650 -211.840347 -50.896690
-209.329000 -52.882180 -210.841553 -51.909275
-208.342100 -53.712810 -209.885040 -52.753372
-207.433900 -54.314810 -208.989685 -53.338451
-206.639200 -54.750770 -208.200287 -53.793835
-205.846700 -55.112410 -207.406631 -54.159683
-205.046500 -55.376850 -206.664932 -54.416943
-204.238300 -55.572130 -205.843033 -54.619720
-203.340400 -55.720010 -204.955978 -54.782455
-202.343700 -55.812630 -203.979752 -54.883671
-201.230000 -55.831900 -202.888885 -54.891979
-199.966900 -55.727910 -201.612442 -54.802998
-198.511800 -55.515700 -200.175201 -54.614868
-196.896300 -55.177990 -198.540924 -54.284031
-195.101200 -54.675310 -196.729889 -53.799862
-193.144500 -53.980020 -194.783661 -53.113884
-191.089500 -53.059560 -192.761993 -52.209011
-188.959500 -51.870660 -190.628616 -51.044979
-186.748300 -50.457590 -188.401794 -49.666943
-184.446800 -48.882240 -186.062317 -48.094090
-181.997000 -47.211720 -183.617249 -46.459278
-179.497700 -45.532110 -181.051727 -44.751057
-176.845100 -43.764640 -178.356033 -42.998955
-174.079200 -41.951340 -175.559891 -41.186901
-171.182700 -40.094050 -172.617386 -39.321739
-168.181500 -38.252180 -169.564987 -37.477398
-165.080700 -36.437440 -166.415009 -35.659065
-161.936900 -34.664440 -163.245361 -33.892990
-158.730900 -32.961050 -160.001099 -32.202896
-155.498500 -31.326070 -156.724426 -30.562681
-152.284900 -29.754520 -153.476654 -28.988199
-149.069300 -28.182760 -150.226028 -27.423124
-145.857700 -26.612150 -146.983475 -25.864855
-142.641000 -25.057000 -143.740204 -24.325768
-139.402500 -23.486330 -140.454941 -22.759441
-136.173000 -21.934650 -137.195480 -21.217426
-132.945300 -20.377060 -133.941177 -19.682060
-129.754900 -18.849320 -130.732803 -18.171011
-126.594800 -17.311780 -127.553650 -16.638931
-123.481600 -15.777190 -124.409668 -15.098096
-120.382000 -14.275260 -121.263908 -13.579679
-117.290900 -12.878730 -118.149498 -12.190276
-114.140500 -11.587510 -114.958321 -10.907835
-110.985900 -10.399830 -111.764801 -9.716383
-107.823700 -9.243398 -108.581253 -8.575403
-104.639900 -8.124757 -105.356018 -7.443915
-101.445300 -7.020636 -102.133987 -6.342553
-98.266820 -5.927679 -98.920624 -5.264452
-95.057020 -4.924307 -95.672058 -4.273567
-91.816180 -3.988153 -92.399178 -3.358704
-88.560330 -3.139167 -89.111908 -2.531180
-85.275670 -2.357662 -85.776466 -1.764016
-81.984180 -1.642797 -82.432175 -1.036808
-78.695610 -0.956720 -79.139664 -0.394847
-75.422800 -0.300680 -75.848457 0.255343
-72.166360 0.319994 -72.545471 0.870586
-68.928530 0.923302 -69.285133 1.461059
-65.700550 1.500442 -66.048035 2.022361
-62.489590 2.047975 -62.805058 2.563468
-59.295260 2.577472 -59.591942 3.085716
-56.128970 3.091711 -56.402523 3.589792
-52.988540 3.575444 -53.256504 4.072119
-49.868360 4.040344 -50.141567 4.523620
-46.776300 4.464286 -47.032520 4.953006
-43.712180 4.856902 -43.984127 5.343926
-40.666360 5.223322 -40.932549 5.712297
-37.689290 5.564962 -37.947517 6.060445
-34.786240 5.888495 -35.014175 6.392961
-31.996720 6.190015 -32.196564 6.682904
-29.296910 6.465571 -29.468910 6.961492
-26.720990 6.720779 -26.895441 7.203253
-24.320240 6.954131 -24.478825 7.440260
-22.089310 7.159574 -22.214685 7.640566
-20.016680 7.362635 -20.123404 7.838960
-18.106820 7.551445 -18.203760 8.025717
-16.337750 7.702083 -16.396875 8.180832
-14.726050 7.819683 -14.762894 8.310244
-13.313500 7.930153 -13.325493 8.412079
-12.128270 8.022018 -12.112472 8.504092
-11.139240 8.100664 -11.117578 8.579376
-10.287410 8.195045 -10.260250 8.683801
-9.518219 8.309922 -9.494013 8.806719
-8.789252 8.478175 -8.755587 8.981700
-8.149181 8.669320 -8.116129 9.161904
-7.829442 8.769976 -7.806883 9.250363
-7.799252 8.787461 -7.775777 9.257036
-7.813018 8.786625 -7.790766 9.251851
-7.809395 8.788143 -7.788365 9.255326
-7.809451 8.779000 -7.784583 9.253075
-7.809131 8.771007 -7.789039 9.253829
-7.804822 8.762953 -7.784763 9.251504
-7.800766 8.755551 -7.786843 9.253843
-7.795082 8.750163 -7.783170 9.252183
-7.789514 8.745234 -7.791398 9.254106
-7.784930 8.740517 -7.786781 9.253985
-7.780166 8.734843 -7.794231 9.253314
-7.775784 8.730871 -7.787605 9.253179
-7.771600 8.726560 -7.789118 9.252959
-7.768634 8.723581 -7.787116 9.252590
-7.766879 8.721761 -7.790568 9.253726
-7.765762 8.717584 -7.787478 9.253102
-7.763983 8.714586 -7.787210 9.253439
-7.763294 8.713489 -7.792473 9.254123
-7.762963 8.712553 -7.790497 9.254538
-7.763086 8.713488 -7.788377 9.251826
-7.762455 8.714167 -7.789222 9.253586
-7.753295 8.722145 -7.784487 9.254144
-7.717107 8.742340 -7.749279 9.279973
-7.658875 8.770779 -7.674025 9.292495
-7.513039 8.836058 -7.526500 9.344090
-7.175297 8.982757 -7.185872 9.485078
-6.640897 9.236569 -6.647300 9.737340
-5.930743 9.644152 -6.001640 10.079203
-5.120740 10.257790 -5.180129 10.669324
-4.260731 11.080700 -4.333065 11.464735
-3.414512 12.135620 -3.498237 12.493267
-2.599066 13.467900 -2.707498 13.780540
-1.884998 15.083310 -1.979191 15.373907
-1.260100 16.974890 -1.350318 17.247177
-0.766019 19.117060 -0.855847 19.350008
-0.469374 21.489410 -0.569376 21.714329
-0.353107 24.066230 -0.446477 24.256941
-0.356192 26.850340 -0.453176 27.054907
-0.405744 29.836580 -0.507252 30.055573
-0.459357 33.017600 -0.529644 33.265804
-0.512628 36.392400 -0.590640 36.651367
-0.584304 39.835620 -0.651577 40.132313
-0.669138 43.283040 -0.566787 43.772240
-0.775721 46.706780 -0.760242 47.185638
-0.884520 50.132480 -0.887929 50.647804
-0.993630 53.521590 -1.027126 54.086632
-1.089707 56.883700 -1.138252 57.456192
-1.185006 60.248880 -1.251108 60.864948
-1.270319 63.565850 -1.373843 64.192566
-1.374798 66.868940 -1.508716 67.512749
-1.472152 70.155470 -1.625114 70.834679
-1.562229 73.416080 -1.742061 74.111839
-1.660434 76.636610 -1.854468 77.356705
-1.775229 79.852040 -1.975407 80.590958
-1.895797 83.032260 -2.111200 83.792572
-2.017852 86.185380 -2.232035 86.988617
-2.146481 89.329260 -2.368093 90.154854
-2.263400 92.442530 -2.490421 93.286278
-2.372203 95.538220 -2.599728 96.399895
-2.465941 98.605540 -2.696796 99.496300
-2.540211 101.651500 -2.783185 102.554543
-2.582148 104.696700 -2.821635 105.621277
-2.595436 107.674300 -2.837438 108.599297
-2.621977 110.691900 -2.878518 111.603554
-2.648827 113.786700 -2.922669 114.692375
-2.681214 116.967200 -2.961569 117.856232
-2.721440 120.204500 -3.000661 121.094604
-2.774777 123.506700 -3.067608 124.390739
-2.842109 126.902400 -3.136631 127.793922
-2.924595 130.351000 -3.230460 131.240799
-3.024507 133.819600 -3.328241 134.718369
-3.138966 137.262500 -3.445652 138.138947
-3.265946 140.693500 -3.566983 141.579605
-3.389718 144.095500 -3.685996 144.975174
-3.526115 147.467500 -3.817001 148.313568
-3.671472 150.775300 -3.962993 151.604645
-3.794318 154.003900 -4.091341 154.840576
-3.904131 157.172200 -4.188056 158.016769
-3.996788 160.276500 -4.291718 161.148285
-4.071651 163.334000 -4.358722 164.228699
-4.122556 166.368900 -4.426744 167.289597
-4.194278 169.380900 -4.507728 170.329575
-4.264263 172.440400 -4.593498 173.384995
-4.319751 175.547300 -4.672554 176.501205
-4.393173 178.705600 -4.749183 179.685226
-4.501446 181.892900 -4.858995 182.885941
-4.607667 185.156000 -4.964406 186.153000
-4.701222 188.477800 -5.077148 189.530228
-4.806531 191.849500 -5.186336 192.932159
-4.887285 195.207400 -5.281011 196.326599
-4.976513 198.565600 -5.380042 199.707352
-5.057617 201.890800 -5.468899 203.048370
-5.132018 205.179500 -5.561465 206.333939
-5.210165 208.394000 -5.641247 209.559402
-5.281372 211.451500 -5.701857 212.611481
-5.354878 214.365600 -5.773154 215.523758
-5.416052 217.205700 -5.824979 218.353622
-5.469074 220.014000 -5.864925 221.159225
-5.505322 222.798100 -5.891212 223.950180
-5.545023 225.571400 -5.906027 226.750412
-5.563610 228.337300 -5.902241 229.544464
-5.598680 231.130300 -5.933296 232.351822
-5.715519 233.992700 -6.064346 235.170532
-5.886862 236.912900 -6.223458 238.106308
-6.076718 239.911700 -6.415054 241.097763
-6.214931 243.011500 -6.556127 244.201111
-6.364206 246.210000 -6.701897 247.413635
-6.521044 249.542600 -6.839308 250.744934
-6.657659 252.972000 -6.972980 254.185043
-6.794881 256.491900 -7.120153 257.711853
-6.924264 260.026600 -7.252377 261.255219
-7.052122 263.522600 -7.386624 264.772217
-7.164917 266.998200 -7.506366 268.223785
-7.284815 270.457200 -7.635953 271.656525
-7.417194 273.852800 -7.773002 275.035919
-7.523524 277.174400 -7.886508 278.358398
-7.651625 280.358300 -8.007126 281.562164
-7.782923 283.414900 -8.145273 284.645020
-7.918403 286.315200 -8.293018 287.573975
-8.055697 289.119300 -8.434986 290.413910
-8.185460 291.911300 -8.571603 293.225128
-8.314789 294.668400 -8.702523 296.019318
-8.425515 297.433700 -8.828314 298.802368
-8.486769 300.239900 -8.901480 301.609711
-8.528132 303.087600 -8.948180 304.480011
-8.538802 306.012500 -8.981147 307.422852
-8.512542 309.030900 -8.965012 310.434998
-8.446156 312.111900 -8.909072 313.526764
-8.351900 315.297900 -8.821064 316.733490
-8.211642 318.520500 -8.683458 319.978058
-8.031870 321.816300 -8.511190 323.289612
-7.798255 325.179400 -8.277528 326.665131
-7.513710 328.583000 -8.010091 330.063416
-7.227060 332.070400 -7.737956 333.575165
-6.930360 335.644600 -7.453123 337.140106
-6.634241 339.252200 -7.179537 340.741974
-6.353320 342.849100 -6.897541 344.347565
-6.099343 346.409700 -6.645710 347.927002
-5.858059 349.945000 -6.404039 351.485352
-5.647279 353.444000 -6.189906 354.998199
-5.439992 356.885000 -5.982252 358.429779
-5.251048 360.315600 -5.794529 361.869080
-5.098453 363.671600 -5.652331 365.223450
-4.951017 366.989800 -5.510099 368.536163
-4.804541 370.256900 -5.370170 371.798676
