0.000000 0.000000 0.000000 0.000000
-0.041803 3.575628 0.002865 3.600608
-0.083626 7.152769 0.014803 7.201224
-0.125431 10.728320 0.024074 10.777854
-0.167141 14.303480 0.013719 14.372956
-0.208176 17.881040 0.001394 17.939964
-0.253156 21.464680 -0.030967 21.557892
-0.307115 25.046840 -0.070283 25.144487
-0.367798 28.637120 -0.107715 28.722729
-0.435716 32.231930 -0.157916 32.314156
-0.509819 35.812560 -0.209477 35.905384
-0.590462 39.405490 -0.268519 39.514244
-0.675668 42.995920 -0.331722 43.108398
-0.761728 46.596120 -0.386836 46.729389
-0.822002 50.203480 -0.413927 50.362587
-0.875378 53.811250 -0.437473 53.976582
-0.933231 57.427770 -0.466572 57.593315
-1.006715 61.042090 -0.518225 61.204365
-1.078473 64.647550 -0.567649 64.812469
-1.157680 68.241070 -0.628381 68.411690
-1.243226 71.816000 -0.695612 71.988434
-1.310252 75.365540 -0.749501 75.532845
-1.337950 78.894600 -0.749913 79.068657
-1.335651 82.399130 -0.735840 82.573311
-1.292993 85.876960 -0.674729 86.072700
-1.216671 89.333360 -0.584869 89.531647
-1.101750 92.791290 -0.455670 93.014343
-0.953966 96.255380 -0.299375 96.494942
-0.782045 99.739680 -0.117276 99.991394
-0.607718 103.278800 0.055803 103.549438
-0.448327 106.867200 0.208626 107.155556
-0.329075 110.491600 0.329335 110.780586
-0.253779 114.142500 0.418369 114.431694
-0.232571 117.811600 0.430612 118.106911
-0.256232 121.501300 0.407459 121.831459
-0.297015 125.224100 0.370492 125.577522
-0.353204 128.969900 0.339538 129.336273
-0.397623 132.733500 0.302410 133.127533
-0.443887 136.522600 0.266055 136.940002
-0.490815 140.330600 0.225727 140.779449
-0.550146 144.153000 0.179451 144.602478
-0.601569 147.961100 0.143383 148.436203
-0.649286 151.756200 0.107594 152.256104
-0.703475 155.553300 0.073711 156.077789
-0.758140 159.342200 0.032849 159.882050
-0.821014 163.126200 -0.021149 163.689194
-0.891591 166.914300 -0.071714 167.501038
-0.968255 170.704700 -0.135899 171.321960
-1.053647 174.498300 -0.207762 175.126648
-1.140940 178.289100 -0.295387 178.905609
-1.220912 182.072200 -0.359305 182.704147
-1.311919 185.843100 -0.448256 186.475021
-1.400872 189.585600 -0.527741 190.220688
-1.482347 193.303500 -0.608679 193.959076
-1.543340 196.981600 -0.671058 197.637802
-1.593225 200.619200 -0.719649 201.295456
-1.629855 204.203300 -0.753564 204.879166
-1.655974 207.709400 -0.789550 208.411240
-1.680916 211.093700 -0.806004 211.798523
-1.717659 214.345300 -0.835595 215.050613
-1.758097 217.485400 -0.867453 218.211975
-1.820190 220.495000 -0.917719 221.229553
-1.900504 223.322800 -0.993719 224.063171
-1.999321 225.946200 -1.090522 226.711121
-2.113952 228.382000 -1.204138 229.149155
-2.215172 230.657700 -1.306657 231.429764
-2.309140 232.838300 -1.395338 233.619919
-2.389577 234.991500 -1.472456 235.774750
-2.458270 237.111600 -1.534587 237.894714
-2.501543 239.199900 -1.575215 239.996857
-2.528203 241.263900 -1.595586 242.073166
-2.543393 243.355900 -1.604729 244.163712
-2.546619 245.471500 -1.597910 246.295837
-2.542056 247.635900 -1.573551 248.465652
-2.540944 249.857300 -1.562558 250.683197
-2.529475 252.145000 -1.523701 252.968674
-2.522827 254.510700 -1.520148 255.347168
-2.495854 256.929600 -1.468276 257.797424
-2.426274 259.429500 -1.382836 260.317322
-2.347909 261.939800 -1.292811 262.835327
-2.249292 264.463100 -1.170175 265.389954
-2.120601 266.988600 -1.033564 267.954834
-1.972336 269.529300 -0.868531 270.516571
-1.829452 272.089100 -0.713254 273.119080
-1.700845 274.651100 -0.569502 275.713806
-1.585579 277.203700 -0.447265 278.281433
-1.489305 279.735400 -0.340084 280.820740
-1.431895 282.203100 -0.275574 283.311951
-1.411252 284.555300 -0.243800 285.678070
-1.423417 286.744000 -0.241374 287.873291
-1.477649 288.751100 -0.288086 289.878998
-1.597157 290.628100 -0.394905 291.755646
-1.834488 292.379000 -0.622822 293.494690
-2.209538 293.998100 -0.979494 295.103821
-2.739392 295.466700 -1.487504 296.582153
-3.425572 296.782800 -2.139442 297.822449
-4.268559 297.943900 -2.979043 298.983551
-5.270323 298.869400 -3.952900 299.907135
-6.404391 299.609200 -5.062322 300.609680
-7.620091 300.061900 -6.235118 301.035400
-8.849753 300.287300 -7.409941 301.286713
-10.136050 300.271200 -8.635347 301.266266
-11.487940 299.994100 -9.954600 300.998138
-12.859800 299.433800 -11.302080 300.452332
-14.212510 298.521900 -12.546649 299.618896
-15.569170 297.360100 -13.922227 298.438354
-16.903920 295.876600 -15.189020 296.978851
-18.123430 294.046700 -16.410759 295.159302
-19.213810 291.862500 -17.471758 293.025482
-20.129220 289.390500 -18.351028 290.577423
-20.811550 286.620800 -18.968430 287.837616
-21.226910 283.593100 -19.362474 284.838165
-21.383580 280.311200 -19.523323 281.592682
-21.289760 276.829500 -19.427719 278.108582
-21.001900 273.207500 -19.142456 274.440308
-20.665910 269.427900 -18.791325 270.602203
-20.345860 265.509700 -18.487211 266.637726
-20.070850 261.517300 -18.213970 262.600555
-19.855300 257.511300 -18.003643 258.568542
-19.703440 253.474600 -17.857368 254.514252
-19.613680 249.416200 -17.766228 250.415039
-19.551340 245.338200 -17.703274 246.305084
-19.513830 241.222400 -17.672962 242.168411
-19.480990 237.073200 -17.636898 238.012039
-19.430400 232.892800 -17.577606 233.781403
-19.355550 228.687700 -17.485350 229.567139
-19.288210 224.454100 -17.424749 225.327011
-19.214900 220.186300 -17.327621 221.022858
-19.140510 215.891500 -17.260078 216.711105
-19.053200 211.570300 -17.178968 212.372009
-18.960210 207.218600 -17.102360 208.001740
-18.864760 202.831800 -17.012602 203.586914
-18.780810 198.440400 -16.939667 199.169312
-18.697180 194.055600 -16.866095 194.744080
-18.628490 189.691500 -16.812067 190.357452
-18.576860 185.352500 -16.775412 185.988358
-18.533400 181.031600 -16.722956 181.665710
-18.510720 176.750700 -16.698841 177.350647
-18.518290 172.537500 -16.710066 173.118088
-18.551690 168.447100 -16.742989 168.973206
-18.605030 164.539000 -16.802555 165.057953
-18.662110 160.837100 -16.852388 161.320862
-18.717150 157.359800 -16.852030 157.787460
-18.762310 154.117300 -16.890314 154.586349
-18.804370 151.111100 -16.947567 151.534225
-18.837660 148.339300 -16.980307 148.722885
-18.862790 145.753800 -17.003862 146.113647
-18.886270 143.302400 -17.029142 143.655548
-18.908720 140.992900 -17.061514 141.337814
-18.926770 138.765400 -17.090315 139.081070
-18.954640 136.621400 -17.121599 136.901688
-18.979110 134.516900 -17.149454 134.773544
-19.003890 132.428600 -17.186871 132.657974
-19.011690 130.377400 -17.202648 130.568939
-19.029680 128.286700 -17.214136 128.461182
-19.040930 126.090400 -17.242201 126.245636
-19.033980 123.792800 -17.248266 123.928665
-19.007880 121.337200 -17.231108 121.458199
-18.962360 118.740400 -17.207775 118.842987
-18.881640 115.984300 -17.132254 116.085312
-18.762610 113.072100 -17.011433 113.148232
-18.592730 110.010400 -16.853979 110.069695
-18.389740 106.796500 -16.653669 106.842186
-18.187250 103.411100 -16.458014 103.439804
-17.972000 99.881710 -16.260050 99.885246
-17.753740 96.208550 -16.050442 96.179138
-17.543660 92.393230 -15.851739 92.313858
-17.350650 88.454130 -15.657469 88.359978
-17.188340 84.351710 -15.511045 84.234573
-17.048280 80.126460 -15.377912 79.998436
-16.938900 75.757520 -15.297571 75.635620
-16.844870 71.334520 -15.214953 71.183304
-16.779170 66.924620 -15.171248 66.774414
-16.723740 62.522540 -15.129059 62.319695
-16.677280 58.118530 -15.105544 57.903633
-16.622860 53.735190 -15.081547 53.513268
-16.554460 49.366830 -15.034607 49.129032
-16.478250 45.013820 -14.983746 44.736141
-16.401830 40.697890 -14.937765 40.406815
-16.332450 36.396840 -14.901057 36.085129
-16.264000 32.124710 -14.865435 31.791149
-16.212760 27.867600 -14.840254 27.554230
-16.153630 23.646100 -14.806361 23.309105
-16.100440 19.472550 -14.773297 19.104828
-16.057300 15.332990 -14.756317 14.953494
-15.999870 11.221520 -14.728004 10.856770
-15.957640 7.122797 -14.716782 6.724469
-15.925900 3.038918 -14.715487 2.614033
-15.871210 -1.063172 -14.688416 -1.492140
-15.823200 -5.192326 -14.670227 -5.632388
-15.773900 -9.357139 -14.644809 -9.806487
-15.722330 -13.547460 -14.626234 -14.034954
-15.675190 -17.764350 -14.607574 -18.245295
-15.629860 -22.003930 -14.597151 -22.480103
-15.590270 -26.267830 -14.577767 -26.758904
-15.536760 -30.547830 -14.551956 -31.039141
-15.493260 -34.819990 -14.523327 -35.359734
-15.444100 -39.082170 -14.500064 -39.637321
-15.392450 -43.322590 -14.476626 -43.889812
-15.337830 -47.537950 -14.441433 -48.112518
-15.276960 -51.748500 -14.400101 -52.339745
-15.217710 -55.949500 -14.359157 -56.550308
-15.170080 -60.150690 -14.339149 -60.769829
-15.128010 -64.350760 -14.319901 -64.982605
-15.091410 -68.538780 -14.309290 -69.202827
-15.064380 -72.708390 -14.309655 -73.365097
-15.030840 -76.856420 -14.294281 -77.528793
-14.979300 -80.953600 -14.273672 -81.625664
-14.924670 -85.034950 -14.235412 -85.718613
-14.873980 -89.070400 -14.219894 -89.745087
-14.824260 -93.076720 -14.205124 -93.753479
-14.787030 -97.045510 -14.201471 -97.733376
-14.758540 -100.983800 -14.220712 -101.701225
-14.739600 -104.892000 -14.252575 -105.614006
-14.728240 -108.762900 -14.269243 -109.480789
-14.724790 -112.605400 -14.302956 -113.331009
-14.717800 -116.411100 -14.331755 -117.132362
-14.709830 -120.173400 -14.360176 -120.904236
-14.700540 -123.867100 -14.376669 -124.618004
-14.698520 -127.485200 -14.410590 -128.270142
-14.712330 -131.008900 -14.454623 -131.830170
-14.733340 -134.417400 -14.523046 -135.281830
-14.752330 -137.654200 -14.568740 -138.550507
-14.773570 -140.676300 -14.621703 -141.586761
-14.808450 -143.452200 -14.681231 -144.412003
-14.818770 -145.963300 -14.724848 -146.942856
-14.688160 -148.224500 -14.612632 -149.175400
-14.364200 -150.225000 -14.327347 -151.132263
-13.833420 -151.950400 -13.831200 -152.803604
-13.082430 -153.424000 -13.123573 -154.207672
-12.093300 -154.666400 -12.200628 -155.376892
-10.901070 -155.630100 -11.082638 -156.305237
-9.567123 -156.277800 -9.853872 -156.931046
-8.174402 -156.635100 -8.479231 -157.251205
-6.734167 -156.651000 -7.099894 -157.297424
-5.261917 -156.393600 -5.700454 -157.112320
-3.838336 -155.807800 -4.348503 -156.561615
-2.480572 -154.890600 -3.024243 -155.704376
-1.268487 -153.640100 -1.907100 -154.478088
-0.226137 -152.060600 -0.920144 -152.995697
0.552355 -150.216600 -0.117099 -151.183029
1.048250 -148.112500 0.386978 -149.112762
1.348496 -145.760400 0.698127 -146.795944
1.463451 -143.197700 0.818090 -144.231461
1.471319 -140.450900 0.834727 -141.478973
1.499366 -137.518100 0.872467 -138.543854
1.504501 -134.421900 0.886126 -135.427521
1.498560 -131.160300 0.889224 -132.162918
1.470024 -127.744100 0.877543 -128.716934
1.436723 -124.185000 0.861192 -125.124840
1.413177 -120.491700 0.854526 -121.395630
1.405768 -116.657200 0.876141 -117.525101
1.385028 -112.695000 0.871894 -113.515244
1.330549 -108.592800 0.847723 -109.402023
1.259616 -104.367900 0.802332 -105.159531
1.170075 -100.007600 0.735762 -100.749466
1.089274 -95.515710 0.682729 -96.215057
1.009148 -90.982260 0.630801 -91.664551
0.939998 -86.466900 0.584947 -87.116112
0.883448 -81.949500 0.543247 -82.581345
0.838174 -77.439600 0.520460 -78.068039
0.800315 -72.936360 0.502807 -73.555275
0.745043 -68.462600 0.462899 -69.054665
0.694630 -64.005150 0.443050 -64.563889
0.637038 -59.575570 0.409419 -60.093773
0.557118 -55.160600 0.350846 -55.628479
0.456132 -50.778540 0.272508 -51.218544
0.362164 -46.417970 0.198955 -46.818916
0.280628 -42.079120 0.136451 -42.455154
0.202969 -37.762520 0.082745 -38.134106
0.132669 -33.463810 0.034120 -33.807236
0.084829 -29.193990 -0.010510 -29.502167
0.052569 -24.947680 -0.022832 -25.192631
0.032329 -20.738440 -0.022388 -20.939857
0.025161 -16.550260 -0.013314 -16.713295
0.021588 -12.403820 0.003872 -12.526977
-0.000537 -8.285137 0.005932 -8.354888
-0.031141 -4.183286 -0.000130 -4.219564
-0.072897 -0.090700 -0.009522 -0.066898
-0.117565 3.988036 -0.028794 4.040386
-0.160177 8.059835 -0.041485 8.114158
-0.208154 12.123170 -0.062725 12.199425
-0.248220 16.180930 -0.069796 16.288780
-0.283357 20.233300 -0.086110 20.337742
-0.323376 24.273080 -0.107145 24.396811
-0.367457 28.293060 -0.131816 28.416502
-0.413998 32.282480 -0.156882 32.395737
-0.451537 36.243360 -0.167894 36.363216
-0.483912 40.173770 -0.180384 40.316792
-0.534623 44.076020 -0.203505 44.217724
-0.599992 47.961110 -0.233693 48.113136
-0.674006 51.810410 -0.261658 51.979908
-0.762477 55.629480 -0.324498 55.808338
-0.859787 59.434080 -0.391052 59.598030
-0.962179 63.207400 -0.468295 63.379238
-1.068654 66.953700 -0.556021 67.124474
-1.188155 70.668750 -0.646261 70.841309
-1.293464 74.341090 -0.736768 74.515465
-1.359396 77.886940 -0.783092 78.058334
-1.402951 81.267680 -0.816080 81.437820
-1.402636 84.557510 -0.802102 84.743462
-1.391329 87.836530 -0.779659 88.036575
-1.372397 91.075680 -0.738101 91.282204
-1.348852 94.282140 -0.701420 94.506218
-1.346362 97.452060 -0.693337 97.691879
-1.397412 100.636400 -0.728458 100.888535
-1.507808 103.868200 -0.820725 104.157799
-1.686244 107.147500 -0.993164 107.431404
-1.855701 110.482100 -1.158050 110.785538
-1.949092 113.881100 -1.244301 114.174881
-1.940135 117.341400 -1.223924 117.666351
-1.833080 120.865900 -1.109928 121.218712
-1.665951 124.465900 -0.926925 124.838150
-1.454190 128.142800 -0.708598 128.534515
-1.212752 131.910500 -0.448651 132.330078
-0.998254 135.780800 -0.216160 136.229980
-0.860070 139.749100 -0.077850 140.199432
-0.808213 143.817500 -0.017710 144.264938
-0.818199 147.962100 -0.013754 148.453491
-0.863698 152.201700 -0.045836 152.716949
-0.925229 156.508200 -0.101504 157.062363
-1.007339 160.831700 -0.178826 161.408340
-1.112662 165.144700 -0.272722 165.742279
-1.225583 169.454500 -0.393885 170.070587
-1.333194 173.746700 -0.481032 174.396622
-1.427528 178.011200 -0.575789 178.651794
-1.498241 182.250200 -0.635374 182.903931
-1.559212 186.455600 -0.682012 187.111542
-1.603074 190.634400 -0.720560 191.296509
-1.633867 194.776400 -0.733735 195.456604
-1.669867 198.889600 -0.764136 199.576721
-1.705984 202.969800 -0.799618 203.676987
-1.737778 207.012200 -0.839927 207.732712
-1.768399 211.025100 -0.867287 211.763901
-1.802728 214.966700 -0.896616 215.711502
-1.842513 218.742600 -0.945898 219.497681
-1.895168 222.285200 -1.003301 223.061432
-1.971966 225.567200 -1.086266 226.353653
-2.073778 228.574200 -1.195977 229.364792
-2.174190 231.286800 -1.298543 232.084412
-2.280068 233.718900 -1.406157 234.513275
-2.372559 236.037200 -1.499850 236.831177
-2.421540 238.338400 -1.543118 239.151688
-2.457471 240.613800 -1.571631 241.433456
-2.477940 242.858500 -1.572749 243.688965
-2.487604 245.075200 -1.555343 245.918991
-2.497272 247.315700 -1.544415 248.156326
-2.506486 249.599100 -1.536412 250.455032
-2.503453 251.921600 -1.514411 252.774918
-2.498934 254.303700 -1.496831 255.172897
-2.475778 256.706800 -1.457807 257.598785
-2.418788 259.175900 -1.397963 260.084381
-2.357178 261.687800 -1.319894 262.615021
-2.278446 264.282700 -1.235710 265.236694
-2.181048 266.960400 -1.134753 267.944366
-2.072995 269.711700 -1.019258 270.734924
-1.977183 272.515600 -0.910017 273.583130
-1.903306 275.322000 -0.822601 276.411102
-1.860171 278.121700 -0.763094 279.230164
-1.834878 280.906700 -0.725764 282.045319
-1.820378 283.662600 -0.694163 284.811493
-1.821293 286.355900 -0.678299 287.519318
-1.835812 288.890500 -0.674785 290.056152
-1.843827 291.365700 -0.674589 292.525970
-1.840209 293.812200 -0.653822 294.961273
-1.823832 296.231700 -0.619702 297.365265
-1.812035 298.624300 -0.608672 299.732819
