0.000000 0.000000 0.000000 0.000000
-0.017534 0.283467 -0.026008 0.285523
-0.060000 0.627936 -0.079185 0.624644
-0.141534 1.081913 -0.175838 1.074978
-0.293459 1.604140 -0.344732 1.571055
-0.522492 2.173020 -0.586975 2.134181
-0.839493 2.758285 -0.882801 2.682400
-1.242764 3.333105 -1.242100 3.212921
-1.761568 3.880703 -1.716976 3.733512
-2.415527 4.382391 -2.344233 4.239470
-3.215512 4.824434 -3.121651 4.679014
-4.177130 5.153468 -4.056248 4.994567
-5.299329 5.360943 -5.108141 5.205963
-6.558994 5.427674 -6.331494 5.260723
-7.950411 5.389282 -7.725863 5.220741
-9.480377 5.263869 -9.246503 5.096452
-11.152740 5.088360 -10.910333 4.921008
-12.964270 4.901812 -12.738585 4.717606
-14.913410 4.697363 -14.707275 4.513280
-17.004780 4.494630 -16.803209 4.304991
-19.224270 4.290984 -19.030910 4.084136
-21.564480 4.100217 -21.373095 3.888345
-23.969500 3.908970 -23.772301 3.683110
-26.461360 3.716343 -26.269075 3.471661
-28.997620 3.492898 -28.803370 3.247886
-31.515860 3.271990 -31.325371 3.000443
-34.026260 3.051261 -33.816238 2.783672
-36.533450 2.843137 -36.314331 2.564599
-39.049180 2.638855 -38.829086 2.341253
-41.538400 2.436154 -41.306225 2.131304
-44.015190 2.223683 -43.777332 1.910455
-46.483350 2.028253 -46.255108 1.698808
-48.933140 1.820295 -48.668427 1.479435
-51.328710 1.575304 -51.038673 1.230299
-53.701960 1.337479 -53.395676 0.990226
-56.038080 1.110756 -55.723503 0.753055
-58.330390 0.883063 -58.016956 0.518037
-60.536580 0.662366 -60.213112 0.286480
-62.620220 0.461718 -62.306736 0.073196
-64.570470 0.320188 -64.232368 -0.063388
-66.375630 0.255567 -66.052925 -0.140433
-67.990520 0.345560 -67.659622 -0.056665
-69.403760 0.611089 -69.091766 0.189742
-70.681710 1.080744 -70.344704 0.636690
-71.814190 1.753829 -71.465172 1.261327
-72.810710 2.601772 -72.497749 2.120673
-73.659320 3.554385 -73.381851 3.051653
-74.401710 4.718510 -74.133026 4.237592
-75.018160 6.110247 -74.785240 5.661735
-75.539300 7.706095 -75.308449 7.252000
-75.980690 9.486418 -75.751022 9.052781
-76.379030 11.414990 -76.148331 10.998377
-76.702710 13.494070 -76.477905 13.084790
-76.964630 15.687850 -76.768379 15.293359
-77.198810 17.993590 -77.007233 17.590067
-77.402440 20.301510 -77.230728 19.924145
-77.573400 22.614340 -77.416367 22.241440
-77.734200 24.898110 -77.608101 24.502600
-77.908780 27.180670 -77.779449 26.773525
-78.064690 29.440670 -77.930222 29.028576
-78.198100 31.701300 -78.064911 31.281199
-78.346240 34.000930 -78.208786 33.584461
-78.507180 36.347540 -78.361542 35.923527
-78.700400 38.735230 -78.547791 38.317524
-78.895930 41.194680 -78.735786 40.784328
-79.100340 43.724740 -78.940331 43.301968
-79.318630 46.299200 -79.149933 45.873314
-79.508610 48.902070 -79.335228 48.484219
-79.697420 51.529450 -79.512184 51.117359
-79.900390 54.113500 -79.691666 53.715801
-80.092730 56.670630 -79.873756 56.263668
-80.280860 59.213100 -80.051353 58.803570
-80.474010 61.695670 -80.226852 61.290466
-80.696040 64.136290 -80.446335 63.707863
-80.945180 66.559290 -80.698921 66.113541
-81.219160 68.948800 -80.960045 68.515816
-81.542260 71.291910 -81.270187 70.848526
-81.910890 73.584740 -81.607315 73.155594
-82.326990 75.851980 -81.979965 75.439613
-82.765640 78.069230 -82.395813 77.657974
-83.284090 80.280970 -82.882866 79.843849
-83.856430 82.430700 -83.457893 81.988373
-84.492780 84.584160 -84.104034 84.146835
-85.212300 86.715560 -84.840614 86.262634
-85.996320 88.820790 -85.614899 88.367699
-86.860390 90.918090 -86.461235 90.467041
-87.802500 93.003510 -87.383430 92.561287
-88.749010 95.068170 -88.297424 94.637367
-89.747960 97.163510 -89.295319 96.742752
-90.774930 99.219550 -90.307037 98.817780
-91.840000 101.277400 -91.368965 100.885506
-92.914780 103.296100 -92.428459 102.907639
-94.015070 105.267400 -93.493309 104.900398
-95.123350 107.187800 -94.579041 106.829781
-96.223200 109.067700 -95.645424 108.704178
-97.263380 110.813500 -96.660164 110.460846
-98.241750 112.423300 -97.619247 112.082001
-99.124850 113.865700 -98.483353 113.535004
-99.918840 115.113700 -99.308075 114.767975
-100.633200 116.204600 -99.990364 115.886780
-101.305600 117.126600 -100.637955 116.825325
-101.873900 117.899200 -101.196976 117.555573
-102.405300 118.508600 -101.701340 118.183563
-102.901800 118.981600 -102.169235 118.663292
-103.418300 119.366800 -102.657318 119.064346
-103.954800 119.734800 -103.152672 119.416702
-104.533600 120.029100 -103.705124 119.729187
-105.136200 120.256600 -104.272537 119.968895
-105.801600 120.452000 -104.868927 120.145187
-106.640800 120.599400 -105.658424 120.307556
-107.630100 120.643400 -106.589912 120.359154
-108.711300 120.530800 -107.638763 120.288483
-109.893600 120.252600 -108.812668 119.987053
-111.159800 119.776100 -110.109665 119.520309
-112.496700 119.062200 -111.411919 118.838127
-113.898700 118.106700 -112.815117 117.906059
-115.384500 116.988900 -114.260376 116.845314
-116.978000 115.737300 -115.843048 115.618187
-118.659900 114.366200 -117.507416 114.285553
-120.438900 112.893300 -119.309708 112.828033
-122.328200 111.322200 -121.179062 111.289421
-124.284900 109.650200 -123.194534 109.630524
-126.332000 107.913600 -125.256874 107.940948
-128.461900 106.101400 -127.381371 106.170845
-130.662300 104.214900 -129.622604 104.291718
-132.923400 102.303500 -131.870956 102.407768
-135.189200 100.390400 -134.140808 100.511909
-137.468500 98.469440 -136.430450 98.601021
-139.748000 96.546090 -138.680023 96.729820
-142.020800 94.620440 -140.937500 94.813499
-144.286200 92.690670 -143.169037 92.915710
-146.547500 90.774040 -145.394028 91.020309
-148.833300 88.871460 -147.669464 89.127991
-151.113400 86.978090 -149.925934 87.267563
-153.379000 85.085390 -152.187714 85.391258
-155.629200 83.206150 -154.427017 83.539856
-157.861400 81.326710 -156.638321 81.690216
-160.058500 79.464550 -158.839035 79.855858
-162.221300 77.608580 -161.000610 78.024849
-164.376700 75.774280 -163.155228 76.220711
-166.524800 73.967130 -165.307892 74.421326
-168.668400 72.191080 -167.442337 72.662941
-170.783100 70.468000 -169.523407 70.956429
-172.829900 68.807490 -171.563766 69.284401
-174.785600 67.216050 -173.486862 67.697662
-176.663800 65.684200 -175.360245 66.149239
-178.444800 64.197390 -177.161942 64.678276
-180.100300 62.765190 -178.841782 63.289867
-181.648600 61.419590 -180.411316 61.980694
-183.088500 60.110320 -181.886703 60.686241
-184.404500 58.801210 -183.199570 59.416206
-185.549500 57.458340 -184.357758 58.092056
-186.455000 56.066080 -185.233429 56.779308
-187.120600 54.647590 -185.916519 55.400112
-187.525600 53.213090 -186.314926 54.063656
-187.748500 51.772320 -186.569351 52.631901
-187.716500 50.330420 -186.577393 51.193447
-187.519800 48.954720 -186.362747 49.839989
-187.091900 47.667580 -185.967484 48.555775
-186.478200 46.430560 -185.402100 47.334599
-185.743700 45.217520 -184.672775 46.121952
-184.898100 44.044150 -183.823303 44.955116
-183.968900 42.858990 -182.895920 43.782509
-182.972800 41.628580 -181.909912 42.549072
-181.887200 40.344680 -180.832260 41.247765
-180.726700 38.951790 -179.700989 39.854450
-179.492700 37.459110 -178.480240 38.377758
-178.162100 35.849180 -177.159393 36.731194
-176.710600 34.142700 -175.727844 34.984043
-175.171800 32.296660 -174.213440 33.117867
-173.559000 30.363270 -172.624695 31.181974
-171.867000 28.346750 -170.963104 29.108568
-170.123400 26.259270 -169.255493 27.002010
-168.337100 24.097840 -167.492386 24.818708
-166.581500 21.908660 -165.732773 22.615694
-164.835100 19.714670 -163.977966 20.421474
-163.104500 17.573870 -162.250595 18.273081
-161.377300 15.429150 -160.526566 16.136976
-159.682200 13.303470 -158.828949 14.003357
-158.088000 11.153610 -157.229401 11.841033
-156.652500 8.940913 -155.775101 9.616652
-155.433700 6.640524 -154.540756 7.281131
-154.451100 4.275819 -153.555283 4.894828
-153.690900 1.836084 -152.785522 2.433432
-153.116700 -0.684920 -152.214951 -0.112754
-152.659200 -3.301845 -151.768143 -2.741596
-152.323800 -6.003442 -151.449860 -5.452456
-152.034900 -8.818435 -151.181152 -8.255283
-151.705400 -11.696490 -150.852524 -11.163292
-151.368100 -14.689410 -150.537094 -14.149648
-151.018300 -17.760610 -150.206482 -17.211088
-150.658400 -20.884570 -149.867294 -20.328520
-150.317300 -24.039630 -149.542465 -23.467773
-149.995500 -27.198720 -149.232056 -26.616585
-149.688200 -30.326210 -148.929825 -29.735956
-149.392500 -33.448800 -148.631882 -32.858318
-149.124700 -36.525700 -148.370605 -35.937332
-148.881400 -39.588890 -148.145447 -38.993729
-148.663600 -42.621440 -147.947861 -42.043400
-148.444100 -45.622170 -147.762802 -45.053654
-148.225800 -48.590750 -147.579697 -48.021049
-148.013500 -51.538440 -147.404556 -50.977848
-147.797700 -54.448530 -147.210510 -53.900238
-147.579700 -57.330200 -147.009155 -56.775826
-147.341500 -60.171640 -146.784851 -59.603779
-147.099100 -62.956470 -146.547546 -62.378170
-146.873600 -65.641890 -146.336456 -65.059883
-146.684200 -68.188960 -146.173538 -67.609833
-146.575000 -70.550950 -146.090225 -69.989471
-146.515200 -72.689370 -146.064240 -72.144829
-146.496000 -74.588600 -146.078720 -74.051918
-146.520100 -76.249210 -146.114243 -75.702759
-146.562400 -77.644470 -146.150940 -77.117050
-146.614700 -78.752900 -146.195145 -78.251968
-146.644400 -79.571930 -146.194336 -79.092926
-146.661300 -80.195760 -146.185104 -79.723465
-146.655800 -80.746170 -146.187271 -80.299057
-146.626400 -81.202170 -146.177505 -80.779579
-146.606400 -81.580050 -146.147217 -81.167671
-146.554400 -81.887990 -146.130798 -81.486450
-146.509800 -82.072680 -146.102646 -81.667336
-146.481300 -82.147900 -146.086685 -81.731834
-146.467500 -82.144490 -146.091293 -81.734901
-146.474300 -82.148460 -146.069656 -81.743797
-146.483700 -82.145920 -146.042542 -81.749229
-146.487400 -82.144780 -146.095779 -81.700874
-146.492900 -82.150980 -146.096512 -81.699203
-146.495200 -82.155360 -146.092453 -81.699310
-146.494300 -82.156570 -146.094925 -81.699028
-146.487800 -82.148430 -146.094040 -81.697197
-146.487300 -82.140910 -146.095657 -81.699860
-146.486500 -82.135050 -146.095917 -81.701462
-146.488100 -82.132520 -146.086151 -81.699608
-146.489000 -82.133460 -146.091049 -81.700050
-146.484700 -82.133480 -146.095016 -81.697166
-146.484900 -82.133510 -146.089203 -81.700081
-146.480100 -82.133670 -146.090103 -81.700630
-146.472100 -82.131890 -146.089935 -81.699318
-146.477500 -82.133220 -146.094223 -81.697517
-146.525000 -82.162010 -146.095612 -81.698158
-146.565900 -82.217300 -146.083038 -81.723549
-146.590600 -82.310130 -146.055557 -81.791519
-146.581800 -82.426170 -146.015808 -81.888008
-146.551800 -82.574220 -145.968979 -82.023209
-146.475900 -82.778480 -145.870956 -82.210297
-146.351300 -83.116710 -145.736984 -82.531113
-146.156300 -83.574440 -145.524017 -82.982361
-145.879500 -84.106160 -145.248184 -83.472015
-145.491300 -84.682600 -144.921082 -83.953033
-144.895700 -85.318510 -144.398712 -84.551537
-144.077500 -86.065360 -143.606186 -85.302818
-142.947400 -86.840620 -142.412048 -86.056175
-141.509200 -87.543350 -140.948898 -86.778931
-139.798500 -88.087580 -139.214905 -87.295975
-137.828100 -88.433330 -137.234863 -87.622543
-135.614800 -88.607530 -135.001175 -87.771408
-133.180100 -88.696560 -132.568420 -87.858932
-130.552000 -88.680490 -129.935318 -87.810638
-127.723900 -88.575690 -127.088127 -87.687843
-124.683500 -88.464330 -124.061806 -87.564430
-121.460200 -88.294280 -120.836128 -87.401192
-118.086600 -88.040550 -117.466896 -87.166397
-114.579400 -87.745070 -113.962593 -86.893143
-110.975100 -87.438680 -110.370377 -86.618912
-107.385700 -87.146760 -106.806953 -86.350510
-103.821100 -86.859660 -103.244736 -86.080223
-100.261700 -86.572000 -99.683449 -85.836243
-96.736140 -86.293870 -96.137573 -85.588707
-93.228880 -86.017520 -92.594902 -85.336273
-89.760830 -85.757500 -89.149490 -85.090141
-86.314280 -85.511300 -85.691444 -84.864052
-82.904810 -85.266650 -82.278259 -84.631996
-79.525840 -84.982830 -78.884109 -84.360069
-76.174850 -84.684980 -75.516014 -84.065636
-72.849640 -84.375480 -72.194588 -83.761406
-69.556400 -84.051650 -68.898666 -83.448593
-66.269780 -83.744240 -65.617027 -83.165260
-62.988460 -83.463860 -62.350819 -82.891357
-59.725320 -83.192290 -59.112892 -82.645523
-56.511930 -82.928720 -55.889099 -82.416130
-53.287950 -82.677770 -52.675713 -82.199821
-50.102380 -82.423820 -49.468880 -81.992188
-46.961330 -82.161740 -46.279278 -81.753036
-43.795000 -81.913070 -43.098789 -81.534531
-40.605850 -81.669580 -39.920647 -81.319557
-37.446990 -81.429200 -36.803352 -81.082649
-34.324130 -81.178460 -33.677204 -80.857033
-31.234230 -80.938930 -30.585293 -80.634285
-28.164850 -80.719500 -27.516685 -80.410316
-25.130870 -80.512870 -24.455530 -80.205887
-22.128140 -80.313820 -21.445187 -80.010185
-19.203440 -80.118030 -18.523958 -79.809814
-16.439970 -79.929640 -15.740144 -79.639587
-13.862420 -79.730950 -13.143450 -79.463402
-11.471000 -79.505250 -10.745681 -79.261971
-9.267307 -79.258710 -8.557631 -79.020500
-7.272311 -78.940490 -6.530414 -78.732994
-5.472914 -78.549550 -4.773228 -78.367821
-3.867830 -78.086270 -3.141527 -77.904762
-2.385605 -77.503960 -1.669967 -77.363205
-1.027851 -76.800120 -0.355549 -76.706871
0.166806 -75.911920 0.827539 -75.861588
1.182030 -74.883010 1.811037 -74.900032
1.977241 -73.709730 2.642061 -73.753265
2.625592 -72.432540 3.279334 -72.479866
3.046312 -71.053430 3.694673 -71.117149
3.332790 -69.610070 3.983632 -69.702003
3.505748 -68.096830 4.148293 -68.211655
3.623078 -66.505600 4.265527 -66.625404
3.673887 -64.790020 4.318317 -64.915283
3.664022 -62.925430 4.306093 -63.051174
3.591227 -60.915700 4.239470 -61.053745
3.485568 -58.760380 4.133230 -58.894913
3.375737 -56.493750 4.019575 -56.605209
3.243097 -54.203520 3.889169 -54.320713
3.069795 -51.907210 3.728369 -52.022644
2.871709 -49.612280 3.543809 -49.730530
2.690256 -47.318710 3.375968 -47.461323
2.514617 -45.039680 3.176862 -45.156464
2.336487 -42.787040 3.002304 -42.874596
2.176053 -40.574230 2.842375 -40.664352
2.023801 -38.441270 2.673954 -38.511757
1.895520 -36.414710 2.536660 -36.458118
1.766675 -34.458180 2.389779 -34.472115
1.645582 -32.544470 2.254840 -32.554245
1.524724 -30.674470 2.124268 -30.665209
1.412389 -28.840280 1.991294 -28.812483
1.305986 -27.028700 1.859817 -26.980412
1.191105 -25.239530 1.720762 -25.179211
1.067365 -23.476920 1.569082 -23.414343
0.934574 -21.765460 1.413378 -21.692543
0.802905 -20.140230 1.267300 -20.070053
0.699503 -18.615910 1.131949 -18.550823
0.601767 -17.196320 1.018729 -17.133032
0.507341 -15.885810 0.918260 -15.818032
0.417035 -14.726660 0.830791 -14.656827
0.351258 -13.760620 0.759938 -13.674238
0.299516 -12.930350 0.705891 -12.853627
0.263868 -12.153000 0.653306 -12.069048
0.238575 -11.391050 0.604185 -11.310005
0.198165 -10.644890 0.553350 -10.564435
0.151201 -9.907869 0.500368 -9.830261
0.091011 -9.183499 0.410270 -9.119911
0.016860 -8.476707 0.305325 -8.411481
-0.070862 -7.778389 0.210064 -7.717160
-0.158415 -7.094030 0.126959 -7.031819
-0.234301 -6.412690 0.052161 -6.359080
-0.307917 -5.742297 -0.003712 -5.691444
-0.360353 -5.068979 -0.063824 -5.026991
-0.401589 -4.328040 -0.119055 -4.290970
-0.431289 -3.483170 -0.159358 -3.448700
-0.464543 -2.555900 -0.193540 -2.516076
-0.487938 -1.556277 -0.225753 -1.513834
-0.499710 -0.485171 -0.245478 -0.455370
-0.511556 0.679747 -0.304199 0.722444
-0.388368 1.890361 -0.254055 1.880295
-0.387786 3.050660 -0.298337 3.035848
-0.473375 4.175334 -0.431970 4.144045
-0.669462 5.262875 -0.686271 5.178948
-0.929674 6.291946 -0.956735 6.163126
-1.229340 7.289411 -1.269402 7.151944
-1.438607 8.249384 -1.497956 8.120401
-1.565470 8.946937 -1.624426 8.820774
-1.615795 9.324632 -1.675736 9.203693
-1.635852 9.404838 -1.685485 9.284104
-1.640332 9.376167 -1.683892 9.264624
-1.643540 9.371050 -1.686508 9.268354
