0.000000 -0.000000 0.000000 0.000000
0.020455 2.389887 -0.023445 2.272492
0.038167 4.630767 -0.034584 4.405406
0.062475 6.584575 -0.042918 6.380370
0.078062 8.294502 -0.032376 8.115465
0.036300 9.647129 -0.007987 9.608281
0.037691 10.755690 0.012249 10.857546
0.070396 11.572020 0.051340 11.802659
0.096690 12.008000 0.081924 12.495168
0.124405 12.280970 0.098887 13.021329
0.106056 12.366960 0.124450 13.467253
0.125276 12.480720 0.142639 13.860512
0.156946 12.590120 0.167141 14.239018
0.151509 12.702880 0.175660 14.615694
0.146149 12.836600 0.169120 14.984741
0.118103 12.986600 0.143923 15.399229
0.046011 13.251830 0.052015 15.904792
-0.102743 13.662450 -0.094169 16.543692
-0.377391 14.237180 -0.358535 17.296576
-0.803739 14.918100 -0.780857 18.122522
-1.393517 15.599510 -1.328246 18.933168
-2.183640 16.257910 -2.067799 19.742161
-3.168635 16.891620 -3.063455 20.546747
-4.410526 17.491970 -4.286769 21.243664
-5.887262 17.957870 -5.737082 21.809095
-7.603442 18.241840 -7.399807 22.133875
-9.593783 18.333530 -9.243561 22.255947
-11.737930 18.262400 -11.254732 22.197178
-14.123570 18.137210 -13.478730 22.103195
-16.660080 18.043560 -15.889729 22.042183
-19.380350 17.941480 -18.494486 21.979631
-22.232040 17.791200 -21.268127 21.871763
-25.294530 17.612590 -24.247087 21.739563
-28.420350 17.436630 -27.287737 21.611515
-31.735350 17.259230 -30.363449 21.447939
-35.061830 17.012340 -33.506012 21.213589
-38.405680 16.701380 -36.714561 20.914076
-41.726310 16.376210 -39.940781 20.590548
-45.021050 16.012440 -43.200886 20.271112
-48.346970 15.612790 -46.504192 19.940899
-51.676860 15.192430 -49.835770 19.629337
-55.031060 14.742560 -53.210831 19.337404
-58.401830 14.329930 -56.648289 19.128500
-61.829840 14.034770 -60.095345 18.973005
-65.245090 13.824430 -63.566845 18.882257
-68.803470 13.628730 -67.094765 18.811176
-72.396330 13.444870 -70.619255 18.744617
-76.040760 13.365020 -74.167198 18.708138
-79.629870 13.286290 -77.716919 18.681599
-83.178040 13.172320 -81.262848 18.642525
-86.806450 13.116270 -84.799454 18.611774
-90.407370 13.030230 -88.330635 18.573343
-93.932750 12.938240 -91.818710 18.550932
-97.425940 12.830290 -95.310921 18.519121
-100.921800 12.721040 -98.788780 18.487514
-104.418700 12.646790 -102.245247 18.469072
-107.950700 12.574710 -105.755493 18.430326
-111.506500 12.491980 -109.294182 18.395124
-115.125400 12.427530 -112.884895 18.379255
-118.791400 12.356860 -116.579002 18.354826
-122.506900 12.277580 -120.304543 18.301952
-126.283000 12.162340 -124.096848 18.210318
-130.058300 12.056810 -127.877014 18.144493
-133.838200 11.940140 -131.669495 18.089561
-137.647000 11.763370 -135.468109 18.022457
-141.424200 11.624670 -139.220062 17.973692
-145.185900 11.523690 -142.980392 17.918985
-148.919300 11.449460 -146.699493 17.901384
-152.638200 11.381770 -150.418549 17.871746
-156.350400 11.310530 -154.113861 17.839476
-160.047400 11.214060 -157.797821 17.802708
-163.709400 11.107560 -161.503418 17.750219
-167.360400 10.983380 -165.158127 17.737640
-170.967600 10.933720 -168.848938 17.730780
-174.571400 10.876820 -172.495209 17.728767
-178.137200 10.833080 -176.121353 17.727680
-181.490500 10.796130 -179.492859 17.737244
-184.602400 10.773720 -182.652512 17.752897
-187.458300 10.758840 -185.525757 17.783234
-190.232700 10.733900 -188.315186 17.785915
-192.986900 10.663320 -191.098328 17.742252
-195.706100 10.585910 -193.843384 17.716866
-198.416300 10.495740 -196.566284 17.653362
-201.152700 10.412030 -199.328232 17.597237
-203.946700 10.341460 -202.123505 17.580759
-206.802300 10.298350 -204.966141 17.530329
-209.757100 10.317680 -207.899231 17.521240
-212.804800 10.361070 -210.904083 17.530912
-215.930200 10.396430 -213.985352 17.532513
-219.012900 10.360590 -217.098953 17.588617
-222.155100 10.298380 -220.287643 17.642452
-225.365500 10.246810 -223.547623 17.720062
-228.707300 10.215510 -226.864578 17.775812
-232.112300 10.220950 -230.282806 17.846382
-235.564300 10.214940 -233.710678 17.898260
-239.104300 10.217730 -237.281860 17.956442
-242.702700 10.183390 -240.900772 17.974997
-246.347300 10.130220 -244.551865 17.979702
-250.052800 10.036800 -248.286453 17.938301
-253.773800 9.880518 -252.069611 17.865244
-257.535100 9.718989 -255.823547 17.788740
-261.300500 9.591512 -259.564423 17.731037
-265.059000 9.459547 -263.311859 17.671036
-268.826900 9.337703 -267.043671 17.617449
-272.549600 9.176257 -270.761444 17.540993
-276.263700 8.976101 -274.465363 17.457273
-279.947200 8.832825 -278.154968 17.408487
-283.650400 8.715404 -281.843719 17.357542
-287.322900 8.610515 -285.531982 17.309647
-290.988400 8.505150 -289.197113 17.263222
-294.654700 8.394904 -292.856659 17.218065
-298.320400 8.294475 -296.536530 17.167791
-302.013000 8.169718 -300.225433 17.104502
-305.746200 8.074212 -303.923035 17.062220
-309.494500 7.982975 -307.627502 17.032686
-313.220200 7.863686 -311.396484 16.982071
-316.989500 7.782544 -315.134460 16.925489
-320.754000 7.679468 -318.858002 16.874859
-324.529500 7.563218 -322.621826 16.835361
-328.344000 7.456111 -326.375641 16.805790
-332.109700 7.347334 -330.161530 16.786501
-335.860100 7.242255 -333.898438 16.780025
-339.608800 7.147781 -337.660553 16.737720
-343.309300 7.053936 -341.363983 16.747101
-346.907500 6.957315 -344.954956 16.727493
-350.384600 6.860419 -348.444122 16.717499
-353.708400 6.768393 -351.813934 16.705589
-356.877800 6.663296 -355.027466 16.701515
-360.001200 6.552425 -358.154480 16.669220
-363.041000 6.435692 -361.238556 16.626623
-365.855800 6.345080 -364.117340 16.606728
-368.437600 6.307072 -366.769684 16.635160
-370.781400 6.383962 -369.172882 16.762829
-372.865900 6.648568 -371.312775 17.072685
-374.725000 7.109350 -373.209442 17.579657
-376.363200 7.741893 -374.883514 18.286034
-377.862400 8.633829 -376.392883 19.202847
-379.196300 9.712570 -377.757568 20.354347
-380.348700 10.965970 -378.902252 21.670652
-381.385700 12.448140 -379.913757 23.194649
-382.260100 14.122720 -380.827057 24.972542
-383.010800 15.994530 -381.547638 26.925245
-383.610300 18.057930 -382.116516 29.061907
-384.100300 20.314520 -382.557556 31.357157
-384.497100 22.748260 -382.905457 33.847343
-384.776600 25.364410 -383.129730 36.492390
-384.988900 28.128190 -383.283600 39.288513
-385.212700 31.086220 -383.400665 42.218578
-385.449300 34.192050 -383.490234 45.248833
-385.780600 37.315730 -383.575073 48.308041
-386.061000 40.426600 -383.628387 51.349239
-386.229000 43.492690 -383.666595 54.386395
-386.309000 46.518630 -383.692047 57.382889
-386.383200 49.505740 -383.696228 60.361420
-386.435500 52.415800 -383.682892 63.262024
-386.493200 55.225360 -383.660797 66.047707
-386.554400 57.943820 -383.628571 68.753113
-386.610300 60.578530 -383.563446 71.375679
-386.585600 63.079020 -383.451080 73.881134
-386.370900 65.433820 -383.200256 76.232216
-385.914800 67.648300 -382.793579 78.461708
-385.249200 69.694860 -382.203491 80.530113
-384.335100 71.573620 -381.462433 82.427193
-383.335600 73.255020 -380.591278 84.157928
-382.295300 74.818880 -379.522705 85.694168
-381.091700 76.191700 -378.228699 87.024109
-379.774700 77.364460 -376.748352 88.132729
-378.271000 78.251970 -375.135193 89.022774
-376.573900 78.987050 -373.382904 89.729462
-374.728100 79.537850 -371.486694 90.231750
-372.739900 79.941840 -369.466095 90.617729
-370.607000 80.199980 -367.333466 90.838623
-368.370300 80.415580 -365.084595 90.989319
-366.032000 80.571350 -362.739410 91.075684
-363.598400 80.673300 -360.280121 91.103508
-361.071700 80.716320 -357.725372 91.068375
-358.469900 80.705850 -355.110626 90.976639
-355.832800 80.638300 -352.451477 90.842506
-353.161000 80.553900 -349.759277 90.691261
-350.450100 80.465550 -347.044434 90.539848
-347.763100 80.398460 -344.332947 90.408363
-345.086900 80.370740 -341.629974 90.314484
-342.417400 80.402970 -338.939819 90.288559
-339.774100 80.483360 -336.295990 90.309601
-337.139800 80.575110 -333.663666 90.328125
-334.528900 80.693480 -331.011078 90.366447
-331.932700 80.824510 -328.368042 90.397453
-329.325200 80.918500 -325.725159 90.397751
-326.739100 80.990700 -323.092041 90.375580
-324.144100 81.038770 -320.470306 90.331337
-321.562300 81.091140 -317.842865 90.284088
-319.011600 81.190070 -315.269653 90.272728
-316.450900 81.308090 -312.676270 90.298317
-313.909200 81.444650 -310.097748 90.340012
-311.391900 81.580060 -307.549713 90.375748
-308.876400 81.706970 -305.017151 90.399765
-306.378900 81.849250 -302.486206 90.444908
-303.888700 81.994400 -299.975708 90.489487
-301.376300 82.158190 -297.448975 90.560089
-298.832900 82.325730 -294.858704 90.663605
-296.237900 82.504140 -292.280762 90.759949
-293.590400 82.683410 -289.619202 90.876869
-290.876600 82.853340 -286.895142 90.974503
-288.120000 82.987710 -284.121185 91.026855
-285.314700 83.062010 -281.291565 91.014786
-282.460400 83.089330 -278.424774 90.962769
-279.611400 83.105040 -275.564087 90.897530
-276.801100 83.107970 -272.745087 90.809151
-274.051500 83.099890 -270.007904 90.712311
-271.353100 83.054870 -267.309814 90.578644
-268.676800 82.970950 -264.637665 90.421425
-266.029200 82.903900 -261.987030 90.275070
-263.418800 82.873250 -259.373993 90.158279
-260.804200 82.903330 -256.747253 90.101059
-258.168800 82.990410 -254.110199 90.099670
-255.510500 83.145560 -251.485367 90.196045
-252.844700 83.373830 -248.816940 90.335670
-250.152200 83.637690 -246.120193 90.511528
-247.440300 83.910960 -243.393768 90.711411
-244.714300 84.178610 -240.672516 90.876312
-242.002000 84.383000 -237.969406 90.993782
-239.314700 84.514710 -235.276794 91.037109
-236.657500 84.567850 -232.625366 91.003059
-234.029000 84.526210 -230.006699 90.876930
-231.443300 84.405890 -227.400452 90.670570
-228.920700 84.255810 -224.871902 90.446548
-226.536800 84.105460 -222.473175 90.211319
-224.322600 83.973260 -220.272156 90.013817
-222.317800 83.852920 -218.274750 89.838722
-220.525500 83.748690 -216.515030 89.688713
-218.913500 83.654780 -214.911865 89.576218
-217.491400 83.614870 -213.518784 89.512764
-216.200400 83.663530 -212.263641 89.557251
-214.975300 83.890580 -211.040588 89.757187
-213.812900 84.303130 -209.910217 90.117172
-212.768400 84.851980 -208.894028 90.583771
-211.819400 85.505150 -207.961014 91.140556
-210.944500 86.249430 -207.072128 91.830414
-210.114900 87.190980 -206.167038 92.723343
-209.375900 88.379450 -205.352661 93.863693
-208.685500 89.786110 -204.617462 95.224686
-208.120100 91.447000 -204.003281 96.863365
-207.636800 93.318040 -203.467972 98.691704
-207.343700 95.377570 -203.147644 100.707710
-207.198500 97.677330 -202.966644 102.966713
-207.176800 100.117600 -202.905457 105.406067
-207.235900 102.732400 -202.938522 108.050629
-207.357900 105.495500 -203.001648 110.856392
-207.446900 108.321400 -203.033798 113.721413
-207.501200 111.206800 -203.032059 116.650986
-207.496800 114.153500 -202.951523 119.628853
-207.467000 117.040300 -202.864578 122.521881
-207.357100 119.818100 -202.780182 125.440758
-207.231600 122.580500 -202.656021 128.348145
-207.169600 125.360700 -202.578888 131.186356
-207.151600 128.086900 -202.545410 133.957520
-207.158900 130.676600 -202.512543 136.588562
-207.192200 133.099300 -202.506607 139.047409
-207.257200 135.311800 -202.548645 141.274994
-207.357800 137.293400 -202.623016 143.269424
-207.516000 139.039300 -202.765518 145.026672
-207.792700 140.624300 -203.023560 146.613937
-208.199400 142.155800 -203.402649 148.130310
-208.796100 143.591400 -203.947906 149.506363
-209.578000 144.906500 -204.658569 150.797699
-210.509400 146.123000 -205.515137 152.014114
-211.640600 147.221600 -206.572739 153.167664
-212.986500 148.243400 -207.889053 154.284729
-214.560800 149.101800 -209.456879 155.139908
-216.375500 149.752000 -211.292480 155.837463
-218.364200 150.183000 -213.249771 156.248917
-220.495700 150.431900 -215.334457 156.536316
-222.758400 150.560900 -217.597794 156.696884
-225.125500 150.643600 -219.978836 156.815674
-227.596900 150.727300 -222.460297 156.946075
-230.175200 150.835400 -225.052032 157.098343
-232.870900 150.954400 -227.754868 157.267166
-235.686400 151.084500 -230.583496 157.438004
-238.634600 151.219200 -233.502075 157.601212
-241.714000 151.324200 -236.565826 157.747635
-244.893500 151.370200 -239.723694 157.832230
-248.152800 151.340800 -242.984009 157.846924
-251.386800 151.245500 -246.215866 157.772308
-254.628800 151.083900 -249.456421 157.664902
-257.855100 150.860900 -252.677826 157.466553
-260.989500 150.595900 -255.798492 157.245987
-263.979600 150.335600 -258.790375 157.032166
-266.766600 150.087700 -261.596954 156.821625
-269.368500 149.866200 -264.193207 156.635681
-271.910000 149.696000 -266.744751 156.502426
-274.432000 149.547300 -269.240234 156.384186
-276.917800 149.419800 -271.729187 156.287476
-279.393400 149.337600 -274.221771 156.227783
-281.842600 149.284100 -276.657318 156.215347
-284.327000 149.245300 -279.154907 156.205750
-286.851400 149.215900 -281.677582 156.211197
-289.374600 149.175400 -284.220184 156.205124
-291.872700 149.113700 -286.739380 156.185730
-294.367000 149.035300 -289.246826 156.141022
-296.900400 148.946800 -291.793854 156.078506
-299.496800 148.857900 -294.413940 156.033249
-302.152700 148.763000 -297.087799 155.972000
-304.894400 148.662700 -299.871094 155.925690
-307.698800 148.565200 -302.708801 155.863373
-310.542800 148.472300 -305.586975 155.810120
-313.401900 148.388500 -308.464386 155.767853
-316.253600 148.309200 -311.335236 155.714661
-319.087100 148.246300 -314.179749 155.675156
-321.874200 148.159600 -316.992249 155.650894
-324.643500 148.080700 -319.759674 155.627548
-327.380000 148.017900 -322.505249 155.612930
-330.084600 147.943700 -325.216064 155.594788
-332.768800 147.879400 -327.855469 155.580429
-335.339000 147.849200 -330.429535 155.567505
-337.917500 147.821400 -332.992645 155.565308
-340.461700 147.771400 -335.534393 155.551041
-342.975500 147.703700 -338.033508 155.516617
-345.507800 147.596800 -340.561890 155.450394
-348.088400 147.502000 -343.125885 155.370117
-350.695500 147.387300 -345.733948 155.284973
-353.357500 147.254200 -348.365631 155.184174
-356.035100 147.123000 -351.014404 155.094101
-358.706400 146.987600 -353.685486 154.983032
-361.365400 146.869000 -356.329559 154.877808
-363.998800 146.747300 -358.974945 154.773834
-366.592400 146.651500 -361.565430 154.685287
-369.103200 146.586000 -364.072296 154.653778
-371.498800 146.552500 -366.468414 154.655884
-373.734100 146.569400 -368.695221 154.689331
-375.766000 146.687900 -370.743652 154.838654
-377.587800 146.923500 -372.567810 155.099365
-379.228200 147.254000 -374.191071 155.446884
-380.680100 147.681500 -375.653442 155.885361
-381.983900 148.240600 -376.966919 156.476913
-383.189300 148.967100 -378.161346 157.201721
-384.260600 149.832600 -379.248932 158.087051
-385.261700 150.822900 -380.235565 159.089966
-386.189600 152.026900 -381.164581 160.347244
-387.088300 153.508400 -382.062225 161.861526
-387.803500 155.255200 -382.742706 163.636566
-388.328200 157.227600 -383.252655 165.623016
-388.690100 159.390500 -383.568573 167.807449
-388.914300 161.727400 -383.753387 170.168701
-389.033800 164.223600 -383.822479 172.700180
-389.107700 166.899500 -383.843689 175.405090
-389.177200 169.703100 -383.857697 178.207748
-389.249200 172.602600 -383.852203 181.103653
-389.294800 175.566200 -383.841949 184.072723
-389.340400 178.518800 -383.848816 187.046188
-389.408400 181.466200 -383.880127 190.017761
-389.477100 184.395100 -383.874329 192.950043
-389.534000 187.303900 -383.872314 195.852463
-389.596100 190.151400 -383.876038 198.687256
-389.650400 192.868100 -383.893951 201.422241
-389.688600 195.381200 -383.880066 203.952637
-389.706500 197.729300 -383.850311 206.317978
-389.637200 199.881000 -383.741791 208.495850
-389.406500 201.894300 -383.477570 210.534225
-388.964400 203.824800 -382.984131 212.478760
-388.237500 205.641900 -382.202637 214.294357
-387.225600 207.247400 -381.165924 215.923615
-385.985200 208.725400 -379.909485 217.402969
-384.487500 210.025200 -378.380341 218.713150
-382.766900 211.133700 -376.650909 219.794128
-380.848000 212.024300 -374.714203 220.689774
-378.741200 212.710800 -372.619995 221.343826
-376.473400 213.257300 -370.367004 221.848068
-374.038800 213.683400 -367.942291 222.227615
-371.458500 214.025200 -365.374390 222.524109
-368.731200 214.304000 -362.661957 222.761215
-365.907000 214.548400 -359.840210 222.966309
-362.986400 214.774600 -356.940887 223.144409
-360.000500 214.982500 -353.964050 223.304718
-356.946700 215.144300 -350.927460 223.429428
-353.844800 215.269100 -347.843048 223.515350
-350.728200 215.343800 -344.760498 223.551895
-347.621800 215.396600 -341.656219 223.567734
-344.503600 215.436100 -338.578369 223.560287
-341.404500 215.431500 -335.495697 223.516922
-338.307200 215.374700 -332.420319 223.407227
-335.222900 215.258300 -329.351227 223.237976
-332.176900 215.090700 -326.326752 222.996185
-329.113900 214.919400 -323.291534 222.770981
-326.083300 214.755000 -320.251556 222.520081
-323.035500 214.645100 -317.210663 222.351410
-319.997700 214.594500 -314.180908 222.236740
-316.949800 214.613400 -311.126373 222.194427
-313.894600 214.701700 -308.096466 222.228043
-310.834000 214.851800 -305.034363 222.304733
-307.768800 215.021500 -301.972382 222.427017
-304.682000 215.209600 -298.896698 222.543442
-301.619300 215.403400 -295.848419 222.684204
-298.564100 215.602100 -292.768524 222.822830
-295.523500 215.774500 -289.746246 222.916733
-292.524500 215.925700 -286.764801 223.012375
-289.569200 216.080100 -283.813568 223.110580
-286.686000 216.208000 -280.946899 223.177475
-283.844300 216.320800 -278.118622 223.233276
-281.075400 216.414900 -275.389740 223.272888
-278.384800 216.482400 -272.702393 223.287628
-275.749900 216.524700 -270.078339 223.274368
-273.211000 216.563500 -267.546753 223.248871
-270.786900 216.596800 -265.124329 223.222931
-268.452200 216.627400 -262.787079 223.189560
-266.210100 216.670200 -260.539215 223.168289
-264.057900 216.715000 -258.400787 223.154984
-261.977600 216.758700 -256.319763 223.145477
-260.009300 216.805500 -254.358536 223.135010
-258.118000 216.846900 -252.493027 223.129257
-256.324100 216.892100 -250.708160 223.133408
-254.591600 216.937100 -248.973709 223.145370
-252.914000 216.968800 -247.299255 223.154221
-251.261500 217.002300 -245.644226 223.146652
-249.623300 217.030600 -244.017929 223.152481
-248.000000 217.075100 -242.383713 223.154022
-246.394700 217.123600 -240.781525 223.167755
-244.798500 217.177700 -239.200104 223.176117
-243.238500 217.242300 -237.641602 223.197723
-241.697700 217.301200 -236.107941 223.233932
-240.159500 217.379600 -234.574219 223.273972
-238.623700 217.447500 -233.047714 223.305664
-237.098100 217.517700 -231.527771 223.338135
-235.568700 217.578300 -229.985611 223.358246
-234.013600 217.632400 -228.429810 223.369019
-232.429300 217.675500 -226.847580 223.368454
-230.825000 217.709000 -225.241028 223.364182
-229.213500 217.727400 -223.628418 223.355606
-227.620200 217.743200 -222.046829 223.341705
-226.038600 217.749200 -220.459213 223.317886
-224.474500 217.720600 -218.896667 223.256165
-222.943700 217.646400 -217.379929 223.151031
-221.517500 217.497700 -215.958557 222.958954
-220.196400 217.264300 -214.637222 222.693329
-219.015400 216.979300 -213.479767 222.361237
-218.000600 216.671300 -212.467957 222.023941
-217.074300 216.316400 -211.535599 221.646408
-216.224900 215.882000 -210.707687 221.213028
-215.453800 215.357600 -209.932755 220.708664
-214.757400 214.782900 -209.218536 220.121704
-214.077200 214.065600 -208.545212 219.374863
-213.459700 213.182900 -207.928802 218.439758
-212.907500 212.086400 -207.402527 217.351089
-212.452200 210.870600 -206.967422 216.098953
-212.114300 209.456600 -206.668442 214.651825
-211.858500 207.837000 -206.463898 213.002625
-211.742000 206.028400 -206.399460 211.194778
-211.736300 204.033600 -206.456787 209.185379
-211.766900 201.873300 -206.542679 207.008881
-211.796200 199.533500 -206.640976 204.684875
-211.786800 197.027400 -206.710403 202.171753
-211.759900 194.373900 -206.763092 199.516342
-211.697900 191.633600 -206.787506 196.770889
-211.626700 188.816000 -206.823303 193.923981
-211.537000 185.992200 -206.827774 191.059235
-211.444400 183.173400 -206.837738 188.220261
-211.362800 180.374100 -206.852570 185.419098
-211.264700 177.600300 -206.845001 182.639694
-211.172000 174.834700 -206.837433 179.878571
-211.067900 172.132300 -206.814835 177.155319
-210.942500 169.548500 -206.763824 174.557449
-210.807500 167.115600 -206.697296 172.098953
-210.677900 164.891300 -206.608688 169.860229
-210.523800 162.831600 -206.493561 167.755402
-210.369300 160.883900 -206.387711 165.783997
-210.243400 159.140700 -206.286346 164.020447
-210.180400 157.654800 -206.249298 162.497681
-210.119700 156.263000 -206.202484 161.069931
-210.059800 154.892900 -206.160324 159.698135
-209.978700 153.571000 -206.103683 158.360504
-209.891700 152.272500 -206.028687 157.058731
-209.766700 150.900300 -205.939346 155.678558
-209.618400 149.453900 -205.818680 154.220383
-209.402000 147.911800 -205.642029 152.670593
-209.174500 146.248000 -205.470764 151.011948
-208.939400 144.453000 -205.301575 149.193832
-208.714900 142.497200 -205.142181 147.220642
-208.503800 140.403200 -204.995056 145.118591
-208.393000 138.150900 -204.954483 142.847488
-208.389600 135.751000 -205.022766 140.435394
-208.458300 133.190500 -205.164963 137.854538
-208.554900 130.503800 -205.339951 135.155121
-208.679600 127.708900 -205.551880 132.332260
-208.807700 124.788300 -205.730942 129.409912
-208.927800 121.786000 -205.915009 126.415344
-208.986400 118.770600 -206.098511 123.383972
-209.010800 115.753900 -206.239899 120.431175
-208.944000 112.761900 -206.280548 117.456268
-208.836500 109.809100 -206.282501 114.492645
-208.710600 106.913800 -206.224991 111.612320
-208.612900 104.164800 -206.172531 108.870529
-208.524100 101.612900 -206.143036 106.296822
-208.411800 99.291950 -206.078110 103.972748
-208.304000 97.231400 -206.029114 101.914215
-208.239900 95.441440 -206.002563 100.092606
-208.186600 93.928990 -205.958527 98.570892
-208.169400 92.620100 -205.973923 97.236008
-208.111400 91.359060 -205.913849 95.959061
-208.103700 90.108060 -205.935211 94.693848
-208.057300 88.899050 -205.909561 93.470360
-207.989700 87.686220 -205.856766 92.242271
-207.887500 86.424840 -205.775620 90.976318
-207.749700 85.106480 -205.665466 89.647560
-207.573400 83.679430 -205.539429 88.212181
-207.363800 82.128210 -205.374573 86.634804
-207.117800 80.466750 -205.175323 84.966652
-206.886600 78.657990 -204.978806 83.136299
-206.653200 76.721140 -204.778809 81.191238
-206.474300 74.687190 -204.640167 79.139427
-206.388100 72.537240 -204.603043 76.983788
-206.432200 70.298230 -204.700058 74.698563
-206.610100 68.000610 -204.925476 72.396545
-206.892700 65.622610 -205.266479 70.010971
-207.176400 63.145090 -205.577988 67.526695
-207.411300 60.582530 -205.872147 64.963669
-207.566400 57.936780 -206.073883 62.330360
-207.647700 55.184560 -206.212265 59.566540
-207.661500 52.385390 -206.294296 56.755287
-207.621300 49.546410 -206.353714 53.928898
-207.570900 46.730400 -206.391144 51.096142
-207.528900 43.951520 -206.436752 48.322701
-207.484900 41.207900 -206.505066 45.569561
-207.419300 38.483860 -206.552322 42.843555
-207.398300 35.859080 -206.626831 40.201752
-207.389600 33.323530 -206.708099 37.664677
-207.383600 30.928860 -206.779633 35.277180
-207.365700 28.737950 -206.829056 33.083260
-207.338200 26.780150 -206.862595 31.119896
-207.272200 25.076160 -206.870514 29.403986
-207.184900 23.637860 -206.850403 27.951946
-207.080700 22.407050 -206.784866 26.716339
-206.954300 21.322570 -206.706787 25.613869
-206.781600 20.334400 -206.577652 24.627026
-206.551700 19.436710 -206.422302 23.740875
-206.294700 18.614920 -206.220276 22.923550
-205.959400 17.852300 -205.937897 22.171757
-205.601700 17.147840 -205.613541 21.469618
-205.183200 16.499570 -205.232117 20.826189
-204.640200 15.834340 -204.724655 20.162642
-203.962000 15.126390 -204.094131 19.443039
-203.105900 14.402300 -203.303772 18.722708
-202.093300 13.723770 -202.315689 18.019217
-200.890700 13.072850 -201.094482 17.326416
-199.454900 12.451120 -199.681595 16.675699
-197.803000 11.847900 -198.050034 16.012272
-195.985800 11.251230 -196.246063 15.373543
-194.078300 10.799800 -194.378510 14.876439
-192.241500 10.550030 -192.570297 14.576151
-190.511600 10.492510 -190.776962 14.434025
-188.774500 10.514750 -189.026428 14.396094
-187.053000 10.530790 -187.260544 14.383378
-185.316100 10.589790 -185.492218 14.409052
-183.477200 10.672540 -183.628555 14.453953
-181.518300 10.768400 -181.623077 14.525461
-179.433500 10.895520 -179.481369 14.623528
-177.234800 11.053010 -177.266357 14.755384
-174.912900 11.228010 -174.900269 14.888323
-172.453800 11.406500 -172.405426 15.021935
-169.877600 11.633180 -169.788422 15.212989
-167.172600 11.903480 -167.060272 15.413191
-164.356100 12.241910 -164.197662 15.705743
-161.414200 12.605270 -161.232437 16.002226
-158.375100 12.957560 -158.155914 16.299309
-155.289000 13.266400 -155.030685 16.538696
-152.153500 13.477190 -151.867584 16.717234
-148.978900 13.534370 -148.652802 16.720070
-145.756200 13.449460 -145.419373 16.610340
-142.513300 13.323960 -142.174835 16.443401
-139.219200 13.264090 -138.879059 16.273968
-135.871600 13.235180 -135.535187 16.142384
-132.469300 13.237950 -132.127228 16.065121
-128.998700 13.250220 -128.618454 15.981925
-125.452300 13.247970 -125.105232 15.918860
-121.821900 13.224230 -121.477692 15.861359
-118.142800 13.197060 -117.810150 15.783023
-114.366200 13.195450 -114.089462 15.700320
-110.549500 13.202980 -110.296837 15.615050
-106.721100 13.234960 -106.519325 15.577171
-102.856200 13.237720 -102.749092 15.521751
-99.051970 13.344340 -98.916130 15.491047
-95.237560 13.444760 -95.100319 15.463838
-91.419640 13.530140 -91.271500 15.435265
-87.619070 13.674300 -87.463219 15.445341
-83.825400 13.812150 -83.682350 15.461577
-80.045030 13.941190 -79.905266 15.499610
-76.262920 14.064210 -76.141579 15.555882
-72.527230 14.169690 -72.437508 15.577356
-68.760100 14.314940 -68.740417 15.620121
-65.041990 14.448290 -65.081551 15.666971
-61.409550 14.597510 -61.461464 15.719293
-57.812780 14.752930 -57.859753 15.777674
-54.272080 14.916680 -54.289749 15.826446
-50.863180 15.111690 -50.769043 15.900816
-47.456920 15.288970 -47.337681 15.990806
-44.095940 15.453870 -43.949986 16.067951
-40.863370 15.611510 -40.639423 16.124163
-37.779270 15.768930 -37.515072 16.220661
-34.878460 16.001620 -34.540813 16.275141
-32.108550 16.224310 -31.725573 16.360147
-29.417700 16.336670 -29.043722 16.410965
-26.864830 16.377370 -26.511116 16.415833
-24.569330 16.453910 -24.158974 16.408649
-22.495940 16.503070 -22.013882 16.366243
-20.581990 16.519710 -20.071817 16.318777
-18.846180 16.508190 -18.294470 16.259232
-17.328990 16.482300 -16.725502 16.216015
-16.037550 16.475470 -15.349047 16.176128
-14.956120 16.515220 -14.165862 16.197287
-14.017770 16.603920 -13.145757 16.265182
-13.125570 16.745940 -12.239189 16.383282
-12.277220 17.018620 -11.434108 16.628344
-11.518690 17.387820 -10.686634 16.959255
-10.793900 17.853110 -9.939546 17.365746
-10.023690 18.451760 -9.207845 17.900620
-9.266871 19.249950 -8.391150 18.679298
-8.499983 20.230260 -7.629358 19.628216
-7.714471 21.448790 -6.885058 20.853119
-6.943853 22.899830 -6.093979 22.345709
-6.209422 24.630930 -5.392071 24.114595
-5.580618 26.636760 -4.790520 26.161327
-5.100718 28.938480 -4.298638 28.468397
-4.832290 31.540330 -3.969000 31.052370
-4.752808 34.327710 -3.863514 33.858368
-4.799016 37.335070 -3.867940 36.890320
-4.911943 40.499490 -3.960486 40.089336
-5.090383 43.700800 -4.081358 43.305115
-5.276585 46.904120 -4.188791 46.493160
-5.464336 50.126700 -4.287478 49.702206
-5.701735 53.348430 -4.387572 52.882988
-5.926283 56.566760 -4.468522 56.073387
-6.149722 59.747560 -4.551354 59.187927
-6.326192 62.853260 -4.601920 62.299171
-6.450595 65.815280 -4.655946 65.253838
-6.558018 68.633220 -4.714766 68.071526
-6.625230 71.279560 -4.741955 70.743347
-6.655510 73.749780 -4.782532 73.248062
-6.684464 75.995110 -4.818575 75.502602
-6.652349 77.987890 -4.818882 77.512108
-6.508811 79.715010 -4.704463 79.245163
-6.213677 81.157890 -4.432152 80.715668
-5.729615 82.390460 -4.012249 81.898407
-5.161236 83.435200 -3.494938 82.920090
-4.542652 84.252870 -2.895446 83.732719
-3.866113 84.884560 -2.270274 84.378098
-3.262439 85.311720 -1.698721 84.813217
-2.779876 85.608160 -1.253059 85.132744
-2.292931 85.855430 -0.785739 85.381630
-1.737887 86.025210 -0.295688 85.584114
-1.127115 86.147390 0.220833 85.738708
-0.518659 86.251250 0.769942 85.882339
0.098283 86.354450 1.282755 86.000000
0.701588 86.427350 1.828314 86.067383
1.306431 86.494190 2.387669 86.116653
1.881704 86.544440 2.951813 86.174843
2.482048 86.571200 3.512580 86.186531
3.081643 86.601540 4.107742 86.205101
3.761151 86.625380 4.781827 86.220512
4.619787 86.696990 5.597548 86.274437
5.591334 86.770900 6.540848 86.328606
6.608439 86.844400 7.543766 86.377007
7.634023 86.901350 8.620324 86.428535
8.711110 86.958450 9.743320 86.446739
9.832777 87.009730 10.903800 86.467972
11.007620 87.011520 12.076828 86.454453
12.275390 86.965120 13.280514 86.388733
13.626340 86.918150 14.579639 86.323341
15.069990 86.825170 15.976733 86.219887
16.615310 86.785220 17.471088 86.178520
18.281790 86.877740 19.079050 86.257324
20.047850 87.081990 20.798622 86.431206
21.900640 87.285740 22.643759 86.594597
23.863160 87.475150 24.651787 86.708084
25.902040 87.591950 26.700897 86.760002
28.010580 87.643840 28.851046 86.782074
30.161670 87.666240 31.037291 86.788727
32.320100 87.664230 33.225937 86.785156
34.457590 87.659770 35.385963 86.756676
36.605810 87.671870 37.570877 86.752380
38.730770 87.693440 39.713028 86.760300
40.845470 87.730240 41.842003 86.762733
42.917780 87.780190 43.954041 86.787445
44.982820 87.855000 46.056030 86.835960
47.029150 87.934110 48.132599 86.871880
49.088540 87.988070 50.216610 86.891594
51.131190 88.046720 52.273758 86.910416
53.178890 88.088740 54.347137 86.914719
55.228720 88.131890 56.397518 86.940712
57.257270 88.189930 58.433807 86.967194
59.284240 88.231390 60.491516 86.976288
61.307870 88.268110 62.531464 86.998581
63.333450 88.313230 64.577141 87.002266
65.383590 88.353950 66.596085 87.025810
67.446480 88.391970 68.626984 87.041565
69.483090 88.432190 70.650185 87.065872
71.551190 88.436950 72.690666 87.077461
73.590280 88.449790 74.709534 87.080116
75.642440 88.447490 76.747902 87.078865
77.675640 88.454840 78.780907 87.071854
79.705830 88.461020 80.817368 87.060616
81.744040 88.480290 82.843491 87.069160
83.774580 88.511400 84.878342 87.078522
85.799340 88.557110 86.911057 87.080711
87.804420 88.601160 88.949341 87.080338
89.806920 88.643630 90.966263 87.081413
91.803370 88.704770 92.978737 87.109871
93.754020 88.738080 94.963638 87.116531
95.670500 88.790390 96.921448 87.136963
97.538390 88.822000 98.834732 87.136253
99.322990 88.859730 100.665314 87.155617
100.954900 88.856800 102.336746 87.123810
102.409400 88.885030 103.825333 87.133011
103.660500 88.873010 105.141388 87.123436
104.773500 88.863290 106.294434 87.114960
105.718200 88.844540 107.275360 87.087723
106.475800 88.845300 108.062149 87.087585
107.080900 88.835950 108.670746 87.100792
107.600100 88.863550 109.156944 87.139221
108.075700 88.966910 109.627563 87.237976
108.506900 89.161700 110.073776 87.430412
108.887900 89.429650 110.409660 87.655846
109.267500 89.752890 110.810440 87.949394
109.650400 90.181660 111.183281 88.337646
110.007800 90.683680 111.565437 88.827240
110.331900 91.262390 111.933762 89.418373
110.663200 91.958220 112.284897 90.103477
110.947400 92.750780 112.623482 90.879494
111.190500 93.649870 112.895744 91.745537
111.329400 94.676260 113.083908 92.751816
111.382200 95.834440 113.169365 93.874763
111.376200 97.156700 113.214439 95.140656
111.321400 98.712080 113.268082 96.632576
111.179000 100.499200 113.271782 98.326653
111.052600 102.454500 113.285889 100.198738
110.953400 104.573600 113.300117 102.286041
110.848100 106.867600 113.315125 104.539330
110.729000 109.311900 113.307915 106.954597
110.604600 111.877700 113.280159 109.523781
110.451100 114.520800 113.205086 112.192284
110.254000 117.240000 113.098740 114.907608
110.055600 119.971100 112.979103 117.659515
109.855900 122.687400 112.867279 120.344788
109.666000 125.388400 112.739143 123.041016
109.501800 128.077800 112.649590 125.730553
109.371200 130.752800 112.591972 128.387253
109.256400 133.406800 112.554413 131.032578
109.149100 136.006600 112.515381 133.605713
109.039300 138.439400 112.470749 136.028458
108.946900 140.687200 112.435555 138.234375
108.848000 142.713600 112.387512 140.248108
108.759900 144.486400 112.344017 142.023956
108.690000 146.045200 112.308937 143.597641
108.715900 147.402400 112.277130 144.994232
108.827800 148.539800 112.257706 146.185333
108.921200 149.485400 112.277824 147.120438
109.006800 150.284400 112.300941 147.940369
109.049700 151.026600 112.337006 148.695480
109.110000 151.749000 112.374329 149.444061
109.240400 152.403100 112.402977 150.176773
109.344100 153.097600 112.433891 150.890381
109.452600 153.933600 112.478691 151.765610
109.521400 154.936000 112.499466 152.785294
109.584300 156.072700 112.528053 153.936264
109.645200 157.328900 112.562263 155.202072
109.667500 158.738000 112.554298 156.623138
109.715500 160.311600 112.582596 158.198181
109.696400 162.088600 112.586494 159.957840
109.648800 164.031700 112.599670 161.856033
109.639100 166.108700 112.590897 163.950439
109.633200 168.339900 112.580185 166.184738
109.612700 170.710700 112.559700 168.548248
109.583300 173.210300 112.535782 171.057510
109.553500 175.810400 112.511795 173.653412
109.534300 178.500200 112.503593 176.351517
109.535800 181.237100 112.510086 179.097549
109.577200 183.940500 112.509766 181.818924
109.589000 186.635900 112.516487 184.522675
109.627500 189.311100 112.520721 187.198914
109.659000 191.927100 112.493736 189.816910
109.629600 194.430300 112.419373 192.331848
109.574900 196.783200 112.322350 194.686707
109.514500 198.966200 112.241997 196.890961
109.471200 200.971300 112.181549 198.903992
109.448700 202.821200 112.133278 200.763184
109.448800 204.602200 112.120483 202.556259
109.487500 206.354100 112.135262 204.321457
109.546200 208.062400 112.169044 206.037216
109.610500 209.709200 112.208221 207.702011
109.671900 211.262700 112.241241 209.250244
109.705900 212.701800 112.239929 210.701019
109.734000 214.083700 112.233276 212.083008
109.731100 215.443500 112.195862 213.445068
109.707300 216.763900 112.132515 214.772232
109.699800 218.051000 112.088974 216.085678
109.686600 219.346900 112.042923 217.383240
109.662800 220.744800 112.029877 218.739288
109.624300 222.181900 111.992882 220.161255
109.632900 223.689900 111.994141 221.655838
109.598100 225.285500 111.940460 223.236526
109.569800 226.964200 111.897430 224.909836
109.440500 228.723900 111.772308 226.670319
109.201500 230.569600 111.562210 228.516602
108.840200 232.500400 111.243172 230.451614
108.453300 234.508400 110.901344 232.473801
108.103400 236.603300 110.583138 234.565430
107.820000 238.782500 110.327110 236.754623
107.625300 241.068300 110.146652 239.065857
107.500700 243.440400 110.051315 241.448822
107.404300 245.878200 109.987740 243.939560
107.332600 248.416100 109.940620 246.498840
107.256600 251.021300 109.885582 249.135925
107.176600 253.624800 109.830986 251.739502
107.085700 256.216800 109.764481 254.349075
106.990300 258.788300 109.689812 256.926483
106.888800 261.345700 109.614830 259.486572
106.803900 263.853500 109.538773 262.007477
106.756800 266.256500 109.479378 264.428711
106.736800 268.495900 109.431358 266.718597
106.721100 270.543000 109.401527 268.806641
106.664600 272.451300 109.361923 270.737579
106.602400 274.231700 109.334152 272.523010
106.541100 275.936000 109.306541 274.241821
106.490100 277.548900 109.303375 275.860901
106.431000 279.024300 109.310478 277.329956
106.436000 280.325900 109.367699 278.633148
106.525700 281.483400 109.488579 279.799744
106.690800 282.500200 109.673164 280.797760
106.934200 283.393700 109.938988 281.685028
107.264500 284.174800 110.226059 282.487183
107.615000 284.885400 110.529655 283.185089
108.052900 285.553000 110.932228 283.851868
108.564200 286.162300 111.402000 284.495941
109.134400 286.814700 111.925049 285.168304
109.716100 287.520500 112.509026 285.873627
110.122000 288.203000 112.987160 286.511993
110.422100 288.820000 113.327705 287.095520
110.586500 289.418300 113.570702 287.703217
110.618300 290.064100 113.637054 288.303680
110.518800 290.708100 113.640625 288.891541
110.370600 291.314300 113.553741 289.446350
110.141900 291.925400 113.384216 289.982941
109.836600 292.549000 113.106323 290.562836
109.496500 293.150200 112.792015 291.110413
109.127000 293.786300 112.444443 291.734528
108.698100 294.485100 112.034103 292.412445
108.256700 295.314100 111.614677 293.224304
107.818100 296.219200 111.178268 294.159027
107.428300 297.304000 110.795914 295.256378
107.065000 298.537100 110.459518 296.505737
106.761100 299.883000 110.192696 297.824066
106.504600 301.404000 109.955627 299.364197
106.275100 303.166000 109.745438 301.106537
106.085800 305.101300 109.574211 303.035553
105.832300 307.215400 109.359848 305.139557
105.631300 309.512000 109.190132 307.420532
105.511000 311.924600 109.067970 309.842590
105.445300 314.490700 109.033951 312.412018
105.421000 317.132600 109.022858 315.068054
105.442800 319.873700 109.035019 317.818390
105.446400 322.691700 109.049240 320.653290
105.418000 325.550100 109.031479 323.531494
105.395200 328.463500 109.017174 326.443817
105.363900 331.394800 109.006882 329.372406
105.291400 334.291700 108.963921 332.279114
105.220100 337.191700 108.924362 335.208191
105.144300 340.052300 108.884583 338.075684
105.074500 342.867900 108.818794 340.926758
105.008900 345.615600 108.711357 343.700989
104.963300 348.183800 108.604836 346.321686
104.902500 350.569000 108.528412 348.768250
104.816700 352.734300 108.459610 350.973846
104.677500 354.661300 108.409828 352.918152
104.615300 356.352300 108.406395 354.673492
104.604300 357.799100 108.435822 356.170868
104.701100 359.026400 108.548553 357.432800
104.890600 360.123900 108.754196 358.598572
105.192900 361.139800 109.033302 359.605316
105.583500 362.033500 109.433502 360.560822
106.094900 362.891300 109.943184 361.444824
106.699400 363.652300 110.571098 362.199341
107.414200 364.337700 111.260643 362.899872
108.207300 364.984000 112.105255 363.642334
109.274200 365.625100 113.196976 364.296478
110.518200 366.322000 114.412971 364.949463
111.969200 367.023500 115.881393 365.638489
113.629200 367.645200 117.541061 366.253143
115.502500 368.145800 119.423355 366.734009
117.562800 368.470200 121.520454 367.064270
119.826500 368.663600 123.804031 367.240692
122.238200 368.733400 126.244987 367.282928
124.812600 368.744200 128.823502 367.266510
127.509600 368.750200 131.554230 367.254456
130.334100 368.742700 134.397278 367.217926
133.295700 368.738200 137.381699 367.202179
136.383900 368.770400 140.515427 367.190155
139.555000 368.815800 143.703140 367.184418
142.817300 368.903900 146.980148 367.227539
146.129200 369.028000 150.294693 367.299866
149.483900 369.137700 153.642883 367.356354
152.891500 369.309800 157.023529 367.408630
156.306000 369.518300 160.432648 367.468994
159.737200 369.684200 163.878128 367.506897
163.198500 369.811800 167.371582 367.525299
166.695400 369.930000 170.873169 367.557678
170.207000 370.046100 174.412247 367.585754
173.771600 370.157300 177.996506 367.629242
177.360900 370.266500 181.576614 367.697205
180.975000 370.366900 185.216431 367.745941
184.518100 370.493400 188.794830 367.784760
188.057900 370.608200 192.379639 367.840424
191.649500 370.691100 195.962479 367.881226
195.256300 370.767500 199.504913 367.918823
198.849500 370.860000 203.018158 367.978333
202.381300 370.945800 206.546768 368.016846
205.845900 371.042000 210.022324 368.046570
209.282900 371.140100 213.478531 368.069397
212.668000 371.264500 216.856903 368.112183
216.064400 371.405600 220.223267 368.151855
219.481600 371.542500 223.568604 368.199585
222.884100 371.677600 226.939255 368.249969
226.298100 371.814800 230.299469 368.313324
229.735800 371.946300 233.677841 368.372284
233.194100 372.081100 237.087296 368.442352
236.650500 372.201800 240.500412 368.491852
240.111200 372.286400 243.941345 368.514099
243.564300 372.361500 247.375534 368.508881
247.015400 372.438700 250.835220 368.522339
250.457000 372.513500 254.258942 368.549744
253.891600 372.590900 257.639862 368.565918
257.290300 372.695800 261.068634 368.585236
260.690700 372.783400 264.444061 368.616394
264.069500 372.879600 267.806763 368.645844
267.431600 372.988700 271.159027 368.706573
270.776800 373.106400 274.517731 368.767242
274.109000 373.236700 277.860809 368.837769
277.432900 373.381900 281.214081 368.923798
280.759300 373.509600 284.559265 368.990082
284.056000 373.639500 287.891571 369.045380
287.359000 373.744400 291.214996 369.094147
290.659600 373.828200 294.522705 369.108185
293.947900 373.890800 297.806335 369.120483
297.237800 373.937600 301.075684 369.137207
300.521400 373.988900 304.340485 369.153900
303.768300 374.045300 307.573730 369.169250
306.957900 374.123300 310.819366 369.159515
310.146500 374.187500 314.030853 369.151550
313.322400 374.161000 317.205444 369.142456
316.483700 374.147700 320.367310 369.140350
319.614100 374.138000 323.490417 369.119598
322.710900 374.134900 326.555206 369.125610
325.754600 374.160500 329.586426 369.149048
328.760000 374.252700 332.566315 369.207611
331.723400 374.480400 335.509705 369.408295
334.629700 374.897700 338.399017 369.805206
337.443500 375.575200 341.179657 370.405975
340.190600 376.425800 343.891724 371.202484
342.858100 377.501000 346.558563 372.204376
345.468300 378.757900 349.127930 373.383453
348.031800 380.138800 351.642395 374.683350
350.528000 381.659100 354.144928 376.083771
353.018700 383.175200 356.665741 377.540131
355.491300 384.652000 359.180359 378.950653
357.947400 386.052400 361.717896 380.290771
360.450400 387.298300 364.277740 381.462006
362.989400 388.343200 366.879517 382.459442
365.629600 389.180000 369.561035 383.240875
368.276800 389.785200 372.283264 383.835266
371.000200 390.203900 375.045380 384.203217
373.810900 390.409900 377.857269 384.383850
376.669700 390.515800 380.713135 384.382660
379.565900 390.475800 383.615936 384.261353
382.519300 390.334600 386.577545 384.032776
385.568500 390.096400 389.625519 383.728638
388.667700 389.806400 392.708435 383.378143
391.801000 389.495500 395.818512 383.000122
394.948500 389.200900 398.934143 382.642944
398.070600 388.865200 402.050873 382.251312
401.148300 388.481900 405.120911 381.808502
404.065800 388.058900 408.065552 381.335388
406.691700 387.530400 410.706116 380.754028
409.000000 386.806300 412.971558 380.001068
410.962900 385.896000 414.890930 379.079315
412.562500 384.785500 416.525604 377.987854
413.996700 383.545300 417.878479 376.723236
415.180900 382.105900 419.023956 375.249298
416.123400 380.517100 419.939728 373.578094
416.780300 378.715300 420.607056 371.812378
417.257500 376.862000 421.046906 369.901001
417.474300 374.922400 421.245209 367.888123
417.570600 372.940800 421.304474 365.846680
417.595000 370.957200 421.283508 363.805359
417.608000 368.989000 421.254822 361.817627
417.583600 367.038100 421.188232 359.840393
417.563900 365.089500 421.140320 357.876434
417.541600 363.162600 421.070404 355.931763
417.537500 361.254500 421.016113 354.004333
417.528500 359.368700 420.960266 352.107361
417.528100 357.497400 420.910980 350.195190
417.533000 355.636800 420.864502 348.330139
417.535200 353.779400 420.819183 346.455627
417.571900 351.871300 420.792816 344.553070
417.625100 349.951000 420.784210 342.623444
417.694000 348.023900 420.816559 340.678253
417.785900 346.081700 420.865967 338.713654
417.908800 344.103500 420.945862 336.718842
418.015700 342.077300 421.003662 334.666229
418.081000 339.964700 421.023834 332.529846
418.090200 337.760700 420.979614 330.310822
418.050600 335.423900 420.879791 327.962250
417.958300 332.974100 420.734741 325.479584
417.860400 330.443200 420.536346 322.913940
417.712700 327.891600 420.265198 320.336212
417.482600 325.340400 419.934204 317.771332
417.033400 322.795700 419.487152 315.240936
416.342400 320.296000 418.827515 312.757294
415.500300 317.846800 417.990387 310.316162
414.502200 315.485600 416.982086 307.960114
413.318100 313.201700 415.782867 305.683258
412.032900 310.983400 414.480743 303.456543
410.705100 308.826400 413.131744 301.287750
409.332700 306.723300 411.740356 299.209930
407.938700 304.690300 410.317993 297.168823
406.473300 302.693100 408.834473 295.174011
404.955000 300.719700 407.285004 293.208649
403.421700 298.744000 405.732971 291.221832
401.884500 296.708900 404.178070 289.201263
400.391900 294.639900 402.659576 287.137451
398.848100 292.568900 401.227783 285.071594
397.412100 290.463600 399.849854 282.978485
396.057400 288.363000 398.538055 280.889252
394.718200 286.280300 397.222992 278.811096
393.408400 284.209500 395.918365 276.739624
392.117400 282.093800 394.620483 274.653839
390.835100 279.982500 393.325562 272.556915
389.579700 277.837900 392.076508 270.452423
388.345300 275.665600 390.824036 268.274384
387.120100 273.483200 389.574310 266.102356
385.875700 271.265000 388.318787 263.907806
384.628200 269.049200 387.027710 261.687836
383.381900 266.843000 385.765045 259.499237
382.125900 264.656300 384.494873 257.318390
380.854500 262.504300 383.205627 255.167023
379.661500 260.394600 381.898315 253.079391
378.446600 258.284100 380.577545 251.032578
377.135400 256.231900 379.244354 249.026596
375.830100 254.203900 377.925659 247.051025
374.666100 252.142300 376.621857 245.055984
373.467400 250.089900 375.305603 243.064865
372.260300 248.016900 373.927399 241.049850
371.007200 245.900200 372.526611 238.975922
369.693400 243.722700 371.091614 236.868439
368.315100 241.489500 369.604584 234.697495
366.888500 239.203500 368.068329 232.468872
365.460800 236.868900 366.511292 230.192444
364.012600 234.509600 364.968323 227.871002
362.529900 232.103900 363.435516 225.529114
361.127000 229.646700 361.892975 223.125305
359.661000 227.165200 360.350220 220.715790
358.172600 224.664800 358.783630 218.265121
356.667000 222.124500 357.141327 215.796310
355.093500 219.562900 355.438202 213.301666
353.424100 216.994400 353.669617 210.782486
351.712100 214.400800 351.856018 208.235733
349.975600 211.757600 350.038300 205.656311
348.217300 209.053900 348.189331 203.000580
346.440100 206.295800 346.315857 200.317932
344.718700 203.491400 344.463593 197.615372
343.048900 200.668300 342.621918 194.901230
341.324500 197.881200 340.774597 192.173431
339.568500 195.094400 338.960999 189.460175
337.852500 192.286600 337.126984 186.684570
336.194600 189.467000 335.319733 183.938934
334.505100 186.643600 333.517944 181.158112
332.810200 183.813400 331.715485 178.355850
331.136400 180.975200 329.928925 175.548935
329.490700 178.148700 328.151581 172.776413
327.932900 175.420200 326.465332 170.112152
326.471500 172.833200 324.881317 167.584946
325.095300 170.445000 323.402283 165.238464
323.762200 168.206100 322.000061 163.036957
322.412400 165.996900 320.561310 160.853119
321.011100 163.835400 319.108307 158.714920
319.641800 161.678600 317.699707 156.575851
318.295500 159.472400 316.295990 154.394150
316.951800 157.229300 314.895874 152.197937
315.588800 154.961100 313.454865 149.971161
314.135600 152.692800 311.970764 147.738953
312.631900 150.387300 310.450531 145.455627
311.148500 148.012100 308.923096 143.141113
309.612900 145.580200 307.325378 140.730423
308.016700 143.109100 305.706390 138.282425
306.331100 140.598200 304.035919 135.799911
304.564400 138.076000 302.295135 133.289566
302.797400 135.508900 300.518402 130.737289
300.997000 132.893600 298.711182 128.139252
299.222800 130.218600 296.893280 125.489845
297.437100 127.496300 295.039368 122.794518
295.655500 124.725500 293.184387 120.076996
293.887000 121.904900 291.307098 117.264374
292.106700 119.014900 289.415222 114.429916
290.285600 116.096800 287.514526 111.569893
288.486200 113.134700 285.606934 108.677971
286.686000 110.204800 283.655029 105.761276
284.893700 107.269000 281.740570 102.888206
283.126100 104.350100 279.825256 100.034958
281.355100 101.454500 277.936584 97.208252
279.594100 98.593690 276.063843 94.419357
277.853700 95.782330 274.230774 91.662033
276.123300 93.015090 272.404785 88.932602
274.407100 90.294590 270.604309 86.245308
272.692900 87.620630 268.841675 83.631134
270.986100 84.990760 267.036774 81.014305
269.325100 82.370640 265.255554 78.431816
267.721500 79.761360 263.545471 75.914299
266.125000 77.187760 261.854156 73.431023
264.542700 74.650060 260.156158 70.944572
262.985600 72.146080 258.491119 68.488464
261.442300 69.672120 256.857239 66.054413
259.914000 67.228910 255.240082 63.643818
258.304500 64.884450 253.658157 61.284801
256.745600 62.566170 252.104126 58.938343
255.295000 60.234750 250.628403 56.591106
253.997800 57.859320 249.299072 54.221207
252.910900 55.413560 248.168671 51.773697
252.070800 52.918370 247.270126 49.271900
251.456200 50.379500 246.616211 46.747375
251.101500 47.849010 246.210953 44.212799
250.932300 45.362320 245.975098 41.690296
250.858900 42.970440 245.836624 39.276268
250.880600 40.703100 245.746597 36.951977
250.860200 38.529600 245.630646 34.696156
250.643100 36.422190 245.351624 32.550873
250.219900 34.431510 244.844498 30.588097
249.550300 32.522370 244.174988 28.653328
248.682400 30.805930 243.263840 26.893637
247.595100 29.296170 242.063965 25.380434
246.325600 27.986790 240.716949 24.026539
244.806500 26.870520 239.176041 22.955561
243.208500 26.046220 237.552277 22.166567
241.618500 25.511990 235.981796 21.681164
240.183400 25.244680 234.533295 21.466984
238.935000 25.182690 233.282120 21.446417
237.834400 25.306400 232.183762 21.599661
236.751000 25.547440 231.180222 21.863672
235.819600 26.015040 230.278397 22.345804
235.018800 26.634010 229.492920 22.948599
234.322500 27.380390 228.799103 23.668118
233.665300 28.270030 228.240952 24.595818
233.152200 29.370220 227.761627 25.704107
232.717700 30.623840 227.413651 26.937674
232.381300 32.026050 227.157364 28.363955
232.146500 33.563930 227.033249 29.832607
231.970000 35.230950 226.968811 31.496412
231.824100 37.057360 226.932053 33.299438
231.711700 38.971820 226.925659 35.208042
231.613800 41.054710 226.932144 37.278984
231.500400 43.265380 226.943390 39.511749
231.399200 45.576380 226.969757 41.836494
231.319600 47.958050 227.018280 44.225147
231.245500 50.455120 227.091125 46.718452
231.179600 53.045730 227.173996 49.299042
231.112600 55.734600 227.266388 51.988400
231.018200 58.532000 227.356064 54.764977
230.923100 61.468330 227.466125 57.655712
230.781800 64.386420 227.544022 60.550591
230.554400 67.301250 227.535873 63.469437
230.382900 70.279420 227.560471 66.447540
230.251900 73.265810 227.619766 69.428497
230.117200 76.279160 227.682236 72.458542
229.963600 79.299000 227.707275 75.489899
229.812600 82.350860 227.738846 78.519089
229.639600 85.361680 227.788651 81.555435
229.508400 88.372400 227.854736 84.596870
229.396200 91.404150 227.927094 87.630203
229.226100 94.390420 227.946701 90.600677
229.043400 97.383610 227.951859 93.575508
228.915600 100.420900 228.017929 96.599045
228.777400 103.429600 228.058411 99.611069
228.620500 106.515300 228.100159 102.686287
228.492800 109.617700 228.157028 105.788338
228.345100 112.766000 228.203049 108.931808
228.262200 115.953800 228.260178 112.108513
228.174500 119.123600 228.307663 115.255806
228.062700 122.300500 228.330399 118.423546
227.923700 125.438600 228.354568 121.554184
227.800300 128.526100 228.386124 124.634399
227.652200 131.598300 228.405380 127.673393
227.534700 134.639400 228.435257 130.711731
227.419600 137.638100 228.462967 133.716385
227.314300 140.648200 228.492264 136.733353
227.209000 143.551900 228.527405 139.660477
227.066800 146.491000 228.521347 142.609711
226.958600 149.420900 228.558228 145.491806
226.876000 152.285800 228.593613 148.336838
226.800700 155.135000 228.651947 151.171722
226.731900 157.928600 228.696198 153.951462
226.671000 160.677000 228.746521 156.690384
226.582000 163.433500 228.768188 159.440598
226.485000 166.141300 228.792831 162.133072
226.397200 168.834800 228.805923 164.814804
226.291800 171.503000 228.814499 167.489380
226.193800 174.156400 228.821121 170.127441
226.097700 176.845900 228.836960 172.793930
226.004100 179.602700 228.858765 175.544388
225.899400 182.370000 228.893082 178.299667
225.790500 185.147000 228.916962 181.043594
225.666400 187.881700 228.923096 183.740219
225.559700 190.596700 228.949829 186.440994
225.450800 193.273500 228.971588 189.123611
225.344100 195.959200 229.002075 191.802368
225.255300 198.650900 229.053680 194.464035
225.193200 201.334900 229.106659 197.129745
225.127200 204.006800 229.165848 199.774689
225.065500 206.635300 229.217972 202.398605
225.010800 209.237100 229.274414 204.974457
224.942500 211.826000 229.316360 207.535416
224.891100 214.400400 229.376785 210.082214
224.851300 216.935700 229.453949 212.585846
224.574700 219.362300 229.523224 215.026718
224.296500 221.836900 229.588394 217.519165
224.077500 224.335800 229.667740 220.033783
223.912600 226.902200 229.756866 222.577316
223.741800 229.521600 229.818970 225.184280
223.606900 232.177000 229.884064 227.830170
223.385500 235.003000 229.904648 230.595230
223.159800 237.809300 229.892746 233.362656
222.960600 240.674800 229.889709 236.201630
222.792300 243.535000 229.896622 239.004227
222.588700 246.352100 229.902817 241.791382
222.380700 249.170100 229.900391 244.548447
222.221500 251.920200 229.939804 247.226166
222.080000 254.672900 229.987823 249.948792
221.956900 257.368500 230.025513 252.646637
221.829100 260.046700 230.069489 255.320435
221.692500 262.646800 230.085297 257.957031
221.568600 265.262200 230.114838 260.598572
221.459700 267.839700 230.164169 263.179810
221.336200 270.381800 230.189972 265.753296
221.189700 272.766200 230.193176 268.140411
221.088000 275.002000 230.219421 270.367554
221.026400 277.045600 230.283020 272.404236
221.049000 278.872300 230.418716 274.228943
221.129600 280.543300 230.588852 275.903503
221.219900 282.100200 230.766266 277.458527
221.344400 283.572300 230.999359 278.928802
221.383300 284.982800 231.122910 280.333313
221.427300 286.297500 231.264130 281.617645
221.355400 287.505400 231.296539 282.807648
221.243100 288.625800 231.270233 283.895844
221.036600 289.678700 231.148819 284.935913
220.706100 290.652000 230.897873 285.888184
220.342100 291.553100 230.593872 286.801910
219.853800 292.364600 230.176590 287.685974
219.269900 293.212700 229.658615 288.570801
218.538100 294.065300 229.001038 289.382568
217.686800 294.889800 228.194687 290.228271
216.657700 295.681400 227.229721 291.070068
215.444500 296.400100 226.106918 291.794983
214.042800 296.980800 224.729645 292.416229
212.392600 297.367200 223.141861 292.848785
210.496800 297.522800 221.323990 293.133575
208.422600 297.550500 219.288589 293.249481
206.131200 297.483400 217.032166 293.274811
203.651200 297.386400 214.546982 293.300812
200.976300 297.310600 211.853485 293.363617
198.089000 297.234800 208.961121 293.440491
194.997600 297.169600 205.871063 293.527588
191.702200 297.088100 202.565948 293.611816
188.259400 296.972900 199.129059 293.676270
184.687600 296.836900 195.552734 293.723206
180.991300 296.697500 191.857956 293.769043
177.262000 296.545800 188.112564 293.790894
173.558400 296.374900 184.409714 293.799591
169.919200 296.277600 180.723099 293.811920
166.317100 296.215600 177.018799 293.824249
162.711100 296.177000 173.398453 293.824341
159.134700 296.119900 169.753555 293.817627
155.571100 296.037800 166.115448 293.824646
152.007700 295.960500 162.502609 293.834320
148.468000 295.873200 158.931061 293.852448
144.946600 295.784900 155.358963 293.865417
141.444100 295.697900 151.816299 293.887970
137.975600 295.609100 148.300308 293.892303
134.474600 295.536100 144.824600 293.887604
131.021500 295.387200 141.373322 293.865967
127.584800 295.185200 137.943848 293.773682
124.194200 294.919100 134.580002 293.614319
120.833000 294.568800 131.243469 293.393066
117.524100 294.148300 127.919090 293.075348
114.277200 293.717200 124.655128 292.751373
111.044200 293.263000 121.418999 292.415802
107.875300 292.820400 118.222771 292.079193
104.688800 292.432800 115.024956 291.776886
101.526200 292.112800 111.832626 291.558533
98.320670 291.867700 108.589104 291.411560
95.075730 291.698100 105.319611 291.334869
91.781610 291.600800 101.991623 291.348724
88.461730 291.510300 98.611649 291.381439
85.094010 291.416400 95.198135 291.414276
81.672540 291.325000 91.721802 291.454254
78.223590 291.216800 88.248650 291.482086
74.766450 291.106600 84.771736 291.489685
71.344240 290.985400 81.361763 291.498260
67.941880 290.873200 77.977707 291.506409
64.574620 290.765700 74.600456 291.507080
61.246410 290.655900 71.275002 291.515198
57.944380 290.555500 67.986412 291.525024
54.688490 290.463900 64.739143 291.528320
51.465180 290.374800 61.514214 291.540192
48.250390 290.298700 58.280731 291.560272
45.050130 290.226400 55.099056 291.580872
41.875270 290.157700 51.910465 291.600098
38.711490 290.079000 48.767738 291.620667
35.578690 289.999000 45.644505 291.643463
32.468040 289.919000 42.563179 291.673401
29.399030 289.855900 39.490692 291.713379
26.374440 289.806000 36.477333 291.756653
23.466190 289.753800 33.570782 291.798157
20.703250 289.695700 30.816980 291.829041
18.065590 289.632000 28.186991 291.848724
15.545090 289.573700 25.675621 291.863068
13.147890 289.520300 23.298199 291.888733
10.888030 289.488100 21.044395 291.932068
8.793075 289.520100 18.967522 292.039276
6.883822 289.607400 17.055986 292.203369
5.082836 289.770600 15.252159 292.427979
3.360773 289.989300 13.537664 292.710999
1.693438 290.246300 11.867757 293.032867
0.081762 290.523900 10.265614 293.366425
-1.454040 290.824700 8.726628 293.709259
-2.912142 291.153900 7.274529 294.083862
-4.263831 291.496500 5.967656 294.463959
-5.469629 291.865200 4.767229 294.851532
-6.561797 292.250200 3.697240 295.266205
-7.567325 292.720400 2.738431 295.746582
-8.250854 293.150700 2.074041 296.170044
-8.615564 293.414600 1.726604 296.441467
-8.701378 293.497800 1.634773 296.519775
-8.677816 293.476200 1.656940 296.485107
-8.670689 293.481400 1.646765 296.497620
-8.660467 293.476600 1.642170 296.495178
-8.651698 293.468700 1.649234 296.497223
-8.643833 293.460000 1.661199 296.476685
-8.651930 293.468400 1.641350 296.506836
-8.687854 293.502400 1.593375 296.543579
-8.762112 293.570000 1.519152 296.615662
-8.920494 293.730700 1.355197 296.793518
-9.169684 294.008200 1.106939 297.078033
-9.506103 294.394700 0.769625 297.503113
-9.958653 294.935000 0.329765 298.082001
-10.520470 295.675700 -0.205831 298.855011
-11.117550 296.668100 -0.792098 299.885437
-11.708500 297.866400 -1.338094 301.159027
-12.237630 299.339200 -1.821457 302.675537
-12.683330 301.018400 -2.208102 304.385925
-13.070580 302.864600 -2.544497 306.270386
-13.368680 304.910200 -2.779546 308.345245
-13.565630 307.103100 -2.913317 310.583160
-13.722500 309.483700 -2.982947 312.995880
