0.000000 0.000000 0.000000 0.000000
0.054181 0.879235 0.039771 0.886849
0.069768 1.824326 0.045831 1.843096
0.003415 2.875512 -0.043440 2.875027
-0.123130 4.021896 -0.191865 3.997401
-0.355562 5.248722 -0.417730 5.223441
-0.622388 6.586939 -0.689009 6.566056
-0.941959 8.041587 -1.029084 8.008599
-1.317954 9.607606 -1.406005 9.565163
-1.746028 11.261490 -1.872589 11.233403
-2.247333 13.001260 -2.428590 12.999655
-2.819369 14.841550 -3.034000 14.842518
-3.471584 16.794890 -3.723428 16.787062
-4.206227 18.801040 -4.484035 18.826704
-5.002325 20.924250 -5.289508 20.940578
-5.895726 23.141170 -6.183160 23.124678
-6.893668 25.384920 -7.175404 25.362345
-7.982190 27.688730 -8.259554 27.658573
-9.164411 30.059710 -9.447144 30.005976
-10.444260 32.492060 -10.739505 32.442867
-11.824940 34.996970 -12.171602 34.940788
-13.288260 37.616200 -13.632656 37.518822
-14.807970 40.343090 -15.187963 40.199951
-16.405480 43.114560 -16.801546 42.942924
-18.046730 45.856950 -18.483589 45.666515
-19.822820 48.550680 -20.229317 48.321796
-21.675070 51.158150 -22.088556 50.982410
-23.560100 53.734170 -23.980259 53.599747
-25.494780 56.313420 -25.950396 56.223469
-27.482530 58.864650 -27.923618 58.765625
-29.541190 61.360910 -29.981554 61.297768
-31.678300 63.840490 -32.125015 63.815121
-33.902360 66.293940 -34.369236 66.294769
-36.250580 68.681990 -36.686611 68.744804
-38.692550 71.052560 -39.123699 71.160774
-41.192840 73.405700 -41.630489 73.530571
-43.783840 75.735640 -44.225216 75.917915
-46.432290 78.051270 -46.888309 78.262276
-49.152200 80.361270 -49.631245 80.590660
-51.940820 82.646680 -52.417030 82.879211
-54.848670 84.861880 -55.323547 85.093407
-57.859180 86.983730 -58.349545 87.215912
-60.964150 89.027210 -61.454868 89.261040
-64.171330 90.959490 -64.648438 91.184776
-67.486660 92.809380 -67.956345 93.038658
-70.858280 94.583360 -71.323372 94.794327
-74.262510 96.288110 -74.712570 96.504868
-77.676110 97.939670 -78.137825 98.163582
-81.063060 99.532950 -81.538765 99.748665
-84.370760 101.062700 -84.875778 101.311821
-87.620370 102.509100 -88.142555 102.805107
-90.786320 103.874400 -91.294472 104.218903
-93.870530 105.255700 -94.390564 105.654678
-96.881570 106.709600 -97.387405 107.134460
-99.805830 108.239800 -100.299217 108.692680
-102.636000 109.900200 -103.127937 110.326988
-105.378400 111.659200 -105.825706 112.056206
-107.976000 113.472300 -108.395966 113.864960
-110.447900 115.333000 -110.831596 115.719620
-112.784900 117.225600 -113.151787 117.624435
-115.015000 119.132700 -115.339935 119.580910
-117.123400 121.056800 -117.410828 121.533646
-119.078900 122.948300 -119.363174 123.506378
-120.895600 124.857100 -121.181793 125.463196
-122.564000 126.793900 -122.860977 127.449181
-124.115200 128.784700 -124.418007 129.489838
-125.556900 130.848800 -125.865181 131.593460
-126.900700 132.986400 -127.220657 133.746338
-128.166200 135.162700 -128.507385 135.970779
-129.390300 137.438800 -129.744308 138.269730
-130.624700 139.816800 -130.971420 140.664108
-131.850200 142.307900 -132.201218 143.187195
-133.053900 144.928800 -133.393555 145.844101
-134.221100 147.696700 -134.558121 148.625320
-135.286000 150.585100 -135.660812 151.587921
-136.188200 153.654800 -136.603714 154.661987
-136.902400 156.885700 -137.359344 157.918228
-137.414500 160.267800 -137.907074 161.350708
-137.716200 163.797200 -138.249939 164.902222
-137.811800 167.451700 -138.382248 168.601410
-137.693100 171.190300 -138.295700 172.427567
-137.342300 175.019300 -137.960876 176.330048
-136.764600 178.911300 -137.424622 180.286942
-135.961700 182.879700 -136.649750 184.364700
-134.921000 186.887900 -135.621826 188.439423
-133.676900 190.927900 -134.370972 192.577972
-132.176400 194.967500 -132.860153 196.720444
-130.412100 198.974000 -131.096832 200.822769
-128.325000 202.907800 -128.984146 204.849930
-125.879600 206.683600 -126.505081 208.701004
-123.115600 210.265500 -123.692368 212.369644
-120.072500 213.663000 -120.583298 215.865753
-116.797700 216.867700 -117.220726 219.172195
-113.326600 219.882100 -113.664421 222.272156
-109.741800 222.621900 -109.995125 225.091553
-106.071200 225.055100 -106.219788 227.631866
-102.330300 227.163100 -102.391640 229.808411
-98.549080 228.934800 -98.491959 231.656433
-94.765260 230.393600 -94.608284 233.148972
-91.040120 231.572900 -90.755913 234.377747
-87.356360 232.508500 -86.954819 235.347046
-83.712820 233.198800 -83.171883 236.078049
-80.131800 233.665300 -79.505692 236.569901
-76.597140 233.928600 -75.860924 236.863892
-73.221710 234.047000 -72.360054 236.990326
-69.951170 234.094200 -68.972023 237.047134
-66.744420 234.089700 -65.659546 237.077576
-63.631270 234.073000 -62.438820 237.080841
-60.588190 234.080900 -59.302681 237.108337
-57.589970 234.129900 -56.258114 237.170197
-54.631270 234.221300 -53.245533 237.277054
-51.691800 234.380800 -50.295021 237.457886
-48.789980 234.600500 -47.393372 237.698013
-45.914730 234.880700 -44.521694 237.983688
-43.056600 235.221400 -41.647812 238.341064
-40.226560 235.615000 -38.801048 238.736145
-37.436510 236.072300 -36.005718 239.197769
-34.671830 236.602900 -33.239555 239.727722
-31.872100 237.159200 -30.433838 240.297852
-29.030010 237.739000 -27.583218 240.883316
-26.164210 238.361200 -24.712090 241.515884
-23.288400 239.014600 -21.839628 242.192276
-20.420150 239.737800 -19.018003 242.948364
-17.585900 240.557900 -16.176500 243.774139
-14.787740 241.484300 -13.372005 244.719437
-12.027780 242.497800 -10.588824 245.741852
-9.297034 243.589800 -7.844443 246.850266
-6.615868 244.741000 -5.181938 248.003922
-4.000885 245.950200 -2.563671 249.219925
-1.445171 247.223500 -0.005414 250.508698
1.045353 248.560800 2.514598 251.848129
3.471952 249.950800 4.964245 253.247910
5.864994 251.410300 7.370476 254.705673
8.235125 252.947800 9.747997 256.208740
10.583690 254.573100 12.187449 257.766022
12.953340 256.177400 14.586951 259.307861
15.346400 257.781100 16.998947 260.880096
17.751050 259.400400 19.424141 262.483948
20.188860 261.030300 21.862490 264.089600
22.647720 262.666800 24.312502 265.714294
25.099450 264.305600 26.743626 267.345703
27.525840 265.954500 29.175978 269.017395
29.936290 267.631700 31.568190 270.692871
32.286150 269.360900 33.892567 272.425262
34.606160 271.143700 36.184700 274.202209
36.885170 273.027100 38.417957 276.070801
39.097050 274.998500 40.613659 278.056427
41.290800 277.096800 42.783607 280.144836
43.439250 279.297300 44.909760 282.346741
45.513250 281.622300 46.955231 284.651001
47.514220 284.070700 48.948753 287.081818
49.431830 286.626800 50.857956 289.626556
51.294100 289.273800 52.713375 292.267273
53.101300 292.012400 54.522484 295.009460
54.875230 294.809700 56.314747 297.835510
56.646400 297.643200 58.103439 300.675049
58.445530 300.513000 59.914215 303.562866
60.252450 303.405100 61.737644 306.453827
62.043860 306.330600 63.531269 309.377014
63.761150 309.296200 65.239059 312.349152
65.349920 312.311900 66.832214 315.393036
66.806830 315.364200 68.298363 318.438080
68.116080 318.458200 69.588120 321.547913
69.296620 321.579600 70.789688 324.686218
70.444270 324.701500 71.939774 327.826691
71.544490 327.823300 73.044258 330.954254
72.579080 330.962600 74.080582 334.117035
73.537630 334.109900 75.048935 337.277466
74.456800 337.228300 75.965752 340.411652
75.339380 340.280400 76.862030 343.480194
76.286690 343.179300 77.836403 346.387268
77.264140 345.918700 78.817001 349.146759
78.217100 348.599200 79.794365 351.855774
79.076510 351.282300 80.658020 354.503662
79.788430 353.970700 81.383270 357.165985
80.289200 356.680100 81.903023 359.878326
80.544210 359.422600 82.174683 362.597961
80.553950 362.181700 82.200371 365.337646
80.325300 364.950100 81.971352 368.081146
79.948290 367.764600 81.614632 370.897797
79.552930 370.623900 81.226501 373.765015
79.189870 373.576200 80.880928 376.727356
78.847720 376.617400 80.550110 379.785278
78.487220 379.779100 80.203651 382.960968
78.109220 383.024900 79.837601 386.220306
77.724340 386.331700 79.455833 389.572083
77.303670 389.673500 79.052460 392.910797
76.785710 392.998500 78.551445 396.247467
76.164260 396.307900 77.948830 399.580139
75.453110 399.563900 77.242775 402.850525
74.687820 402.778100 76.478043 406.091431
73.880590 405.959600 75.669540 409.312469
73.001560 409.140100 74.796944 412.487488
72.077030 412.325000 73.880020 415.720856
71.142260 415.518400 72.955879 418.929077
70.199490 418.732600 72.041481 422.139526
69.226500 421.954700 71.075706 425.366608
68.236100 425.167200 70.083023 428.600311
67.260820 428.363600 69.116631 431.815918
66.313240 431.552600 68.158089 435.026581
65.391740 434.718000 67.226974 438.212128
64.501670 437.856900 66.327888 441.360779
63.634920 440.951000 65.449142 444.498505
62.789470 444.005700 64.587738 447.568878
61.956690 447.015700 63.744911 450.585022
61.133480 449.961200 62.894588 453.572540
60.318620 452.867200 62.063770 456.481140
59.499520 455.718100 61.254704 459.320160
58.682170 458.529200 60.450012 462.145081
57.867160 461.298900 59.654144 464.912964
57.054660 464.035200 58.852283 467.643829
56.243590 466.731100 58.043774 470.333344
55.443060 469.359000 57.249569 472.954529
54.686220 471.907600 56.500885 475.510590
53.957650 474.335100 55.781628 477.954132
53.256730 476.667000 55.097935 480.275848
52.582380 478.963700 54.444355 482.615967
51.956500 481.261900 53.836613 484.901825
51.412610 483.574200 53.277042 487.271759
51.013880 485.899300 52.887558 489.643066
50.812910 488.248800 52.671356 492.028656
50.798080 490.609700 52.663933 494.420105
50.978710 492.984500 52.853260 496.816711
51.345270 495.367500 53.231911 499.237976
51.889050 497.738400 53.781933 501.660217
52.577300 500.130400 54.495174 504.067535
53.407230 502.515400 55.351337 506.462402
54.397040 504.884900 56.336197 508.877472
55.518570 507.215000 57.469807 511.212708
56.765020 509.509300 58.728138 513.522766
58.192020 511.730400 60.165859 515.795715
59.789040 513.824000 61.765472 517.920532
61.540430 515.752700 63.529140 519.879333
63.410000 517.523000 65.401550 521.666870
65.397890 519.217300 67.397247 523.379089
67.496690 520.814600 69.500969 524.983826
69.720640 522.307200 71.757561 526.497009
72.067650 523.642400 74.103577 527.815369
74.549290 524.809100 76.621529 528.991882
77.153850 525.815200 79.274704 530.015808
79.881990 526.633100 82.034210 530.823792
82.715440 527.211700 84.921730 531.440125
85.640790 527.586200 87.910378 531.822327
88.644290 527.748500 90.974960 531.995911
91.710620 527.693700 94.050140 531.933044
94.811790 527.411800 97.238693 531.641907
97.935300 526.886500 100.407082 531.087708
101.063100 526.157900 103.618149 530.364319
104.194600 525.225000 106.769699 529.432922
107.305700 524.079000 109.921036 528.254944
110.385400 522.743600 113.044510 526.909058
113.459600 521.282300 116.133705 525.442017
116.567100 519.769500 119.283501 523.929810
119.739300 518.237200 122.447891 522.411255
122.982300 516.640600 125.638123 520.850098
126.165500 515.061000 128.874557 519.248840
129.459200 513.419400 132.150330 517.618835
132.785400 511.739500 135.490570 515.944092
136.164500 510.030300 138.860764 514.230713
139.600200 508.311400 142.238342 512.531250
143.109700 506.548700 145.748657 510.764862
146.672500 504.761300 149.298706 508.980927
150.295000 502.937800 152.932205 507.140198
153.967100 501.081900 156.612686 505.284302
157.696200 499.214100 160.340622 503.411713
161.457700 497.333800 164.088715 501.536835
165.216700 495.416600 167.834671 499.619019
168.984800 493.501000 171.601776 497.720703
172.746400 491.586700 175.371307 495.809021
176.518000 489.688800 179.115891 493.941101
180.295200 487.819900 182.908081 492.078522
184.036700 485.970500 186.661499 490.245331
187.779200 484.135700 190.445435 488.408661
191.500200 482.306500 194.187088 486.578430
195.180200 480.469600 197.900208 484.738251
198.815300 478.621300 201.558640 482.880127
202.393600 476.753100 205.191284 481.001617
205.912000 474.880400 208.750732 479.120361
209.296500 473.041000 212.183197 477.286591
212.515400 471.274700 215.413269 475.529327
215.580600 469.586600 218.517960 473.814453
218.489200 468.019000 221.459793 472.248474
221.328300 466.599200 224.331268 470.834869
224.156800 465.368500 227.163742 469.622070
226.991800 464.316200 230.040833 468.572632
229.883500 463.424700 232.947342 467.718781
232.820800 462.731300 235.921982 467.050720
235.780100 462.243300 238.899948 466.576874
238.782200 461.945800 241.920685 466.274323
241.848400 461.905600 244.979858 466.226074
244.967900 462.147500 248.029388 466.487976
248.086200 462.682300 251.146149 467.008514
251.186900 463.495800 254.216217 467.820099
254.278000 464.580100 257.283234 468.886383
257.287900 465.915200 260.270325 470.240906
260.242000 467.523100 263.156860 471.840179
263.106900 469.351100 265.981018 473.677521
265.866100 471.381400 268.751831 475.731140
268.559300 473.556000 271.445343 477.930420
271.204400 475.840000 274.083069 480.244995
273.819900 478.206700 276.656677 482.600098
276.385100 480.590800 279.186371 484.981812
278.915500 482.977100 281.728119 487.404785
281.390900 485.346800 284.225037 489.783051
283.809500 487.633100 286.647522 492.075073
286.165500 489.759700 289.013000 494.233185
288.479300 491.699500 291.346619 496.200684
290.753400 493.425200 293.626495 497.949432
292.943900 494.909400 295.830902 499.467865
295.050000 496.208200 297.936432 500.790375
297.157600 497.295500 300.063721 501.919708
299.275300 498.080400 302.190002 502.725830
301.409300 498.552800 304.364655 503.262115
303.638500 498.806300 306.596222 503.549042
305.825500 498.755800 308.841309 503.506989
307.969500 498.413400 311.056824 503.206299
310.082700 497.866400 313.229584 502.698639
312.168500 497.169500 315.380219 502.035187
314.242500 496.345000 317.507050 501.247559
316.287200 495.404000 319.626038 500.357422
318.242200 494.293900 321.619415 499.279358
320.067800 492.959300 323.481018 497.968658
321.691800 491.422900 325.153412 496.444672
323.027900 489.679600 326.598145 494.743561
324.128000 487.907400 327.798767 492.953674
325.083100 486.074100 328.780945 491.073334
325.901600 484.156200 329.606079 489.097595
326.541500 482.161200 330.291199 487.037140
326.975000 480.110600 330.756439 484.946167
327.199900 477.981300 330.997009 482.807648
327.207600 475.816100 331.036285 480.617188
326.987100 473.574900 330.842560 478.378021
326.612600 471.312500 330.467163 476.031342
326.101700 468.984300 329.982117 473.645905
325.485000 466.584700 329.389679 471.205261
324.770900 464.117300 328.709686 468.713318
324.015300 461.568800 327.981995 466.135193
323.241500 458.937100 327.235657 463.487762
322.428100 456.221600 326.458313 460.766693
321.582200 453.438700 325.642029 457.990692
320.700500 450.590200 324.786957 455.134460
319.803300 447.709400 323.924561 452.256592
318.882300 444.812700 323.020172 449.368622
317.933600 441.902000 322.133728 446.492157
317.026500 438.982700 321.258881 443.574127
316.159500 436.052700 320.412720 440.643829
315.357400 433.104800 319.625061 437.684631
314.633500 430.138600 318.906097 434.710602
314.023700 427.174800 318.315155 431.744476
313.546100 424.188800 317.869904 428.760498
313.186000 421.191700 317.529999 425.776001
312.967300 418.184200 317.342529 422.794891
312.864500 415.179900 317.260559 419.791809
312.872600 412.155500 317.292450 416.783783
312.990400 409.162100 317.420166 413.796387
313.203500 406.159400 317.660431 410.804077
313.520300 403.163500 318.011810 407.796967
313.923800 400.189100 318.428192 404.816467
314.410500 397.252500 318.938507 401.883362
314.957200 394.350700 319.510040 398.992126
315.563700 391.486400 320.142731 396.102661
316.210700 388.682600 320.819305 393.278168
316.875600 385.969600 321.525665 390.564240
317.575400 383.411700 322.249817 388.017120
318.278300 381.082600 322.976837 385.687592
318.940600 378.964700 323.654022 383.565613
319.536100 376.960800 324.302673 381.565063
320.051600 374.976800 324.895355 379.604553
320.455200 373.030400 325.389801 377.643646
320.667900 371.083600 325.644196 375.708984
320.639300 369.178900 325.653839 373.799500
320.367200 367.308200 325.451141 371.925110
319.812200 365.451900 324.963745 370.038361
318.977600 363.612500 324.200623 368.220917
317.917200 361.899400 323.195404 366.507843
316.653200 360.259800 321.963348 364.853760
315.183100 358.649300 320.534119 363.236633
313.573000 357.006500 318.943512 361.577942
311.803000 355.325900 317.194153 359.887482
309.911600 353.572300 315.321777 358.110657
307.954100 351.681100 313.399292 356.207031
305.918800 349.709900 311.403015 354.220917
303.815100 347.660800 309.330383 352.145660
301.671400 345.530600 307.202576 349.999054
299.493500 343.321800 305.066040 347.791138
297.311600 341.063800 302.903992 345.529785
295.144200 338.750800 300.745880 343.222748
293.010900 336.383800 298.632141 340.876587
290.937000 333.945100 296.580780 338.445099
288.991700 331.405200 294.606232 335.880737
287.170900 328.759000 292.777313 333.233978
285.462000 326.045600 291.077545 330.521423
283.830800 323.246400 289.437805 327.710999
282.268800 320.363300 287.871002 324.844147
280.755300 317.391500 286.359619 321.866638
279.273700 314.371200 284.858215 318.816833
277.774600 311.308900 283.373810 315.759033
276.264200 308.193000 281.884094 312.646057
274.757100 305.022400 280.400452 309.480225
273.207400 301.793600 278.881744 306.240082
271.619600 298.531900 277.331696 302.970001
270.024400 295.205700 275.769501 299.631622
268.363800 291.836000 274.131775 296.257446
266.611600 288.477200 272.400146 292.902100
264.727500 285.132100 270.536530 289.570129
262.759200 281.800100 268.572113 286.254150
260.701700 278.471600 266.531494 282.919800
258.620500 275.176300 264.428284 279.581635
256.506400 271.837700 262.326324 276.243011
254.344100 268.488000 260.181366 272.867340
252.173900 265.097000 258.041595 269.504761
249.944700 261.678700 255.865250 266.111847
247.696800 258.253900 253.674850 262.710297
245.448300 254.808000 251.419434 259.266602
243.193400 251.334600 249.184448 255.811462
240.896500 247.824500 246.930344 252.318710
238.556700 244.277400 244.643127 248.796066
236.174700 240.690700 242.297516 245.210144
233.763000 237.091500 239.953278 241.627213
231.332800 233.457600 237.626205 238.036102
228.838300 229.808000 235.235916 234.429626
226.342900 226.169100 232.814743 230.825104
223.818800 222.533800 230.358170 227.221115
221.285700 218.901400 227.885315 223.620239
218.752300 215.265000 225.406311 220.002304
216.249600 211.634900 222.958481 216.372574
213.762100 207.997700 220.514633 212.740051
211.316800 204.351400 218.100845 209.087296
208.893800 200.676600 215.731796 205.429398
206.508300 196.989800 213.368057 201.764572
204.177700 193.291200 211.052704 198.060837
201.927600 189.547700 208.816437 194.296143
199.739900 185.759300 206.655334 190.476364
197.634000 181.950500 204.590408 186.646561
195.568100 178.118500 202.561478 182.777954
193.561400 174.281900 200.594421 178.932663
191.624100 170.408300 198.628616 175.029358
189.716900 166.527700 196.723022 171.142105
187.815500 162.621800 194.819992 167.225998
185.959300 158.681600 192.956955 163.253311
184.094000 154.737900 191.092728 159.298309
182.239600 150.794500 189.245331 155.360168
180.398400 146.846200 187.415878 151.396820
178.592100 142.900000 185.600510 147.453278
176.795000 138.933400 183.786087 143.486237
174.974500 134.967700 181.987381 139.547012
173.137100 131.051800 180.145737 135.613922
171.221700 127.194200 178.230789 131.742172
169.204100 123.403700 176.186661 127.938118
167.059300 119.698200 174.037796 124.214241
164.778800 116.075700 171.780792 120.611916
162.368900 112.524900 169.383530 117.088486
159.842700 109.067300 166.878418 113.666557
157.243500 105.701500 164.260284 110.304695
154.586000 102.373400 161.583527 106.983513
151.852400 99.075390 158.869965 103.710060
149.065100 95.812170 156.099960 100.457405
146.211000 92.589950 153.269760 97.226921
143.290400 89.438890 150.339661 94.048508
140.313900 86.318510 147.363358 90.928696
137.315300 83.188540 144.364822 87.802467
134.309400 80.022690 141.374756 84.650398
131.293700 76.854850 138.401260 81.515732
128.257000 73.680270 135.406525 78.351479
125.224000 70.510050 132.391129 75.156265
122.171600 67.325860 129.396225 71.989273
119.104200 64.151150 126.335953 68.795250
116.003700 60.986180 123.225166 65.626595
112.861400 57.817240 120.096054 62.459911
109.667300 54.647940 116.956535 59.321209
106.494700 51.468900 113.793556 56.160866
103.294400 48.292970 110.612320 53.003494
100.126400 45.132480 107.448997 49.852615
96.950460 41.977160 104.265755 46.688179
93.739320 38.803750 101.094917 43.547840
90.567830 35.632100 97.947639 40.387890
87.415790 32.458970 94.822693 37.240231
84.260040 29.295850 91.702423 34.084339
81.123540 26.129440 88.590698 30.914976
77.992680 22.957970 85.487968 27.740837
74.890600 19.774830 82.381401 24.553053
71.780370 16.590360 79.283218 21.366161
68.630430 13.396510 76.187370 18.170383
65.471800 10.205970 73.107368 15.007464
62.314330 7.007367 70.054871 11.862660
59.206170 3.808043 67.011040 8.680523
56.091860 0.584754 63.940281 5.476521
53.008120 -2.625659 60.941868 2.335902
49.955730 -5.822352 57.927338 -0.825446
46.935070 -9.021045 54.953983 -3.962734
43.893000 -12.216550 51.970783 -7.078525
40.929340 -15.293680 49.065937 -10.122614
38.089530 -18.317430 46.254536 -13.135666
35.418750 -21.291630 43.568581 -16.113102
32.866820 -24.157290 41.014790 -18.968359
30.511610 -26.943030 38.608410 -21.754847
28.282770 -29.552800 36.390331 -24.355999
26.270910 -31.981160 34.330650 -26.797445
24.406470 -34.119140 32.427238 -28.942820
22.621160 -35.934900 30.635073 -30.766901
20.883450 -37.415600 28.899952 -32.247963
19.174900 -38.513760 27.185585 -33.378185
17.516050 -39.260550 25.493176 -34.136200
15.838890 -39.714580 23.792524 -34.651337
14.191360 -39.829780 22.150326 -34.809555
12.634270 -39.672360 20.534943 -34.682484
11.172310 -39.260550 19.023529 -34.308636
9.789695 -38.629800 17.575027 -33.677547
8.497673 -37.738490 16.224195 -32.787659
7.308945 -36.616890 14.999596 -31.624308
6.256320 -35.282630 13.945846 -30.234886
5.377697 -33.729560 13.086060 -28.621695
4.666734 -31.994970 12.420758 -26.829428
4.118069 -30.087400 11.879030 -24.883461
3.675026 -28.058910 11.439232 -22.784887
3.306982 -25.913550 11.078918 -20.573488
2.950683 -23.671670 10.726701 -18.261873
2.589654 -21.354230 10.367222 -15.868104
2.235350 -18.941910 10.007664 -13.388067
1.883217 -16.438970 9.670352 -10.812344
1.539703 -13.883430 9.347164 -8.183045
1.229057 -11.374200 9.007545 -5.607026
0.914029 -8.934948 8.693084 -3.089471
0.572467 -6.591425 8.368284 -0.701879
0.172462 -4.328516 8.036592 1.621156
-0.233814 -2.148095 7.697683 3.824144
-0.652500 -0.027237 7.333308 5.983724
-1.128803 2.027763 6.918366 8.053615
-1.682534 4.091749 6.446523 10.120812
-2.326851 6.156888 5.891973 12.206852
-3.006582 8.222648 5.280536 14.296305
