0.000000 0.000000 0.000000 0.000000
0.059875 0.430540 0.056222 0.436929
0.240194 0.981257 0.235071 0.992627
0.531827 1.620036 0.528983 1.623700
0.999102 2.286905 0.994635 2.291375
1.634196 2.948016 1.603043 2.926847
2.465897 3.579897 2.419461 3.564950
3.507611 4.202254 3.457068 4.192819
4.794196 4.791823 4.747168 4.791143
6.329744 5.330723 6.309217 5.332468
8.109243 5.878028 8.125726 5.894215
10.112010 6.449695 10.154009 6.457389
12.311460 7.000760 12.385593 7.029222
14.649940 7.512325 14.775916 7.527799
17.045990 7.933466 17.180891 7.954025
19.495760 8.228210 19.646786 8.233088
21.992720 8.306307 22.186905 8.311869
24.504830 8.124873 24.718292 8.111522
26.991550 7.679836 27.248066 7.644794
29.438030 6.997717 29.676441 6.948452
31.783040 6.157692 32.010201 6.101637
34.061480 5.135804 34.274590 5.075585
36.249090 3.963231 36.444931 3.894276
38.339410 2.756405 38.522648 2.681878
40.387000 1.476584 40.573902 1.394037
42.507450 0.121543 42.693478 0.029873
44.798470 -1.255569 44.947800 -1.327479
47.253440 -2.652713 47.372177 -2.729258
49.829130 -4.119797 49.916485 -4.201136
52.496600 -5.654198 52.548573 -5.736765
55.197500 -7.201418 55.210625 -7.278244
57.889050 -8.733355 57.864010 -8.815603
60.568300 -10.237180 60.514240 -10.328664
63.209030 -11.720560 63.139683 -11.826473
65.794730 -13.245590 65.723808 -13.362397
68.306160 -14.789450 68.238007 -14.912050
70.774870 -16.359280 70.680473 -16.491400
73.207180 -17.930420 73.105217 -18.066883
75.585180 -19.500110 75.488060 -19.661592
77.976200 -21.045650 77.883011 -21.207813
80.359750 -22.550030 80.277641 -22.727797
82.721600 -24.045560 82.644135 -24.238989
85.130890 -25.457240 85.056229 -25.663115
87.583520 -26.763470 87.494019 -26.972023
90.052030 -27.962520 89.967705 -28.180082
92.567280 -29.055560 92.476555 -29.272488
95.091560 -30.042180 95.001129 -30.264721
97.627970 -30.999950 97.524612 -31.234320
100.184800 -31.914080 100.069130 -32.165874
102.738700 -32.746220 102.618515 -33.016956
105.306500 -33.553570 105.178528 -33.842308
107.889600 -34.298460 107.752747 -34.601280
110.487000 -34.993230 110.326996 -35.309608
113.094500 -35.631080 112.922668 -35.950096
115.714700 -36.218190 115.513451 -36.548874
118.336800 -36.794500 118.124435 -37.124054
120.956100 -37.311260 120.744530 -37.658566
123.575400 -37.808670 123.359428 -38.164391
126.178100 -38.305940 125.945625 -38.661900
128.749000 -38.789160 128.495255 -39.131756
131.294400 -39.254810 130.996414 -39.602581
133.800300 -39.697620 133.493378 -40.065041
136.267300 -40.152820 135.956223 -40.538132
138.705700 -40.571180 138.381836 -40.970493
141.108200 -40.918610 140.776428 -41.330791
143.486200 -41.184130 143.150818 -41.611790
145.827400 -41.344840 145.492523 -41.781670
148.116900 -41.390150 147.784439 -41.830353
150.394500 -41.337850 150.082413 -41.799404
152.640300 -41.243160 152.338013 -41.741150
154.896300 -41.171990 154.601212 -41.711330
157.139500 -41.129290 156.820679 -41.704659
159.364300 -41.123040 159.052719 -41.748718
161.541500 -41.143410 161.228836 -41.802097
163.691100 -41.184580 163.380768 -41.880703
165.794600 -41.169840 165.453049 -41.879959
167.853000 -41.036680 167.500610 -41.770065
169.861400 -40.814300 169.507797 -41.560844
171.785700 -40.498720 171.436966 -41.262535
173.656900 -40.100850 173.302872 -40.872429
175.466100 -39.643440 175.113525 -40.429726
177.238400 -39.176700 176.888489 -39.976780
179.051200 -38.637820 178.716171 -39.452564
180.842400 -38.130090 180.529266 -38.961796
182.654500 -37.585090 182.349213 -38.426861
184.499200 -36.994200 184.193253 -37.861279
186.326400 -36.336250 186.036652 -37.237186
188.179600 -35.586660 187.894714 -36.524715
190.033300 -34.744990 189.772812 -35.710876
191.950900 -33.866980 191.671967 -34.854595
193.922400 -32.984310 193.649765 -33.979816
195.981900 -32.091960 195.681839 -33.101917
198.044700 -31.179470 197.745880 -32.203423
200.096400 -30.282730 199.791611 -31.321701
202.149000 -29.377620 201.871338 -30.440611
204.205200 -28.490440 203.934128 -29.565746
206.280400 -27.683360 206.013840 -28.787453
208.395100 -26.949400 208.113022 -28.085293
210.511400 -26.248260 210.239120 -27.397099
212.653100 -25.542730 212.370926 -26.717869
214.826000 -24.841570 214.541504 -26.028645
217.025900 -24.115450 216.740631 -25.306955
219.237300 -23.317850 218.955658 -24.540785
221.445500 -22.466040 221.141830 -23.725685
223.667300 -21.584010 223.364288 -22.886354
225.887600 -20.687600 225.535309 -22.039351
228.072000 -19.761640 227.739075 -21.130260
230.220200 -18.813360 229.928680 -20.208658
232.380100 -17.819580 232.110092 -19.236834
234.567900 -16.817990 234.307373 -18.250406
236.713000 -15.809910 236.455719 -17.276962
238.851800 -14.765210 238.606216 -16.256546
241.017000 -13.683470 240.769669 -15.213176
243.189400 -12.578710 242.958450 -14.141295
245.303900 -11.468690 245.078827 -13.063054
247.468200 -10.349670 247.255417 -11.966937
249.645100 -9.231011 249.447922 -10.865116
251.806300 -8.090111 251.609390 -9.756001
253.960700 -6.938930 253.782104 -8.642289
256.101100 -5.755645 255.938797 -7.486673
258.215000 -4.543629 258.093781 -6.291018
260.307600 -3.272954 260.199158 -5.042325
262.344400 -1.883065 262.251221 -3.673070
264.302700 -0.414263 264.208649 -2.242296
266.252100 1.068534 266.185822 -0.794251
268.265900 2.447327 268.239532 0.573628
270.324900 3.759467 270.340057 1.864257
272.419700 5.022290 272.458496 3.094816
274.560900 6.266911 274.647583 4.309301
276.693900 7.483336 276.823395 5.513671
278.872400 8.703796 279.021027 6.701217
281.097600 9.935075 281.273010 7.910909
283.337500 11.219770 283.528961 9.169492
285.578400 12.544850 285.772736 10.453910
287.831600 13.911530 288.032837 11.802032
290.088700 15.396350 290.300385 13.254465
292.311900 16.932960 292.546844 14.760620
294.493900 18.481610 294.768036 16.315321
296.720900 20.090920 296.994293 17.937986
298.978300 21.804860 299.190155 19.673151
301.361000 23.633810 301.328217 21.431164
303.645300 25.487530 303.461884 23.246527
305.870300 27.427630 305.573486 25.120333
308.019400 29.387000 307.688416 27.036081
310.140700 31.374480 309.787506 28.985685
312.194800 33.399420 311.838287 30.971926
314.189200 35.447230 313.834900 32.964287
316.138800 37.517350 315.792053 34.987408
318.049100 39.628100 317.721008 37.068596
319.943200 41.728570 319.611359 39.129910
321.828600 43.822610 321.521362 41.201771
323.748400 45.934260 323.456665 43.270752
325.706500 48.018020 325.423340 45.315308
327.739600 50.080930 327.500458 47.382919
329.840400 52.117880 329.617188 49.392269
331.997600 54.088750 331.794098 51.314301
334.230000 56.046050 334.053711 53.248558
336.499800 57.995180 336.333282 55.158623
338.816900 59.925620 338.669189 57.066017
341.178100 61.833440 341.051605 58.929138
343.554900 63.722300 343.445496 60.786663
345.957800 65.576790 345.884796 62.605541
348.386500 67.418200 348.336731 64.432518
350.801500 69.229240 350.769714 66.219421
353.254100 71.038830 353.219025 68.004837
355.698600 72.844900 355.662292 69.795181
358.141800 74.650950 358.113220 71.584442
360.583100 76.452920 360.540375 73.375313
363.026300 78.255900 362.985474 75.137077
365.452200 80.044720 365.436615 76.904465
367.845000 81.823410 367.829529 78.630852
370.166400 83.579750 370.169739 80.369209
372.393300 85.288160 372.402344 82.043404
374.497600 86.944540 374.525330 83.678879
376.478000 88.495560 376.523712 85.213142
378.371000 89.933730 378.417450 86.634308
380.183400 91.300940 380.258270 88.001160
381.933000 92.573690 382.016113 89.255638
383.660900 93.763590 383.756744 90.447784
385.476400 94.921870 385.613983 91.610146
387.358800 96.029350 387.526794 92.690765
389.297900 97.086300 389.490997 93.740463
391.333900 98.175050 391.550873 94.819290
393.414000 99.266980 393.659302 95.856369
395.549800 100.322500 395.819916 96.876472
397.704500 101.322500 398.005524 97.861633
399.824200 102.279600 400.143219 98.770432
401.916600 103.140900 402.237823 99.589333
403.950600 103.902700 404.279968 100.308052
405.959700 104.590800 406.285156 100.943192
408.011000 105.108200 408.334045 101.426132
410.135100 105.485400 410.486328 101.798820
412.361000 105.790800 412.726776 102.089111
414.624700 106.058600 414.991943 102.337387
416.897400 106.297800 417.263245 102.544838
419.163900 106.506600 419.538452 102.714844
421.493300 106.727000 421.880981 102.903030
423.737200 106.947800 424.119019 103.095024
425.977100 107.191600 426.325775 103.315796
428.102800 107.420100 428.449249 103.520203
430.149200 107.670800 430.493896 103.719322
432.117500 107.907600 432.479950 103.920425
434.025800 108.008100 434.398499 103.972786
435.758200 108.009100 436.157959 103.922165
437.299000 107.930500 437.716766 103.799675
438.581000 107.769400 438.991394 103.584267
439.666200 107.607000 440.085724 103.400208
440.608900 107.409000 441.017639 103.189926
441.398700 107.289400 441.779510 103.073189
441.992900 107.179100 442.366913 102.937210
442.448600 107.110700 442.820007 102.838318
442.905900 107.038600 443.272919 102.731415
443.346800 107.014100 443.713165 102.656998
443.836000 106.989300 444.200500 102.597252
444.473000 106.989500 444.826447 102.554222
445.205500 106.946300 445.576813 102.471947
446.012900 106.953300 446.395416 102.433571
446.902800 107.033600 447.284637 102.463135
447.889800 107.210000 448.217468 102.605835
448.987400 107.446500 449.263855 102.787933
450.189500 107.822200 450.464294 103.113586
451.491100 108.402100 451.751099 103.525116
452.928900 109.084800 453.203033 104.090271
454.502200 109.798100 454.753571 104.766525
456.158200 110.666600 456.393799 105.594757
457.971900 111.646100 458.146423 106.560898
459.877400 112.735800 460.033478 107.637741
461.883200 113.914900 462.026337 108.805870
463.988700 115.182000 464.127808 110.046906
466.175500 116.517700 466.326599 111.350861
468.435400 117.924700 468.600311 112.736557
470.781100 119.404400 470.952271 114.171989
473.219400 120.926800 473.408234 115.686974
475.743400 122.510800 475.938232 117.237259
478.344300 124.160400 478.530304 118.844208
480.992000 125.864000 481.187286 120.516533
483.679900 127.592900 483.938110 122.210541
486.447600 129.273600 486.733978 123.839073
489.320000 130.826500 489.664001 125.361061
492.282900 132.213200 492.690735 126.699341
495.358000 133.438200 495.799377 127.847725
498.513800 134.409800 499.032837 128.786209
501.751100 135.064200 502.265564 129.398605
505.042300 135.427700 505.593231 129.731476
508.395000 135.556900 508.927612 129.831802
511.770400 135.475700 512.319336 129.719879
515.185000 135.299200 515.773315 129.502304
518.623000 135.097900 519.212219 129.241913
522.144800 134.847000 522.769653 128.947235
525.734400 134.578800 526.397522 128.639679
529.399100 134.293800 530.068237 128.318710
533.133700 134.010400 533.792236 127.988930
536.936600 133.686300 537.667725 127.639549
540.806000 133.326000 541.557068 127.237411
544.802000 132.892300 545.532898 126.781578
548.848400 132.415900 549.502319 126.302773
552.948000 131.900800 553.567322 125.770630
557.104100 131.327900 557.722473 125.179321
561.317500 130.706600 561.914246 124.531555
565.599800 130.051200 566.252502 123.847443
569.941500 129.367300 570.589600 123.147369
574.351700 128.666500 574.973022 122.423820
578.779700 127.953800 579.389771 121.683449
583.237100 127.258900 583.796387 120.959030
587.713000 126.567300 588.232483 120.202621
592.202000 125.884700 592.673523 119.467697
596.683800 125.215200 597.112244 118.762375
601.149700 124.558400 601.528320 118.093170
605.601500 123.870200 605.939392 117.402649
610.038700 123.194200 610.378601 116.709679
614.483600 122.547100 614.809143 116.062080
618.926400 121.903400 619.247681 115.408745
623.350300 121.254400 623.640686 114.750099
627.741900 120.615400 627.985229 114.122040
632.071600 120.016600 632.275146 113.535088
636.318800 119.412600 636.526611 112.941093
640.484000 118.825100 640.679504 112.359512
644.497600 118.256100 644.714905 111.783958
648.278400 117.698400 648.511230 111.239532
651.817400 117.176000 652.060303 110.717422
655.064500 116.712400 655.320984 110.268593
657.980700 116.314200 658.244263 109.881790
660.526400 115.964600 660.780640 109.552574
662.701100 115.630800 662.977417 109.237671
664.544000 115.185100 664.841370 108.810089
666.220700 114.557800 666.531189 108.153389
667.731400 113.722400 667.956177 107.317520
668.815500 112.652100 669.143982 106.243309
669.721700 111.420600 669.996094 105.048195
670.375000 110.040000 670.599426 103.608910
670.743500 108.532100 670.982239 102.117004
670.853700 106.905800 671.069336 100.494049
670.479600 105.203700 670.774414 98.805817
669.886200 103.505000 670.152954 97.167206
668.934000 101.811700 669.219055 95.508965
667.713400 100.128500 667.959045 93.844421
666.284600 98.431790 666.530518 92.129112
664.691900 96.730170 664.930847 90.372437
662.951100 95.069520 663.178162 88.713737
661.045400 93.515090 661.260986 87.171341
658.978100 92.108080 659.210938 85.802925
656.784000 90.796840 657.027588 84.530998
654.501500 89.445100 654.754395 83.224617
652.178300 88.060580 652.410706 81.868935
649.787300 86.622730 650.021179 80.455467
647.361600 85.108610 647.574951 78.950310
644.842400 83.549870 645.028992 77.386856
642.252000 81.948280 642.445984 75.801491
639.681300 80.324390 639.877625 74.185638
637.149300 78.658370 637.371399 72.556999
634.666500 76.993840 634.897217 70.903481
632.251900 75.355150 632.454468 69.285187
629.879500 73.738570 630.082092 67.705750
627.590500 72.163550 627.793335 66.162201
625.387200 70.610050 625.571960 64.642883
623.318500 69.115660 623.501709 63.202133
621.410500 67.709240 621.600647 61.852314
619.670100 66.436970 619.872131 60.629810
618.153900 65.289110 618.355774 59.537235
616.867100 64.327580 617.070190 58.607925
615.819600 63.530860 616.040161 57.828728
614.973800 62.932120 615.193115 57.227768
614.330800 62.461620 614.528931 56.734661
613.811100 62.069300 614.001221 56.351410
613.313200 61.694250 613.492004 55.979687
612.830400 61.322490 612.986877 55.611000
612.348000 60.956790 612.493652 55.237206
611.900500 60.618970 612.027344 54.891933
611.476100 60.298910 611.580017 54.555836
611.109300 60.011850 611.210632 54.277283
610.766100 59.758400 610.859375 54.036602
610.434000 59.483890 610.520142 53.773228
610.127300 59.236310 610.182007 53.521935
609.810600 58.983200 609.843811 53.273937
609.426900 58.683240 609.444824 52.985744
608.885000 58.245010 608.893799 52.557915
608.141400 57.643250 608.150574 51.967552
607.226200 56.864850 607.245605 51.213055
606.175100 55.922830 606.223572 50.286446
604.988800 54.815760 605.058411 49.213802
603.721000 53.539790 603.806580 47.957798
602.357600 52.129810 602.461121 46.580849
600.872200 50.598950 600.973267 45.083248
599.313100 48.940800 599.407532 43.454082
597.636500 47.153860 597.694702 41.696339
595.881100 45.248230 595.900024 39.827744
594.057800 43.236600 594.040283 37.849754
592.228600 41.166150 592.170166 35.798412
590.416500 39.097260 590.345154 33.751667
588.589700 37.035950 588.519775 31.701639
586.727400 34.953000 586.647522 29.671841
584.835300 32.869090 584.742188 27.622566
582.909900 30.778460 582.799622 25.564968
580.956400 28.682870 580.835327 23.504511
578.981900 26.559660 578.827881 21.404448
576.989600 24.412110 576.815491 19.299572
575.013400 22.261790 574.826904 17.183058
573.061000 20.092300 572.831848 15.032759
571.135300 17.941960 570.884155 12.910919
569.253000 15.812370 568.992310 10.809463
567.402800 13.684550 567.118713 8.712858
565.597000 11.594760 565.285950 6.640251
563.776800 9.568871 563.439880 4.639955
562.016200 7.610878 561.633972 2.683634
560.357800 5.761759 559.958679 0.865298
558.790600 4.059161 558.372803 -0.813368
557.388800 2.556647 556.949707 -2.290879
556.166300 1.224300 555.708130 -3.603791
555.086800 0.038120 554.610352 -4.782579
554.091900 -1.065239 553.580078 -5.868544
553.156200 -2.093206 552.624084 -6.882422
552.265400 -3.039119 551.731506 -7.807283
551.446200 -3.918816 550.912415 -8.665229
550.714900 -4.709150 550.144287 -9.457344
550.055400 -5.411455 549.453674 -10.161829
549.472200 -6.063502 548.853638 -10.820284
548.991400 -6.627882 548.378418 -11.376081
548.582100 -7.090666 547.960449 -11.814943
548.257600 -7.479973 547.629028 -12.193384
547.987500 -7.803179 547.351624 -12.503542
547.768900 -8.070234 547.116699 -12.756834
547.592600 -8.293718 546.925293 -12.976515
547.438700 -8.468806 546.765686 -13.152251
547.312300 -8.609266 546.639648 -13.297391
547.212800 -8.727030 546.526733 -13.418236
547.137900 -8.816118 546.442261 -13.510189
547.093000 -8.878200 546.393433 -13.573338
547.069500 -8.915003 546.366089 -13.609499
547.040300 -8.948208 546.335693 -13.641411
546.977500 -9.002351 546.291565 -13.689624
546.906300 -9.075048 546.229065 -13.755876
546.823300 -9.175395 546.152954 -13.847328
546.717900 -9.307750 546.043823 -13.967599
546.577700 -9.471357 545.904175 -14.122197
546.411500 -9.667371 545.733582 -14.311829
546.222400 -9.896104 545.540649 -14.528669
546.013600 -10.141830 545.325500 -14.770083
545.783400 -10.398320 545.090454 -15.020747
545.569500 -10.646660 544.866760 -15.267320
545.387700 -10.868510 544.681824 -15.475377
545.242600 -11.049650 544.523743 -15.651129
